0.0	0.5	0.8660254037844386	0.0
-0.0973199575859785	0.49043738219366156	0.8660254037858772	0.009999999999999998
-0.20092957918125787	0.4578507444624092	0.8660254037874757	0.02
-0.2950578622613871	0.4036593339806616	0.8660254037890741	0.03
-0.37526314065038546	0.33042030091750024	0.8660254037906726	0.04000000000000001
-0.4377607381543166	0.24158960266746093	0.8660254037922711	0.05
-0.47960155747938343	0.1413589263082275	0.8660254037938696	0.06
-0.4988112403788075	0.03445789390911902	0.866025403795468	0.07
-0.4944833324270738	-0.07406911589822021	0.8660254037970666	0.08000000000000002
-0.46682205622081263	-0.1791009988836796	0.866025403798665	0.09
-0.4171326746514382	-0.275681576661786	0.8660254038002634	0.1
-0.3477598989813713	-0.3592534657178532	0.8660254038018618	0.11000000000000001
-0.26197724808477557	-0.4258731283527778	0.8660254038034602	0.12
-0.16383257969932105	-0.47239695785784924	0.8660254038050588	0.13
-0.057957082663038936	-0.4966296170494728	0.8660254038066573	0.14
0.050653256709626795	-0.4974276304583978	0.8660254038082557	0.15000000000000002
0.15687340208547396	-0.47475334193042634	0.8660254038098543	0.16000000000000003
0.25569110410125107	-0.4296766915213038	0.8660254038114527	0.17000000000000004
0.3424434152318165	-0.3643247278387942	0.8660254038130512	0.18
0.4130367220230156	-0.2817812382117646	0.8660254038146495	0.19
0.4641399119467596	-0.18594123287468722	0.8660254038162482	0.2
0.49334155984233613	-0.08132714967627004	0.8660254038178465	0.21000000000000002
0.499263716729092	0.027124547871258387	0.8660254038194449	0.22000000000000003
0.48162693159561615	0.1342963093252762	0.8660254038210434	0.23000000000000004
0.44126343795816364	0.23513098106198552	0.8660254038226419	0.24
0.3800778829492991	0.3248704400585567	0.8660254038242403	0.25
0.30095745202781055	0.39928011720748247	0.8660254038258388	0.26
0.20763563028851087	0.45484881549831147	0.8660254038274373	0.27
0.10451602911749268	0.488954394172163	0.8660254038290358	0.28
-0.003535408650260673	0.4999875006494287	0.8660254038306342	0.2899999999999999
-0.11142001977867476	0.48742751164633485	0.8660254038322328	0.29999999999999993
-0.21404701314218239	0.45186710001875546	0.8660254038338312	0.30999999999999994
-0.30657369077313273	0.3949842680885158	0.8660254038354297	0.31999999999999995
-0.38463396204541034	0.31946316712598033	0.8660254038370282	0.32999999999999996
-0.44454436801080605	0.22886743930934494	0.8660254038386267	0.33999999999999997
-0.48347789414142656	0.12747205882053741	0.8660254038402251	0.35
-0.4995973697118582	0.020061607054253344	0.8660254038418236	0.36
-0.4921421590550012	-0.08829549919740984	0.8660254038434221	0.37
-0.46146405395915907	-0.19248617300639415	0.8660254038450205	0.38
-0.40901067353854487	-0.2875939304363818	0.866025403846619	0.39
-0.3372571548936618	-0.36913088649226367	0.8660254038482174	0.4
-0.2495893578996863	-0.4332495266125348	0.8660254038498159	0.41000000000000003
-0.15014409538178447	-0.4769242607647259	0.8660254038514144	0.41999999999999993
-0.04361392779528569	-0.4980941930834906	0.8660254038530129	0.42999999999999994
0.06497426636350932	-0.49576037012752555	0.8660254038546112	0.43999999999999995
0.17049649573581904	-0.4700329188657903	0.8660254038562097	0.44999999999999996
0.2679734437794944	-0.42212585007539905	0.8660254038578082	0.45999999999999996
0.35280542962394384	-0.3542997723651765	0.8660254038594066	0.47
0.42098945491593515	-0.2697552199994778	0.8660254038610052	0.48
0.46930809478632846	-0.1724816281017802	0.8660254038626037	0.49
0.49548131966969144	-0.06706908170108426	0.8660254038642022	0.5
0.4982740839043331	0.04150827831137706	0.8660254038658006	0.51
0.4775546042896157	0.14812697181167556	0.866025403867399	0.52
0.43430057858867605	0.24775594299850998	0.8660254038689975	0.53
0.37055305054174037	0.33569396268771584	0.866025403870596	0.54
0.2893200983787659	0.40779146695597224	0.8660254038721945	0.55
0.194434891517249	0.46064636415140564	0.8660254038737929	0.56
0.09037481337640361	0.49176457065311785	0.8660254038753914	0.5700000000000001
-0.017949814573491565	0.4996777001192607	0.8660254038769899	0.5799999999999998
-0.12542743797000575	0.48401235277749716	0.8660254038785883	0.5900000000000001
-0.22698647036850267	0.4455077351784234	0.8660254038801868	0.5999999999999999
-0.3178346080711668	0.3859807789821126	0.8660254038817853	0.6100000000000001
-0.39368496633751987	0.30824040473054104	0.8660254038833838	0.6199999999999999
-0.45095836620332896	0.2159549762730127	0.8660254038849823	0.6300000000000001
-0.4869522265247545	0.1134792003217715	0.8660254038865808	0.6399999999999999
-0.4999680916763174	0.005648639292564749	0.8660254038881793	0.6500000000000001
-0.48939177720590027	-0.10244846617103605	0.8660254038897778	0.6599999999999999
-0.4557223515840867	-0.20571129789452225	0.8660254038913762	0.6700000000000002
-0.4005485864752827	-0.29926715436990925	0.8660254038929746	0.6799999999999999
-0.3264739867803979	-0.3787013807275518	0.866025403894573	0.6900000000000002
-0.23699393808626906	-0.4402656846914539	0.8660254038961716	0.7
-0.13633076861061974	-0.4810550086359585	0.86602540389777	0.71
-0.029234508635727904	-0.49914461161647666	0.8660254038993684	0.72
0.07924125093079734	-0.49368089283371036	0.8660254039009669	0.73
0.18397782422295272	-0.4649216708108869	0.8660254039025653	0.74
0.2800329677432011	-0.4142240176155471	0.8660254039041638	0.75
0.362874091837901	-0.34398022219697416	0.8660254039057624	0.76
0.4285921416849919	-0.25750490456098957	0.8660254039073608	0.77
0.4740860553125063	-0.1588786075673847	0.8660254039089593	0.78
0.497209094559035	-0.052755246841805686	0.8660254039105578	0.79
0.4968701440028835	0.055857495265544274	0.8660254039121563	0.8
0.4730851978298145	0.16183446904273222	0.8660254039137547	0.81
0.42697660510946406	0.2601748997548497	0.8660254039153533	0.8200000000000001
0.360720109093856	0.3462383610546313	0.8660254039169517	0.8300000000000001
0.27744217961426487	0.4159637445001644	0.8660254039185501	0.8399999999999999
0.1810724831906527	0.4660608925839135	0.8660254039201486	0.8500000000000001
0.07615845240132528	0.49416585261429163	0.8660254039217471	0.8599999999999999
-0.03234929550336677	0.49895242542735674	0.8660254039233456	0.8700000000000001
-0.13933056521182363	0.48019474523821193	0.866025403924944	0.8799999999999999
-0.2397371919048447	0.4387779376534884	0.8660254039265426	0.8900000000000001
-0.3288312508796997	0.37665635292132305	0.866025403928141	0.8999999999999999
-0.40240862775888664	0.29676134528193104	0.8660254039297394	0.9100000000000001
-0.4569973995932169	0.2028629500687612	0.866025403931338	0.9199999999999999
-0.49002166577666084	0.0993919856540803	0.8660254039329364	0.9300000000000002
-0.49992309802281076	-0.008769025219537402	0.8660254039345349	0.94
-0.48623447377921714	-0.1165162488492696	0.8660254039361333	0.9500000000000002
-0.44960172323110237	-0.21876537706436003	0.8660254039377319	0.96
-0.3917534495543245	-0.31069154235995394	0.8660254039393303	0.97
-0.31541936067671844	-0.387956990708044	0.8660254039409289	0.98
-0.22420146153850737	-0.4469157687642938	0.8660254039425272	0.99
-0.12240408495033551	-0.4847857668196179	0.8660254039441256	1.0
-0.014830781445810171	-0.4997799992420184	0.8660254039457242	1.0099999999999998
0.09344234763765198	-0.49119092762981775	0.8660254039473226	1.02
0.19730617803374628	-0.45942384768841027	0.8660254039489211	1.0299999999999998
0.2918596486874077	-0.405977764391601	0.8660254039505195	1.04
0.3726410299390486	-0.3333746578783934	0.8660254039521181	1.0499999999999998
0.43583846081545974	-0.24504047784154565	0.8660254039537166	1.06
0.47846982072614547	-0.14514348196982074	0.866025403955315	1.0699999999999998
0.4985234478927527	-0.038397546827716074	0.8660254039569135	1.08
0.49505306437887764	0.07016026758485931	0.866025403958512	1.0899999999999999
0.4682224284577163	0.17540740344947314	0.8660254039601105	1.1
0.41929760728973053	0.27237752516326635	0.8660254039617089	1.1099999999999999
0.3505872345423461	0.3564948676575024	0.8660254039633074	1.12
0.26533357203754365	0.4237901547195488	0.8660254039649059	1.13
0.16755951594171445	0.4710878987004774	0.8660254039665043	1.1400000000000001
0.06187876687344314	0.4961562434275179	0.8660254039681029	1.15
-0.046721878497362514	0.49781227962836894	0.8660254039697013	1.1599999999999997
-0.15311784127195735	0.4759778633093798	0.8660254039712999	1.17
-0.2522885757263321	0.43168330316512943	0.8660254039728983	1.1799999999999997
-0.3395544756628387	0.36701874302022297	0.8660254039744968	1.19
-0.41079769272200184	0.28503553343806265	0.8660254039760952	1.1999999999999997
-0.46265644681907336	0.18960224651101187	0.8660254039776938	1.21
-0.4926836597066906	0.08522212811544827	0.8660254039792922	1.2199999999999998
-0.49946242616298	-0.023179398420256556	0.8660254039808906	1.23
-0.48267287402332726	-0.13048715009160014	0.8660254039824891	1.2399999999999998
-0.44310725810673673	-0.2316375562540056	0.8660254039840876	1.25
-0.3826325757940815	-0.32185759520728363	0.8660254039856862	1.2599999999999998
-0.30410246833079485	-0.39689002053941647	0.8660254039872847	1.27
-0.2112225649999093	-0.4531942493906459	0.8660254039888832	1.2799999999999998
-0.10837562421981022	-0.4881134332489628	0.8660254039904816	1.29
-0.00041472269857829793	-0.4999998276454082	0.8660254039920801	1.2999999999999998
0.10756574849512758	-0.4882925448829513	0.8660254039936784	1.31
0.21047047485130838	-0.4535440208520913	0.8660254039952769	1.3199999999999998
0.3034436529126658	-0.3973939470337543	0.8660254039968754	1.33
0.38209812287180267	-0.32249189776973447	0.8660254039984738	1.3399999999999999
0.44272238710687334	-0.2323723038163182	0.8660254040000723	1.35
0.48245574599526475	-0.13128767185038878	0.8660254040016708	1.3599999999999999
0.4994232868068181	-0.024007919860932377	0.8660254040032693	1.37
0.4928243559056198	0.08440470273874945	0.8660254040048677	1.38
0.46297033948981997	0.18883448935011268	0.8660254040064661	1.3900000000000001
0.4112699700956947	0.28435367293241487	0.8660254040080647	1.4
0.3401628522133879	0.36645495437222925	0.8660254040096631	1.4099999999999997
0.25300434376574643	0.4312641900770283	0.8660254040112616	1.42
0.15390722559057257	0.4757232026245674	0.86602540401286	1.4299999999999997
0.04754763012707913	0.49773408811421826	0.8660254040144585	1.44
-0.06105561297840587	0.49625821073575843	0.866025404016057	1.4499999999999997
-0.1667778022468781	0.47136521326224096	0.8660254040176554	1.46
-0.26463018555445866	0.42422973079064236	0.866025404019254	1.4699999999999998
-0.34999536622762906	0.3570759628002244	0.8660254040208524	1.48
-0.418845185851175	0.2730727190274515	0.8660254040224509	1.4899999999999998
-0.4679308024721016	0.1761838916666251	0.8660254040240494	1.5
-0.49493599490881646	0.07098140971996442	0.8660254040256479	1.5099999999999998
-0.4985864591383762	-0.03757049831052597	0.8660254040272463	1.52
-0.47870993935263717	-0.14434955331302773	0.8660254040288446	1.5299999999999998
-0.4362443562568985	-0.2443171324486103	0.8660254040304433	1.54
-0.37319354905799357	-0.3327560285143426	0.8660254040320416	1.5499999999999998
-0.29253271956102855	-0.4054930425477102	0.8660254040336401	1.56
-0.19806804021924454	-0.4590959061125567	0.8660254040352385	1.5699999999999998
-0.09425705086393926	-0.4910352410217273	0.866025404036837	1.58
0.014001680879434875	-0.4998039140429123	0.8660254040384355	1.5899999999999999
0.1215997101171632	-0.4849881545529929	0.8660254040400339	1.6
0.2234597687695576	-0.44728707928575695	0.8660254040416324	1.6099999999999999
0.3147753485014024	-0.3884797028514866	0.8660254040432308	1.62
0.39123750721196027	-0.3113409907152628	0.8660254040448294	1.63
0.4492381966827124	-0.2195109158731883	0.8660254040464279	1.6400000000000001
0.48604051688570815	-0.11732269809770979	0.8660254040480264	1.65
0.4999078630994339	-0.009598330690372546	0.8660254040496248	1.6600000000000001
0.49018587171934724	0.09857895670303622	0.8660254040512234	1.67
0.45733329795577105	0.20210456233357235	0.8660254040528217	1.6799999999999997
0.40290036838176224	0.29609338508352157	0.8660254040544202	1.69
0.3294556298173142	0.3761103395431804	0.8660254040560187	1.6999999999999997
0.2404647463586806	0.4383796360296592	0.8660254040576172	1.71
0.14012696380234946	0.4799629501738727	0.8660254040592157	1.7199999999999998
0.03317695827745055	0.49889807472144054	0.8660254040608141	1.73
-0.07533858067133166	0.49429151093354246	0.8660254040624126	1.7399999999999998
-0.1802990900935444	0.4663606304430151	0.8660254040640111	1.75
-0.27675175953448755	0.4164234180585466	0.8660254040656095	1.7599999999999998
-0.3601452411375857	0.3468362795270696	0.866025404067208	1.77
-0.4265444157823292	0.26088284894253205	0.8660254040688063	1.7799999999999998
-0.47281608100851197	0.16261904268702398	0.866025404070405	1.79
-0.49677679860181306	0.056681671401406064	0.8660254040720033	1.7999999999999998
-0.49729592530195976	-0.05193035891674906	0.8660254040736018	1.81
-0.47434896488523204	-0.15809193214296222	0.8660254040752002	1.8199999999999998
-0.42901872407683705	-0.25679356277971666	0.8660254040767987	1.83
-0.3634442177486879	-0.34337778040504197	0.8660254040783971	1.8399999999999999
-0.2807197344319397	-0.4137589034553112	0.8660254040799956	1.85
-0.18474882497737882	-0.4646158317952472	0.8660254040815942	1.8599999999999999
-0.08006010425481196	-0.4935487607007555	0.8660254040831925	1.87
0.028406442275015518	-0.4991924213337483	0.8660254040847911	1.88
0.13553256348505527	-0.48128050418874757	0.8660254040863896	1.8900000000000001
0.23626325939461054	-0.44065822553819634	0.866025404087988	1.9
0.32584531332674244	-0.3792424438989725	0.8660254040895866	1.9100000000000001
0.40005158370504595	-0.29993120851919397	0.866025404091185	1.92
0.45538047174973934	-0.20646700805435192	0.8660254040927835	1.9299999999999997
0.4892211527168946	-0.10326017236822362	0.866025404094382	1.94
0.49997677385315437	0.004819239336810877	0.8660254040959806	1.9499999999999997
0.48713980567836285	0.1126712438081343	0.866025404097579	1.96
0.4513159909672137	0.21520658854258712	0.8660254040991773	1.9699999999999998
0.39419576134044837	0.3075869002303449	0.8660254041007759	1.98
0.31847447024151565	0.3854529948692904	0.8660254041023743	1.9899999999999998
0.2277252062947618	0.44513057619597285	0.8660254041039728	2.0
0.1262301886484298	0.4838036160649938	0.8660254041055712	2.0100000000000007
0.01877870031266252	0.49964723541272665	0.8660254041071698	2.0199999999999996
-0.08955890551265754	0.49191381550188207	0.8660254041087682	2.0300000000000002
-0.19367046207329694	0.46096827608393165	0.8660254041103668	2.04
-0.28864321876786864	0.4082708557955513	0.8660254041119652	2.05
-0.36999566093100106	0.3363082073369165	0.8660254041135635	2.0600000000000005
-0.4338889807266181	0.24847605886923307	0.8660254041151622	2.0699999999999994
-0.47730822039592435	0.1489189785315395	0.8660254041167605	2.08
-0.4982045401864101	0.042334803168084835	0.8660254041183592	2.09
-0.49559189771254547	-0.0662470402398628	0.8660254041199577	2.1000000000000005
-0.469593576703209	-0.17170286000874546	0.8660254041215562	2.1099999999999994
-0.42143636956666697	-0.26905647329100746	0.8660254041231545	2.12
-0.35339268828258824	-0.3537140190591316	0.866025404124753	2.13
-0.2686733352557976	-0.4216807303284268	0.8660254041263514	2.1400000000000006
-0.17127599399335453	-0.46974943670706987	0.8660254041279499	2.1499999999999995
-0.06579658893136842	-0.49565190233393536	0.8660254041295484	2.16
0.042787584154469885	-0.4981658579647023	0.8660254041311468	2.17
0.149352723649244	-0.4771726766436523	0.8660254041327453	2.1800000000000006
0.2488703008243491	-0.4336629713977716	0.8660254041343437	2.1899999999999995
0.3366443428861582	-0.3696898508127112	0.8660254041359423	2.2
0.4085330235844059	-0.2882720382371356	0.8660254041375407	2.21
0.46114410510241705	-0.1932514261653238	0.8660254041391391	2.2200000000000006
0.49199500884001485	-0.08911178743233553	0.8660254041407376	2.2299999999999995
0.49962996176994595	0.019232802236434123	0.8660254041423361	2.24
0.4836886905391725	0.12666984653750618	0.8660254041439346	2.25
0.4449234218210926	0.2281296738470825	0.8660254041455331	2.2600000000000007
0.3851633867167313	0.31882466169462986	0.8660254041471316	2.2699999999999996
0.3072285041488546	0.39447515207866524	0.8660254041487301	2.2800000000000002
0.21479631630278573	0.4515113972747686	0.8660254041503286	2.29
0.11222845508040268	0.4872420068443994	0.866025404151927	2.3000000000000007
0.00436482815928104	0.4999809472728566	0.8660254041535254	2.3099999999999996
-0.1037047635245404	0.4891271014575594	0.8660254041551239	2.3200000000000003
-0.20688080009946186	0.45519263384351066	0.8660254041567222	2.33
-0.3002946756923529	0.3997788227298211	0.8660254041583207	2.34
-0.3795384351380899	0.32550050015718635	0.8660254041599192	2.3500000000000005
-0.4408727737934309	0.23586266485937576	0.8660254041615179	2.3599999999999994
-0.48140348549096773	0.1350950905890326	0.8660254041631162	2.37
-0.4992180325180389	0.027952734216188612	0.8660254041647146	2.38
-0.49347579324255775	-0.08050863818375265	0.8660254041663131	2.3900000000000006
-0.46444772883745816	-0.18517101963734028	0.8660254041679115	2.3999999999999995
-0.4135035973353932	-0.2810956675648447	0.8660254041695101	2.41
-0.34304731834885377	-0.3637561500565019	0.8660254041711085	2.42
-0.2564035384245147	-0.42925193629253183	0.8660254041727069	2.4300000000000006
-0.1576607497146057	-0.47449245233634557	0.8660254041743055	2.4399999999999995
-0.051478364782533585	-0.49734291719223117	0.866025404175904	2.45
0.05713314882437529	-0.49672507750727185	0.8660254041775025	2.46
0.1630486993639125	-0.4726680875119044	0.8660254041791009	2.4700000000000006
0.2612704105022383	-0.426307133308426	0.8660254041806995	2.4799999999999995
0.3471634579566366	-0.3598298664236728	0.8660254041822979	2.49
0.4166747746664543	-0.2763731742857447	0.8660254041838964	2.5
0.46652430437055503	-0.17987515875439883	0.8660254041854948	2.5100000000000007
0.4943597788375949	-0.07488930744923518	0.8660254041870932	2.5199999999999996
0.49886771521878065	0.03363037335812264	0.8660254041886918	2.5300000000000002
0.47983539584978246	0.1405631252737606	0.8660254041902902	2.54
0.43816090583798745	0.240863072905562	0.8660254041918888	2.5500000000000007
0.3758107547877145	0.3297973254551884	0.8660254041934872	2.5599999999999996
0.29572708238272327	0.4031693093901623	0.8660254041950858	2.5700000000000003
0.2016888265506751	0.4575167937142652	0.8660254041966842	2.58
0.09813340531868674	0.49027526354463324	0.8660254041982828	2.59
-0.010052673275545458	0.49989893282587405	0.8660254041998812	2.6000000000000005
-0.11776439264936292	0.485933685909498	0.8660254042014796	2.6099999999999994
-0.21991911998452418	0.4490385060772937	0.866025404203078	2.62
-0.31169644230545557	0.39095437985300596	0.8660254042046764	2.63
-0.38876562909277246	0.314422144426023	0.866025404206275	2.6400000000000006
-0.44748998806913304	0.2230531547512306	0.8660254042078736	2.6499999999999995
-0.4850984711454605	0.12115887320438988	0.866025404209472	2.66
-0.49981643289397615	0.01354742300932116	0.8660254042110704	2.67
-0.490949371399677	-0.09470329445455174	0.866025404212669	2.6800000000000006
-0.45891569997954423	-0.19848521246631887	0.8660254042142674	2.6899999999999995
-0.4052270033582755	-0.29290113520097233	0.8660254042158658	2.7
-0.3324167099597298	-0.37349582352353866	0.8660254042174644	2.71
-0.24392054608099525	-0.4364662260092503	0.8660254042190628	2.7200000000000006
-0.143914413002415	-0.47884093494041474	0.8660254042206613	2.7299999999999995
-0.037117337186288166	-0.49862039922356866	0.8660254042222597	2.74
0.0714312081735258	-0.49487127794788555	0.8660254042238581	2.75
0.17660910264083662	-0.467770482288625	0.8660254042254567	2.7600000000000007
0.2734532779322555	-0.4185968275339297	0.8660254042270551	2.7699999999999996
0.35739391205957294	-0.349670689153883	0.8660254042286536	2.7800000000000002
0.42447006721333963	-0.26424451038334096	0.866025404230252	2.79
0.4715165960032003	-0.16634932797764734	0.8660254042318505	2.8000000000000007
0.4963134964407012	-0.06060455818746274	0.866025404233449	2.8099999999999996
0.49769066799582845	0.04799998134779637	0.8660254042350475	2.8200000000000003
0.47558312556431115	0.15433952797399228	0.8660254042366459	2.83
0.4310340659438146	0.2533961980968316	0.8660254042382443	2.84
0.3661456421200392	0.3404957679145528	0.8660254042398429	2.8500000000000005
0.2839797681947664	0.41152823774863234	0.8660254042414414	2.8599999999999994
0.18841363571039135	0.4631417721217461	0.8660254042430399	2.87
0.08395675917584697	0.4929008640605123	0.8660254042446383	2.88
-0.024461816065759034	0.49940126026563775	0.8660254042462369	2.8900000000000006
-0.13172610252631653	0.48233622413271005	0.8660254042478353	2.8999999999999995
-0.23277458057028066	0.4425110098460091	0.8660254042494336	2.91
-0.32283903821734655	0.3818048645509051	0.8660254042510321	2.92
-0.39766957052826135	0.30308235162235364	0.8660254042526305	2.9300000000000006
-0.4537351214440753	0.21005817945138314	0.8660254042542291	2.9399999999999995
-0.48839010503697894	0.10712191412357862	0.8660254042558274	2.95
-0.4999992437538396	-0.000869152662431688	0.8660254042574258	2.96
-0.48801473286412855	-0.10881920641847506	0.8660254042590244	2.9700000000000006
-0.4530020899247243	-0.2116343679534514	0.8660254042606228	2.9799999999999995
-0.39661346949335935	-0.3044630601384942	0.8660254042622213	2.99
-0.32150970229926396	-0.3829249410747834	0.8660254042638197	3.0
-0.2312347376374356	-0.44331760091007577	0.8660254042654183	3.0100000000000007
-0.13004841371995807	-0.4827912688243989	0.8660254042670167	3.0199999999999996
-0.022725447111597612	-0.4994832862218312	0.8660254042686151	3.0300000000000002
0.0856698735900938	-0.4926060006919024	0.8660254042702137	3.04
0.19002265821765874	-0.4624839332557828	0.866025404271812	3.0500000000000007
0.2854087732514963	-0.4105384650725824	0.8660254042734106	3.0599999999999996
0.3673271987331109	-0.33922076619982006	0.866025404275009	3.0700000000000003
0.43191241956182164	-0.25189613132359057	0.8660254042766075	3.08
0.47611682898837215	-0.1526851803510322	0.8660254042782058	3.09
0.4978545371639567	-0.04626941719174729	0.8660254042798045	3.1000000000000005
0.496099798797507	0.06232967810205549	0.8660254042814028	3.1099999999999994
0.47093541537885614	0.16798759977572256	0.8660254042830012	3.12
0.4235488279941465	0.2657186283241737	0.8660254042845998	3.13
0.35617608510322535	0.3509110934858953	0.8660254042861982	3.1400000000000006
0.2719963292923395	0.41954498683651475	0.8660254042877968	3.1499999999999995
0.17498178189472607	0.46838165541611043	0.8660254042893952	3.16
0.06971030431058162	0.4951166252465645	0.8660254042909937	3.17
-0.03885061923538822	0.49848834339920045	0.8660254042925921	3.1800000000000006
-0.1455782842128908	0.4783377073603067	0.8660254042941906	3.1899999999999995
-0.24543649274317259	0.43561557266039697	0.8660254042957892	3.2
-0.33371319853457243	0.37233788450192845	0.8660254042973876	3.21
-0.4062428559571682	0.2914905506059178	0.8660254042989861	3.2200000000000006
-0.4596029811880377	0.19688854407780365	0.8660254043005845	3.2299999999999995
-0.49127565022375647	0.09299588485769462	0.8660254043021831	3.24
-0.49976631309340186	-0.015285005642768041	0.8660254043037815	3.25
-0.48467431774190445	-0.12284463691640124	0.8660254043053801	3.2600000000000007
-0.4467118157470232	-0.22460755278247424	0.8660254043069786	3.2699999999999996
-0.3876701577589081	-0.3157718288184508	0.866025404308577	3.2800000000000002
-0.3103353643731488	-0.3920356625471488	0.8660254043101755	3.29
-0.21835666114442537	-0.44980036418447567	0.866025404311774	3.3000000000000007
-0.11607428122794884	-0.48634016934782875	0.8660254043133725	3.3099999999999996
-0.008314661189083779	-0.4999308607101604	0.8660254043149709	3.3200000000000003
0.09983730584738335	-0.48993112928192106	0.8660254043165694	3.33
0.2032782129335821	-0.45681283609601325	0.8660254043181678	3.34
0.297126955653407	-0.40213874632634383	0.8660254043197665	3.3500000000000005
0.37695505860544437	-0.3284887865084326	0.8660254043213649	3.3599999999999994
0.43899564351289644	-0.23933830458985436	0.8660254043229633	3.37
0.4803211783047053	-0.138894077398782	0.8660254043245618	3.38
0.49898161965632787	-0.03189580390675869	0.8660254043261603	3.3900000000000006
0.49409643040670514	0.07660754870307457	0.8660254043277588	3.3999999999999995
0.46589612979158734	0.1814959925215807	0.8660254043293572	3.41
0.4157114158469268	0.2778201176803943	0.8660254043309558	3.42
0.3459103732674915	0.3610346419896304	0.8660254043325543	3.4300000000000006
0.25978672971681416	0.4272128908529217	0.8660254043341528	3.4399999999999995
0.1614044334792758	0.4732320867167956	0.8660254043357511	3.45
0.0554058864264418	0.4969207047322846	0.8660254043373495	3.46
-0.053207118720530466	0.49716094130273436	0.866025404338948	3.4700000000000006
-0.15930941983754887	0.4739414602963287	0.8660254043405465	3.4799999999999995
-0.2578943283221013	0.42835792796832484	0.8660254043421449	3.49
-0.3443098815636558	0.36256131135144165	0.8660254043437435	3.5
-0.4144783568273783	0.2796563797773321	0.866025404345342	3.5100000000000007
-0.46508868826789823	0.18355519897557812	0.8660254043469404	3.5199999999999996
-0.49375270742040817	0.07879253097830091	0.8660254043485388	3.5300000000000002
-0.4991178345909836	-0.029688149376285774	0.8660254043501373	3.54
-0.4809309035358596	-0.13676792402312105	0.8660254043517358	3.5500000000000007
-0.44005010771077424	-0.23739397995395736	0.8660254043533343	3.5599999999999996
-0.37840450437831186	-0.32681803817733096	0.8660254043549327	3.5700000000000003
-0.29890298746800215	-0.40082041251888595	0.8660254043565313	3.58
-0.20529702452042903	-0.4559091255166935	0.8660254043581297	3.59
-0.10200363479816904	-0.48948468565577313	0.8660254043597281	3.6000000000000005
0.0061030382390147644	-0.49996275053753136	0.8660254043613267	3.6099999999999994
0.11392172494794633	-0.48684888783165203	0.8660254043629251	3.62
0.21636474500305303	-0.45076190623768025	0.8660254043645236	3.63
0.30859808165338287	-0.39340465552957904	0.8660254043661221	3.6400000000000006
0.3862694862623734	-0.31748367355240215	0.8660254043677206	3.6499999999999995
0.4457138494771821	-0.22658147181795188	0.8660254043693191	3.66
0.4841261481018841	-0.12498748620650543	0.8660254043709176	3.67
0.49969380676655384	-0.01749566976626284	0.866025404372516	3.6800000000000006
0.4916822285929178	0.09082172132564567	0.8660254043741143	3.6899999999999995
0.46046945888947133	0.19485347419515103	0.866025404375713	3.7
0.407528346187408	0.28969060396718155	0.8660254043773113	3.71
0.33535704239113406	0.3708579958542308	0.8660254043789098	3.7200000000000006
0.2473611215585966	0.434525574056177	0.8660254043805083	3.7299999999999995
0.14769287981610493	0.4776890329664622	0.866025404382107	3.74
0.04105539942231048	0.4983116024540409	0.8660254043837053	3.75
-0.06751937731729868	0.4954201576903742	0.866025404385304	3.7600000000000007
-0.17290809217666292	0.46915113835130895	0.8660254043869023	3.7699999999999996
-0.2701377288124608	0.42074411038751236	0.8660254043885007	3.7800000000000002
-0.35462027632913584	0.3524832741666083	0.8660254043900992	3.79
-0.42236922544934036	0.2675896790638994	0.8660254043916976	3.8000000000000007
-0.4701876814044796	0.17006923061185217	0.8660254043932962	3.8099999999999996
-0.4958192169929011	0.06452366235115273	0.8660254043948947	3.8200000000000003
-0.4980543474464105	-0.04406660787513204	0.8660254043964932	3.83
-0.47678760283625826	-0.1505774907440561	0.8660254043980917	3.84
-0.43302250492172434	-0.24998301775454365	0.8660254043996901	3.8500000000000005
-0.36882421359697765	-0.3375925034655768	0.8660254044012886	3.8599999999999994
-0.2872220774257929	-0.40927188660843516	0.8660254044028871	3.87
-0.1920666866482879	-0.46163880556772496	0.8660254044044856	3.88
-0.0878481739522295	-0.4922222031324242	0.866025404406084	3.8900000000000006
0.02051566308202589	-0.49957892918818614	0.8660254044076825	3.8999999999999995
0.1279114199184792	-0.48336183917659425	0.866025404409281	3.91
0.22927137318018886	-0.44433617493407307	0.8660254044108795	3.92
0.31981261319035653	-0.3843434549417478	0.866025404412478	3.9300000000000006
0.39526273690364927	-0.3062145779104449	0.8660254044140764	3.9399999999999995
0.4520614513720251	-0.21363624011408971	0.866025404415675	3.95
0.4875285746073955	-0.11097696988645557	0.8660254044172734	3.96
0.49999050632236774	-0.003080988255696328	0.8660254044188719	3.9700000000000006
0.48885920072717676	0.10496037710844325	0.8660254044204703	3.9799999999999995
0.45465991486427765	0.20804893826020834	0.8660254044220689	3.99
0.3990064231096325	0.30132021706165085	0.8660254044236673	4.0
0.32452486740309416	0.3803729871153565	0.8660254044252657	4.01
0.234729836515661	0.4414769560652259	0.8660254044268642	4.020000000000001
0.1338585218465701	0.4817487882844845	0.8660254044284625	4.029999999999999
0.026670775502444493	0.4992881619023701	0.8660254044300612	4.040000000000001
-0.08177549460785836	0.4932674399964187	0.8660254044316597	4.049999999999999
-0.18636299414827776	0.463970724602642	0.8660254044332582	4.0600000000000005
-0.28215651401959446	0.41278045068747315	0.8660254044348566	4.07
-0.36463580990025907	0.34211215267665734	0.8660254044364551	4.08
-0.42990890069023224	0.2553004817371517	0.8660254044380535	4.09
-0.47489572086546755	0.15644185235673058	0.866025404439652	4.1
-0.49747346067120835	0.050201143315468384	0.8660254044412505	4.110000000000001
-0.4965767359325487	-0.05840842567794087	0.8660254044428489	4.119999999999999
-0.472247860732303	-0.16426185464250226	0.8660254044444474	4.130000000000001
-0.4256348507206926	-0.2623641985981248	0.8660254044460459	4.139999999999999
-0.3589372512753718	-0.3480862658855913	0.8660254044476444	4.15
-0.27530234673864606	-0.41738305754872174	0.8660254044492428	4.16
-0.1786766483447828	-0.4669846401992591	0.8660254044508415	4.17
-0.07361966873192666	-0.4945504455753623	0.8660254044524399	4.18
0.034911229470463594	-0.49877971580356	0.8660254044540383	4.190000000000001
0.1417947585490847	-0.4794728827425566	0.8660254044556368	4.199999999999999
0.24198736580808666	-0.43754098507904976	0.8660254044572353	4.210000000000001
0.33076122555905135	-0.37496267880762185	0.8660254044588338	4.219999999999999
0.4039273327839452	-0.2946908696569895	0.8660254044604322	4.23
0.45803317126713355	-0.20051337323318058	0.8660254044620307	4.24
0.49052562875760486	-0.09687417796071299	0.8660254044636291	4.25
0.4998714716228269	0.011336255046010942	0.8660254044652276	4.26
0.4856296941123573	0.1190117599836607	0.8660254044668262	4.270000000000001
0.4484723282596184	0.22107141289795612	0.8660254044684246	4.279999999999999
0.3901527324572511	0.3126992871253045	0.8660254044700231	4.290000000000001
0.31342285508491596	0.38957170420884535	0.8660254044716216	4.299999999999999
0.2219033773011768	0.44806125691620263	0.8660254044732201	4.3100000000000005
0.11991286262002533	0.48540797704868627	0.8660254044748185	4.32
0.012263975253823951	0.4998495710835732	0.8660254044764171	4.33
-0.09596361685631438	0.490704578171576	0.8660254044780155	4.34
-0.19966293821413103	0.45840452648247393	0.8660254044796138	4.350000000000001
-0.29394069051348126	0.4044735705254551	0.8660254044812125	4.359999999999999
-0.3743481545189733	0.3314565703054062	0.8660254044828108	4.370000000000001
-0.4370911134290262	0.24279900607084298	0.8660254044844095	4.379999999999999
-0.47920889199026334	0.14268439516047493	0.866025404486008	4.390000000000001
-0.4987140629777764	0.03583688282030409	0.8660254044876065	4.4
-0.49468622866013817	-0.07270167778888256	0.8660254044892048	4.41
-0.4673154519482048	-0.17780963738500102	0.8660254044908035	4.42
-0.41789328782609875	-0.2745272277273517	0.8660254044924018	4.43
-0.34875183826752576	-0.35829060003860663	0.8660254044940002	4.440000000000001
-0.26315370647572534	-0.4251471810283144	0.8660254044955987	4.449999999999999
-0.1651380432169654	-0.4719421844335782	0.8660254044971972	4.460000000000001
-0.05932994991659577	-0.4964674770874638	0.8660254044987958	4.469999999999999
0.04927776771604537	-0.4975657749170978	0.8660254045003942	4.48
0.15556019706071988	-0.475185252136038	0.8660254045019927	4.49
0.254502149737471	-0.43038198676686873	0.8660254045035911	4.5
0.34143481515916674	-0.36527012709616463	0.8660254045051897	4.51
0.4122560694268809	-0.28292213057580484	0.8660254045067881	4.520000000000001
0.46362404377045674	-0.18722378263461867	0.8660254045083865	4.529999999999999
0.49311481854865347	-0.08269083668125043	0.866025404509985	4.540000000000001
0.4993368016434499	0.025744072425279343	0.8660254045115836	4.549999999999999
0.4819963940330448	0.13296418644477634	0.8660254045131821	4.5600000000000005
0.4419118439576848	0.23391007012296336	0.8660254045147805	4.57
0.38097463593669967	0.3238183526379276	0.8660254045163791	4.58
0.3020602365875304	0.39844649854423186	0.8660254045179775	4.59
0.20889240891683092	0.45427300186520914	0.8660254045195759	4.600000000000001
0.10586749773554173	0.4886635567004677	0.8660254045211744	4.609999999999999
-0.0021530222930197136	0.49999536319467325	0.8660254045227729	4.620000000000001
-0.11007194685955075	0.4877337031956548	0.8660254045243715	4.629999999999999
-0.2127968656775962	0.4524571721980118	0.8660254045259699	4.640000000000001
-0.3054804599347585	0.39583037694309153	0.8660254045275684	4.65
-0.38374923452193505	0.32052538700377825	0.8660254045291669	4.66
-0.44390989176772366	0.23009564684733197	0.8660254045307654	4.67
-0.4831236084443211	0.12880829813445202	0.8660254045323638	4.68
-0.49953999237118474	0.021442824524383786	0.8660254045339624	4.690000000000001
-0.49238439755656815	-0.0869344795916656	0.8660254045355609	4.699999999999999
-0.4619944777049922	-0.19120957420155768	0.8660254045371593	4.710000000000001
-0.40980425322676417	-0.28646199177331544	0.8660254045387578	4.719999999999999
-0.3382764435853904	-0.36819702118014536	0.8660254045403563	4.73
-0.25078625804168764	-0.432557801299886	0.8660254045419548	4.74
-0.1514621284034915	-0.4765073161501923	0.8660254045435533	4.75
-0.04499089918405404	-0.4979717036870838	0.8660254045451518	4.76
0.06360333226689673	-0.495938115901757	0.8660254045467501	4.770000000000001
0.16919628970660258	-0.4705025124549162	0.8660254045483485	4.779999999999999
0.266805319121418	-0.4228651325926727	0.8660254045499471	4.790000000000001
0.3518245070681053	-0.3552738590124757	0.8660254045515455	4.799999999999999
0.4202420216184899	-0.270918146189154	0.866025404553144	4.8100000000000005
0.4688294201592321	-0.17377851840475775	0.8660254045547425	4.82
0.49529399110993516	-0.06843873927402036	0.866025404556341	4.83
0.4983869409540597	0.040130484007941114	0.8660254045579395	4.84
0.47796232152137136	0.1468060552681315	0.866025404559538	4.850000000000001
0.43498391689833577	0.24655423479328345	0.8660254045611365	4.859999999999999
0.37147976499122276	0.33466816827122514	0.8660254045627349	4.870000000000001
0.2904464597499133	0.4069899908694617	0.8660254045643336	4.879999999999999
0.1957077497786011	0.4601070259439757	0.866025404565932	4.890000000000001
0.0917341056934803	0.4915128202766055	0.8660254045675305	4.9
-0.016568229630993237	0.49972541701195394	0.8660254045691289	4.91
-0.12408875376275713	0.4843572853046743	0.8660254045707274	4.92
-0.22575385588428243	0.4461336068810754	0.8660254045723259	4.93
-0.31676622714642366	0.386858056620243	0.8660254045739244	4.940000000000001
-0.39283123305884693	0.3093276918791268	0.8660254045755228	4.949999999999999
-0.4503595659993184	0.2172009667104154	0.8660254045771212	4.960000000000001
-0.48663661520251056	0.11482509903548244	0.8660254045787197	4.969999999999999
-0.49995056210424466	0.007030936861180872	0.8660254045803182	4.98
-0.4896731565583846	-0.10109499673512586	0.8660254045819168	4.99
-0.4562893623093259	-0.204450523255157	0.8660254045835153	5.0
-0.4013744728280378	-0.298158567167212	0.8660254045851138	5.01
-0.32751977735525695	-0.37779729227667097	0.8660254045867122	5.020000000000001
-0.23821028477582037	-0.4396087565491335	0.8660254045883107	5.029999999999999
-0.13766027521283872	-0.480676239513885	0.8660254045899092	5.040000000000001
-0.030614439229893896	-0.49906187463355156	0.8660254045915076	5.049999999999999
0.07787601164104091	-0.4938980921305846	0.8660254045931061	5.0600000000000005
0.18269169828988416	-0.4654285573238241	0.8660254045947045	5.07
0.2788866440678329	-0.41499667270279594	0.866025404596303	5.08
0.3619216624202988	-0.34498218629658006	0.8660254045979014	5.09
0.4278785491650272	-0.25868889762164854	0.8660254045995001	5.100000000000001
0.473644972244835	-0.16018876006977906	0.8660254046010984	5.109999999999999
0.4970613344938134	-0.05412973613425853	0.8660254046026968	5.120000000000001
0.4970226793490418	0.05448352771862305	0.8660254046042954	5.129999999999999
0.47353083084542136	0.1605258571571654	0.8660254046058938	5.140000000000001
0.42769430754424664	0.25899339348461475	0.8660254046074924	5.15
0.3616760144570357	0.34523971257393693	0.8660254046090908	5.16
0.2785911812452085	0.41519507740493655	0.8660254046106893	5.17
0.18236036272358877	0.4655584782532096	0.8660254046122878	5.18
0.07752443818744577	0.49395339865930205	0.8660254046138864	5.190000000000001
-0.030969660741546157	0.4990399569915614	0.8660254046154848	5.199999999999999
-0.1380023828110988	0.4805781319372285	0.8660254046170832	5.210000000000001
-0.23852313530033467	0.4394390884770572	0.8660254046186817	5.219999999999999
-0.327788608210326	0.3775640699004839	0.8660254046202801	5.23
-0.4015865985906415	0.29787279563919633	0.8660254046218786	5.24
-0.4564347733210759	0.20412568738422146	0.8660254046234771	5.25
-0.4897449912550055	0.10074642467407387	0.8660254046250756	5.26
-0.49994543079480314	-0.007386796910996689	0.8660254046266741	5.270000000000001
-0.4865547600200462	-0.11517145497158661	0.8660254046282726	5.279999999999999
-0.4502048494752015	-0.21752147490461612	0.866025404629871	5.290000000000001
-0.3926109558600925	-0.3096072283903015	0.8660254046314694	5.299999999999999
-0.3164907835762897	-0.38708343085360464	0.8660254046330679	5.3100000000000005
-0.22543624340246535	-0.4462941840176129	0.8660254046346664	5.32
-0.12374395966926509	-0.4844454881304656	0.8660254046362649	5.33
-0.016212523854807776	-0.4997370834669791	0.8660254046378633	5.34
0.09208393832969884	-0.49144739985144775	0.8660254046394616	5.350000000000001
0.1960352015902359	-0.45996760565692385	0.8660254046410603	5.359999999999999
0.2907360791447896	-0.4067831495982028	0.8660254046426586	5.370000000000001
0.37171788558968016	-0.33440366631286816	0.8660254046442573	5.379999999999999
0.43515930241385115	-0.24624455330153464	0.8660254046458556	5.390000000000001
0.4780666959714535	-0.14646580730037675	0.8660254046474543	5.4
0.4984153791821462	-0.039775724973429426	0.8660254046490526	5.41
0.4952451511906302	0.06879126922688486	0.8660254046506511	5.42
0.4687056067202355	0.1741121843120785	0.8660254046522496	5.43
0.4200490770912576	0.27121720323187726	0.866025404653848	5.440000000000001
0.3515715359988664	0.3555241954730617	0.8660254046554465	5.449999999999999
0.2665042585514315	0.4230549357501378	0.866025404657045	5.460000000000001
0.1688613458946073	0.4706228259960354	0.8660254046586435	5.469999999999999
0.06325031033287967	0.495983262546085	0.8660254046602419	5.48
-0.04534534106085913	0.49793955308287163	0.8660254046618404	5.49
-0.15180126504052133	0.4763993854001329	0.8660254046634389	5.5
-0.25109408647049347	0.43237918337300496	0.8660254046650374	5.51
-0.33853843818976437	0.367956144587945	0.8660254046666359	5.520000000000001
-0.41000805116843325	0.28617022285046406	0.8660254046682343	5.529999999999999
-0.4621304622936182	0.19088068075826578	0.8660254046698328	5.540000000000001
-0.4924461520360455	0.08658398124696923	0.8660254046714313	5.549999999999999
-0.49952460270959653	-0.02179838867289607	0.8660254046730299	5.5600000000000005
-0.4830318008394326	-0.12915214994711094	0.8660254046746283	5.57
-0.44374599837962564	-0.23041156085892683	0.8660254046762269	5.58
-0.3835209890497693	-0.3207984560606485	0.8660254046778253	5.59
-0.30519863268373015	-0.3960477156326267	0.8660254046794238	5.600000000000001
-0.21247475533654883	-0.4526085248774546	0.8660254046810222	5.609999999999999
-0.10972475297067313	-0.4878119279290204	0.8660254046826207	5.620000000000001
-0.0017971280253436187	-0.4999967687619539	0.8660254046842192	5.629999999999999
0.10621529866492738	-0.4885880767766299	0.8660254046858176	5.640000000000001
0.2092157046942535	-0.4541241981498938	0.8660254046874162	5.65
0.3023437717331431	-0.3982313926945055	0.8660254046890146	5.66
0.3812050311706166	-0.32354709493467737	0.8660254046906132	5.67
0.4420782275330741	-0.23359546050577876	0.8660254046922116	5.68
0.4820909147453598	-0.1326210705163576	0.86602540469381	5.690000000000001
0.49935499930816996	-0.025388640926437032	0.8660254046954086	5.699999999999999
0.4930558344657117	0.08304181187032204	0.866025404697007	5.710000000000001
0.46349066124403615	0.18755373991521151	0.8660254046986054	5.719999999999999
0.4120545824285617	0.2832155001292686	0.8660254047002038	5.73
0.34117473133197823	0.3655130655826574	0.8660254047018024	5.74
0.2541957417550916	0.43056303055637474	0.8660254047034008	5.75
0.1552219235122231	0.47529585824695314	0.8660254047049993	5.76
0.04892359084298612	0.4976007241371356	0.8660254047065977	5.770000000000001
-0.05968331743643837	0.4964251202545922	0.8660254047081962	5.779999999999999
-0.16547392689715293	0.4718245202556475	0.8660254047097947	5.790000000000001
-0.26345625684627516	0.4249597617692963	0.8660254047113932	5.799999999999999
-0.3490067787699883	0.35804226952176377	0.8660254047129918	5.8100000000000005
-0.4180885884867647	0.27422970401850166	0.8660254047145902	5.82
-0.46744189704111866	0.17747695984764325	0.8660254047161887	5.83
-0.4947378515729925	0.07234954460349262	0.866025404717787	5.84
-0.498688427760704	-0.036191855412255884	0.8660254047193855	5.850000000000001
-0.4791072083019258	-0.14302545693334096	0.866025404720984	5.859999999999999
-0.43691817945599004	-0.243110063214073	0.8660254047225824	5.870000000000001
-0.37411213056187265	-0.3317229448482196	0.866025404724181	5.879999999999999
-0.2936527139238325	-0.40468269295179615	0.8660254047257795	5.890000000000001
-0.1993365978519155	-0.45854652885351227	0.866025404727378	5.9
-0.0956143118673505	-0.4907727597678439	0.8660254047289764	5.91
0.01261976208323676	-0.4998407145943661	0.8660254047305748	5.92
0.12025834264252805	-0.4853225003885023	0.8660254047321733	5.93
0.22222224822060552	-0.44790319350445185	0.8660254047337718	5.940000000000001
0.3137000702188527	-0.3893485126433965	0.8660254047353703	5.949999999999999
0.3903752107506146	-0.31242149923073925	0.8660254047369687	5.960000000000001
0.4486295715452142	-0.2207521367564952	0.8660254047385672	5.969999999999999
0.4857142824919586	-0.11866606139901192	0.8660254047401656	5.98
0.4998794135926369	-0.010980446627756987	0.8660254047417643	5.99
0.4904565495568998	0.09722330654650169	0.8660254047433626	6.0
0.4578903305622212	0.2008393475241991	0.866025404744961	6.01
0.40371747085305676	0.29497830778138406	0.8660254047465596	6.020000000000001
0.33049424523632687	0.3751980173141374	0.8660254047481579	6.029999999999999
0.24167586519471293	0.4377131189608183	0.8660254047497564	6.040000000000001
0.14145343654206835	0.479573689453134	0.8660254047513549	6.049999999999999
0.03455619216008565	0.49880443853867074	0.8660254047529532	6.0600000000000005
-0.07397166806610722	0.49449791773397017	0.8660254047545519	6.07
-0.1790089997773831	0.4668573404324355	0.8660254047561503	6.08
-0.27559936747721875	0.41718699279859434	0.8660254047577488	6.09
-0.3591849256902658	0.34783068793349314	0.8660254047593472	6.100000000000001
-0.42582149170582045	0.26206116749734226	0.8660254047609458	6.109999999999999
-0.4723646611891059	0.1639256696358833	0.8660254047625442	6.120000000000001
-0.49661818435379	0.05805495045427217	0.8660254047641427	6.129999999999999
-0.4974376012145995	-0.05055522918748731	0.8660254047657411	6.140000000000001
-0.47478424564471705	-0.156779840493421	0.8660254047673395	6.15
-0.4297270699286409	-0.25560642336479333	0.8660254047689381	6.16
-0.36439220371457937	-0.3423716112122336	0.8660254047705366	6.17
-0.28186262754682334	-0.4129811829631714	0.866025404772135	6.18
-0.18603269512028134	-0.46410325858883555	0.8660254047737335	6.190000000000001
-0.08142436896953012	-0.4933255217618852	0.866025404775332	6.199999999999999
0.02702615905317407	-0.49926905072093786	0.8660254047769304	6.210000000000001
0.13420139369196762	-0.48165338596268453	0.8660254047785289	6.219999999999999
0.2350440174326359	-0.44130976438839803	0.8660254047801275	6.23
0.32479553201814043	-0.380141895420251	0.8660254047817258	6.24
0.399220799469446	-0.3010361299592721	0.8660254047833243	6.25
0.45480788711072156	-0.20772526107575828	0.8660254047849227	6.26
0.48893378643799124	-0.10461238331933234	0.8660254047865212	6.270000000000001
0.4999881859934357	0.0034368777352456544	0.8660254047881196	6.279999999999999
0.4874494577289136	0.1113239615653027	0.866025404789718	6.290000000000001
0.4519092712619542	0.21395796036494133	0.8660254047913165	6.299999999999999
0.3950446745422172	0.3064958455984377	0.866025404792915	6.3100000000000005
0.31953895836845647	0.3845709977823352	0.8660254047945136	6.32
0.2289550389511339	0.4444992557773467	0.866025404796112	6.33
0.12756733326486777	0.4834527626652389	0.8660254047977105	6.34
0.02016006055059672	0.4995934048811987	0.8660254047993089	6.350000000000001
-0.08819851241065281	0.49215954795977723	0.8660254048009075	6.359999999999999
-0.192395229480686	0.46150197606264903	0.8660254048025059	6.370000000000001
-0.28751332155754517	0.40906733939638196	0.8660254048041043	6.379999999999999
-0.3690644159813441	0.33732989059297414	0.8660254048057029	6.390000000000001
-0.4332003310381294	0.24967473123406966	0.8660254048073014	6.4
-0.4768946615366135	0.15023807780805815	0.8660254048088999	6.41
-0.49808558691139265	0.04371208452986635	0.8660254048104983	6.42
-0.4957731631140493	-0.06487656707883381	0.8660254048120968	6.43
-0.4700665073435114	-0.17040386407340627	0.8660254048136953	6.440000000000001
-0.4221786490923549	-0.2678902507839001	0.8660254048152937	6.449999999999999
-0.3543692904745565	-0.3527356009538837	0.8660254048168922	6.460000000000001
-0.2698381768244875	-0.42093628560270974	0.8660254048184906	6.469999999999999
-0.1725741091279365	-0.46927409375001716	0.866025404820089	6.48
-0.06716672299194178	-0.4954680913297605	0.8660254048216875	6.49
0.0414100841915857	-0.498282252471337	0.866025404823286	6.5
0.14803285838526847	-0.47758378431033643	0.8660254048248845	6.51
0.24767035123061837	-0.43434939313463805	0.8660254048264829	6.520000000000001
0.3356209314287837	-0.3706191961828654	0.8660254048280814	6.529999999999999
0.40773444235907946	-0.28940045387614616	0.8660254048296799	6.540000000000001
0.4606080370573113	-0.19452566510625488	0.8660254048312785	6.549999999999999
0.4917467496166047	-0.09047172169001684	0.8660254048328769	6.5600000000000005
0.49968122606815546	0.01785134438376512	0.8660254048344754	6.57
0.48403705933152275	0.12533205245349702	0.8660254048360739	6.58
0.4455524565002392	0.22689867051692475	0.8660254048376724	6.59
0.3860434047901103	0.3177585369286496	0.8660254048392709	6.600000000000001
0.3083179798775054	0.3936242135012307	0.8660254048408695	6.609999999999999
0.2160438401917105	0.450915798439862	0.8660254048424679	6.620000000000001
0.1135751597575458	0.4869298524949141	0.8660254048440663	6.629999999999999
0.005747166171928386	0.49996696715172545	0.8660254048456648	6.640000000000001
-0.10235202107243582	0.489411955249891	0.8660254048472632	6.65
-0.20562148556728763	0.4557628800478016	0.8660254048488618	6.66
-0.29918821282160246	0.40060755292706596	0.8660254048504602	6.67
-0.378637035002253	0.3265486087484226	0.8660254048520587	6.68
-0.4402189710947395	0.2370806943560527	0.8660254048536572	6.690000000000001
-0.48102813145960044	0.13642556538191775	0.8660254048552558	6.699999999999999
-0.49913883912374185	0.029332872698139334	0.8660254048568542	6.710000000000001
-0.49369649741333166	-0.07914396111871999	0.8660254048584526	6.719999999999999
-0.4649579161237564	-0.1838861995116505	0.8660254048600511	6.73
-0.41427919334063895	-0.2799513316618543	0.8660254048616496	6.74
-0.3440517247368845	-0.362806296578522	0.8660254048632481	6.75
-0.2575893598988561	-0.4285413863275942	0.8660254048648465	6.76
-0.15897203047786224	-0.4740547348689344	0.8660254048664449	6.770000000000001
-0.05285322894340815	-0.4971986869586414	0.8660254048680435	6.779999999999999
0.055759577490576674	-0.4968811403529471	0.8660254048696419	6.790000000000001
0.1617412360767127	-0.4731170792414719	0.8660254048712404	6.799999999999999
0.26009075101631596	-0.4270278671826984	0.8660254048728389	6.8100000000000005
0.3461672673012641	-0.3607883329062098	0.8660254048744374	6.82
0.4159090604592367	-0.27752414586340635	0.8660254048760359	6.83
0.4660251986515116	-0.18116432410479927	0.8660254048776344	6.84
0.494150833093215	-0.0762558342492073	0.8660254048792329	6.850000000000001
0.4989587890492892	0.0322509679150755	0.8660254048808314	6.859999999999999
0.4802221917205459	0.13923593170349025	0.8660254048824297	6.870000000000001
0.4388251718688772	0.23965071798287055	0.8660254048840281	6.879999999999999
0.37672114601130696	0.3287570170211031	0.8660254048856267	6.890000000000001
0.2968406398309575	0.4023501368642311	0.8660254048872251	6.9
0.20295300437554595	0.4569574116940097	0.8660254048888237	6.91
0.09948855029267063	0.49000206779670136	0.8660254048904221	6.92
-0.008670506880534265	0.49992481473922296	0.8660254048920207	6.93
-0.11642042563123217	0.486257424184645	0.8660254048936191	6.940000000000001
-0.2186767706129687	0.4496448243562439	0.8660254048952175	6.949999999999999
-0.3106143337806727	0.3918146675703893	0.866025404896816	6.960000000000001
-0.38789482327068814	0.3154958068664919	0.8660254048984145	6.969999999999999
-0.4468715759867687	0.22428952860726709	0.866025404900013	6.98
-0.48476163404286365	0.12249961724467773	0.8660254049016115	6.99
-0.4997770652282955	0.014929271047954122	0.8660254049032099	7.0
-0.4912093308274994	-0.09334554819305953	0.8660254049048084	7.01
-0.4594627196989643	-0.1972156364579771	0.8660254049064068	7.020000000000001
-0.4060352709470502	-0.2917796373993238	0.8660254049080054	7.029999999999999
-0.3334480853955667	-0.37257532446095726	0.8660254049096038	7.040000000000001
-0.24512636146898192	-0.4357901616160765	0.8660254049112024	7.049999999999999
-0.14523776908492772	-0.47844120691768666	0.8660254049128007	7.0600000000000005
-0.03849578826946538	-0.49851586968557315	0.8660254049143993	7.07
0.07006270757179009	-0.4950668793686284	0.8660254049159977	7.08
0.1753151284655699	-0.4682569847513375	0.8660254049175963	7.09
0.2722948894223934	-0.41935127426656454	0.8660254049191947	7.100000000000001
0.3564257705229593	-0.3506574797988644	0.866025404920793	7.109999999999999
0.4237378567034305	-0.2654170808847664	0.8660254049223917	7.120000000000001
0.47105486760862353	-0.16765234781672805	0.86602540492399	7.129999999999999
0.49614403791029044	-0.0619765412841233	0.8660254049255885	7.140000000000001
0.4978214756320061	0.046623775268350466	0.8660254049271869	7.15
0.47600802689863103	0.15302403845803206	0.8660254049287854	7.16
0.4317330109995112	0.25220349963563243	0.8660254049303839	7.17
0.36708564951771755	0.33948214081237227	0.8660254049319825	7.18
0.2851164814569544	0.41074151240315776	0.8660254049335809	7.190000000000001
0.18969341632714176	0.4626190720333482	0.8660254049351793	7.199999999999999
0.0853192176648895	0.4926668540719389	0.8660254049367779	7.210000000000001
-0.02308097053803574	0.49946698269289386	0.8660254049383763	7.219999999999999
-0.1303920284295835	0.48269857770721813	0.8660254049399748	7.23
-0.23155022935328262	0.44315289605533015	0.8660254049415733	7.24
-0.32178218379467355	0.382695994472566	0.8660254049431718	7.25
-0.3968300830811782	0.3041806751784734	0.8660254049447702	7.26
-0.45315261417782315	0.2113118696412557	0.8660254049463686	7.270000000000001
-0.4880920649377457	0.10847181260362947	0.8660254049479672	7.279999999999999
-0.49999973455020225	0.0005132559479322712	0.8660254049495657	7.290000000000001
-0.48831373139665496	-0.10746951990516972	0.8660254049511642	7.299999999999999
-0.4535854872388034	-0.210381091694907	0.8660254049527626	7.3100000000000005
-0.3974537366037058	-0.30336533294591694	0.8660254049543611	7.32
-0.3225671892103139	-0.3820345618079912	0.8660254049559596	7.33
-0.23245954432240648	-0.4426765842254556	0.8660254049575579	7.34
-0.13138274477187456	-0.48242986261376647	0.8660254049591565	7.350000000000001
-0.024106338956652446	-0.4994185442939293	0.8660254049607549	7.359999999999999
0.08430758160715948	-0.4928409780480353	0.8660254049623534	7.370000000000001
0.18874324907345652	-0.4630075419323301	0.8660254049639519	7.379999999999999
0.2842726188994594	-0.4113259973528264	0.8660254049655504	7.390000000000001
0.3663879113096356	-0.3402350605061868	0.8660254049671487	7.4
0.4312143215706202	-0.2530893257747296	0.8660254049687474	7.41
0.4756928618380214	-0.15400097123817716	0.8660254049703457	7.42
0.49772470674945374	-0.04764571580268729	0.8660254049719441	7.43
0.49627023147469046	0.060957815679931845	0.8660254049735426	7.440000000000001
0.4713980688777903	0.16668490812287987	0.8660254049751411	7.449999999999999
0.42428187091267655	0.2645465780344039	0.8660254049767396	7.460000000000001
0.3571449270734776	0.34992499053052195	0.866025404978338	7.469999999999999
0.27315525320916767	0.41879136282112167	0.8660254049799364	7.48
0.17627610118579057	0.46789607187633575	0.866025404981535	7.49
0.07107894345181794	0.4949219955928135	0.8660254049831335	7.5
-0.03747224272633424	0.49859385169302856	0.866025404984732	7.51
-0.14425521229917115	0.4787383749427066	0.8660254049863304	7.520000000000001
-0.2442311577094449	0.4362924930816458	0.8660254049879289	7.529999999999999
-0.3326824769717552	0.3732591156672033	0.8660254049895274	7.540000000000001
-0.4054353849055688	0.29261262203881366	0.8660254049911259	7.549999999999999
-0.45905686308338867	0.19815850817773792	0.8660254049927243	7.5600000000000005
-0.49101665494338864	0.09435381535806742	0.8660254049943228	7.57
-0.49980666194355045	-0.013903185911721736	0.8660254049959213	7.58
-0.48501210676638257	-0.1215041323944043	0.8660254049975197	7.59
-0.44733110556990496	-0.22337161835318248	0.8660254049991183	7.600000000000001
-0.38854172572179924	-0.31469878497774784	0.8660254050007167	7.609999999999999
-0.31141808347554556	-0.3911761434123945	0.8660254050023152	7.620000000000001
-0.21959944071879675	-0.4491949282035573	0.8660254050039136	7.629999999999999
-0.11741847777391132	-0.48601738545271833	0.8660254050055121	7.640000000000001
-0.009696845606106888	-0.49990596022408196	0.8660254050071107	7.65
0.09848235520761092	-0.49020528719329753	0.8660254050087091	7.66
0.20201443262901328	-0.4573731156138395	0.8660254050103076	7.67
0.2960139801535884	-0.40295870933334477	0.8660254050119061	7.68
0.3760454062977246	-0.32952974110628397	0.8660254050135046	7.690000000000001
0.4383322384977686	-0.24055113086818353	0.8660254050151031	7.699999999999999
0.47993532492044255	-0.14022154527449512	0.8660254050167017	7.710000000000001
0.49889152530951714	-0.033275273661277305	0.8660254050183	7.719999999999999
0.49430634641263377	0.07524117062030661	0.8660254050198986	7.73
0.4663961507658511	0.18020718189947268	0.8660254050214969	7.74
0.4164779471144715	0.2766696901033777	0.8660254050230954	7.75
0.3469072442332988	0.3600768831100843	0.8660254050246939	7.76
0.2609669006611509	0.4264929947940051	0.8660254050262923	7.770000000000001
0.1627122152384457	0.47278402348056914	0.8660254050278908	7.779999999999999
0.05677956821789207	0.4967656172446908	0.8660254050294893	7.790000000000001
-0.05183235732853843	0.49730614773447857	0.8660254050310878	7.799999999999999
-0.1579984502203159	0.4743801087376558	0.8660254050326862	7.8100000000000005
-0.25670901168873367	0.429069319752644	0.8660254050342846	7.82
-0.343306149889378	0.36351187777095595	0.8660254050358831	7.83
-0.41370357357063875	0.2808012661021118	0.8660254050374816	7.84
-0.46457941341332737	0.1848403810302982	0.8660254050390801	7.850000000000001
-0.493532972309246	0.08015736440109303	0.8660254050406786	7.859999999999999
-0.4991980079453144	-0.028308067485962516	0.8660254050422771	7.870000000000001
-0.4813072021858607	-0.1354377161008352	0.8660254050438756	7.879999999999999
-0.4407047751125437	-0.23617641501391518	0.866025405045474	7.890000000000001
-0.37930664849852785	-0.32577056990751674	0.8660254050470725	7.9
-0.30001003849770674	-0.3999924681927021	0.866025405048671	7.91
-0.2065567436324024	-0.4553397736498478	0.8660254050502695	7.92
-0.10335657915982045	-0.48920079246576015	0.866025405051868	7.9300000000000015
0.004720710514657409	-0.49997771219747	0.8660254050534666	7.9399999999999995
0.11257524227148469	-0.4871619983401078	0.866025405055065	7.950000000000001
0.2151176443515073	-0.45135839073301876	0.8660254050566635	7.959999999999999
0.30750921042734725	-0.3942563674768271	0.866025405058262	7.970000000000001
0.38539022543188056	-0.3185504229042383	0.8660254050598605	7.98
0.44508568904883866	-0.22781292147737503	0.8660254050614589	7.99
0.48377872931457566	-0.1263255273020539	0.8660254050630573	8.0
0.49964352339929596	-0.018877163657078602	0.8660254050646558	8.010000000000002
0.49193145338563343	0.08946196370373675	0.8660254050662543	8.02
0.46100643157954585	0.19357961622896977	0.8660254050678527	8.030000000000001
0.4083277284455516	0.2885627556646717	0.8660254050694511	8.040000000000003
0.3363811134705394	0.36992937741120885	0.8660254050710495	8.05
0.24856155823774043	0.4338400045352921	0.866025405072648	8.060000000000002
0.1490130366445948	0.47727886259077495	0.8660254050742465	8.07
0.04243298167063682	0.4981961860851185	0.866025405075845	8.080000000000002
-0.06614937413317026	0.49560494152322554	0.8660254050774434	8.09
-0.1716103149047159	0.4696274029227698	0.866025405079042	8.100000000000001
-0.268973416149744	0.4214893820248018	0.8660254050806404	8.11
-0.35364436912879965	0.3534623854607974	0.8660254050822388	8.120000000000001
-0.4216277742061077	0.2687564283275453	0.8660254050838373	8.130000000000003
-0.4697156732529619	0.1713685620151014	0.8660254050854358	8.14
-0.4956389247567011	0.06589426386157833	0.8660254050870343	8.150000000000002
-0.49817427864213026	-0.042689411338910355	0.8660254050886327	8.16
-0.4772020982261574	-0.1492586854653817	0.8660254050902312	8.170000000000002
-0.4337120055582792	-0.2487848346868183	0.8660254050918296	8.18
-0.3697561837581529	-0.3365714817172882	0.866025405093428	8.190000000000001
-0.28835253989027143	-0.4084762055111957	0.8660254050950266	8.2
-0.19334229786480983	-0.4611060112203935	0.866025405096625	8.21
-0.08920874118163405	-0.49197743669933297	0.8660254050982235	8.220000000000002
0.019134341429780672	-0.499633740553756	0.866025405099822	8.23
0.12657452478009926	-0.4837136419366449	0.8660254051014205	8.240000000000002
0.2280419891220015	-0.44496836844143545	0.8660254051030188	8.25
0.3187487516135359	-0.385226207647138	0.8660254051046172	8.260000000000002
0.3944145986386876	-0.30730623503485544	0.8660254051062158	8.27
0.45146905783357144	-0.21488528922826144	0.8660254051078141	8.280000000000001
0.48721987928891736	-0.1123244716469679	0.8660254051094127	8.290000000000003
0.49998007574428865	-0.004463357597645607	0.8660254051110112	8.3
0.4891475270810886	0.1036083705595071	0.8660254051126097	8.310000000000002
0.4552333927877146	0.20679109213831742	0.8660254051142081	8.32
0.3998379916873251	0.3002158858179387	0.8660254051158065	8.330000000000002
0.325575287100514	0.37947428123741456	0.8660254051174051	8.34
0.23594954078932276	0.44082628312042993	0.8660254051190035	8.350000000000001
0.13518995605894707	0.4813768518182787	0.866025405120602	8.36
0.028051112773951344	0.49921251261869576	0.8660254051222005	8.370000000000001
-0.0804113887635789	0.49349164758612923	0.8660254051237991	8.380000000000003
-0.1850794882991816	0.4644842092992013	0.8660254051253975	8.39
-0.281014173431895	0.4135589824982784	0.866025405126996	8.400000000000002
-0.3636885386226296	0.34311899473271645	0.8660254051285944	8.41
-0.42920139796356377	0.2564881238092865	0.8660254051301928	8.420000000000002
-0.47446137188317006	0.15775425273841867	0.8660254051317914	8.43
-0.4973327612197519	0.05157637328356132	0.8660254051333898	8.440000000000001
-0.49673632524916833	-0.05703525960957725	0.8660254051349884	8.45
-0.4727002082168458	-0.1629555485700361	0.8660254051365868	8.46
-0.42635861128483926	-0.26118639367031626	0.8660254051381853	8.470000000000002
-0.3598982725612616	-0.34709253962004616	0.8660254051397838	8.48
-0.2764552806787561	-0.4166203012750758	0.8660254051413823	8.490000000000002
-0.17996709101808178	-0.466488846380517	0.8660254051429808	8.5
-0.07498672754178318	-0.49434500941826237	0.866025405144579	8.510000000000002
0.03353206243467989	-0.49887433130025405	0.8660254051461777	8.52
0.14046856255343118	-0.47986308523661536	0.866025405147776	8.530000000000001
0.24077672055447982	-0.4382083619408599	0.8660254051493746	8.540000000000003
0.3297232582137565	-0.3758757382779548	0.866025405150973	8.55
0.4031110222967847	-0.29580652686032066	0.8660254051525715	8.560000000000002
0.45747703718364313	-0.20177898323966098	0.8660254051541699	8.57
0.490255913582956	-0.09823001996196669	0.8660254051557683	8.580000000000002
0.49990090250699126	0.009954159668916137	0.8660254051573669	8.59
0.48595688228937756	0.11766862867747689	0.8660254051589653	8.600000000000001
0.4490818345798113	0.21983062449738927	0.8660254051605638	8.61
0.3910157959200713	0.3116193911724779	0.8660254051621623	8.620000000000001
0.31449874999496097	0.3887036581543207	0.8660254051637608	8.630000000000003
0.2231413350067045	0.4474460215708717	0.8660254051653592	8.64
0.1212544671520212	0.48507458375087653	0.8660254051669577	8.650000000000002
0.01364591982209717	0.49981375178644993	0.8660254051685562	8.66
-0.09460654258224979	0.4909680230936658	0.8660254051701546	8.670000000000002
-0.19839477100094258	0.4589548043506946	0.8660254051717532	8.68
-0.29282127183748563	0.40528471517417164	0.8660254051733517	8.690000000000001
-0.37343030680410133	0.33249030595155427	0.8660254051749502	8.700000000000003
-0.4364181474955978	0.24400655344745426	0.8660254051765486	8.71
-0.47881256333123806	0.14400877328203018	0.8660254051781472	8.720000000000002
-0.4986130733005352	0.03721559776562086	0.8660254051797457	8.73
-0.49488534340208595	-0.07133368395287133	0.8660254051813441	8.740000000000002
-0.46780527540830497	-0.17651691669038402	0.8660254051829427	8.75
-0.4186507065232859	-0.2733707802646525	0.8660254051845411	8.760000000000002
-0.3497411116051318	-0.35732499552282854	0.8660254051861396	8.77
-0.264328153246188	-0.4244179837976636	0.8660254051877381	8.780000000000001
-0.1664422443653513	-0.47148380338805934	0.8660254051893365	8.790000000000003
-0.06070236362002641	-0.4963015420234145	0.866025405190935	8.8
0.04790190205156884	-0.49770011587395707	0.8660254051925335	8.810000000000002
0.15424580291818854	-0.4756135299173722	0.8660254051941318	8.82
0.2533112499204237	-0.4310839920703664	0.8660254051957302	8.830000000000002
0.34042360509862235	-0.366212734137495	0.8660254051973288	8.84
0.4114722654667662	-0.2840608602072466	0.8660254051989273	8.850000000000001
0.46310463155876735	-0.18850490119910285	0.8660254052005258	8.86
0.4928843077819841	-0.08405389156232355	0.8660254052021242	8.870000000000001
0.4994060695188401	0.024363400203404616	0.8660254052037227	8.880000000000003
0.4823621719816721	0.13163104717384508	0.8660254052053211	8.89
0.4425568718800058	0.23268737113985097	0.8660254052069196	8.900000000000002
0.3818684766611853	0.3227637898926827	0.8660254052085182	8.91
0.30316071212071927	0.3976098340799831	0.8660254052101166	8.920000000000002
0.21014759071199143	0.45369371567813244	0.8660254052117151	8.93
0.10721815706415466	0.48836898378263366	0.8660254052133135	8.940000000000001
-0.0007706194931916964	0.4999994036675884	0.8660254052149121	8.950000000000003
-0.10872303254171925	0.488036166400105	0.8660254052165105	8.96
-0.21154509156157955	0.45304378569075743	0.8660254052181089	8.970000000000002
-0.30438489394968204	0.3966734599759382	0.8660254052197074	8.98
-0.38286157354599837	0.321585156705273	0.8660254052213059	8.990000000000002
-0.44327202218839906	0.23132209547190197	0.8660254052229044	9.0
-0.48276562964991077	0.13014355279636733	0.8660254052245029	9.010000000000002
-0.49947879643979226	0.0228238780671372	0.8660254052261014	9.02
-0.49262287216336637	-0.08557279545342615	0.8660254052276998	9.030000000000001
-0.46252136986041215	-0.1899315137618755	0.8660254052292983	9.040000000000003
-0.410594700275483	-0.28532786334381594	0.8660254052308968	9.05
-0.3392931464096651	-0.36726034129935936	0.8660254052324952	9.060000000000002
-0.2519812411086318	-0.43186276942852725	0.8660254052340938	9.07
-0.15277900360430713	-0.47608672901481947	0.8660254052356922	9.080000000000002
-0.046367526640669794	-0.4978454076887856	0.8660254052372908	9.09
0.06223191198443387	-0.49611207061668977	0.8660254052388892	9.100000000000001
0.16789479031539706	-0.4709685094175596	0.8660254052404878	9.11
0.26563515495560014	-0.42360118263172336	0.8660254052420862	9.120000000000001
0.35084089509784844	-0.35624522986203216	0.8660254052436847	9.130000000000003
0.4194913759063683	-0.27207900141305463	0.8660254052452832	9.14
0.4683471617027308	-0.17507408029737156	0.8660254052468818	9.150000000000002
0.4951028764176251	-0.06980787367625174	0.8660254052484802	9.16
0.4984959882258317	0.038752382948517	0.8660254052500787	9.170000000000002
0.4783663851032835	0.14548401651688564	0.8660254052516771	9.18
0.4356639300924731	0.24535064188275585	0.8660254052532755	9.190000000000001
0.372403639763066	0.33363981558613715	0.8660254052548741	9.200000000000003
0.2915706008782892	0.4061854036691075	0.8660254052564726	9.21
0.19697911199954238	0.4595641705828094	0.8660254052580711	9.220000000000002
0.09309269676676156	0.49125731267179823	0.8660254052596695	9.23
-0.015186518045822611	0.4997693138956216	0.8660254052612681	9.240000000000002
-0.12274912100229	0.48469851529837893	0.8660254052628665	9.25
-0.22451951569607068	0.44675606823872127	0.8660254052644649	9.260000000000002
-0.3156954247983658	0.3877323770271577	0.8660254052660635	9.27
-0.39197449689824165	0.3104126144542973	0.8660254052676619	9.280000000000001
-0.44975732315291533	0.21844529681029357	0.8660254052692604	9.290000000000003
-0.486317283926755	0.1161701199945512	0.8660254052708589	9.3
-0.49992921080246094	0.008413180677029581	0.8660254052724574	9.310000000000002
-0.48995079274244546	-0.09974075451367131	0.8660254052740559	9.32
-0.4568528850577996	-0.20318818575769482	0.8660254052756545	9.330000000000002
-0.4021972909842393	-0.2970477007810514	0.8660254052772529	9.34
-0.32856306429398596	-0.37689031586570026	0.8660254052788513	9.350000000000001
-0.23942481052972553	-0.4389484679454272	0.8660254052804498	9.36
-0.13898872950510588	-0.48029379600055266	0.8660254052820482	9.370000000000001
-0.031994135795549876	-0.4989753227144518	0.8660254052836468	9.380000000000003
0.07651017705508056	-0.4941115159632763	0.8660254052852452	9.39
0.18140417582643334	-0.4659318859988987	0.8660254052868437	9.400000000000002
0.2777381885265203	-0.41576615546361717	0.8660254052884421	9.41
0.3609664663984106	-0.3459815132750102	0.8660254052900405	9.420000000000002
0.42716168585126724	-0.2598709132052983	0.8660254052916391	9.43
0.47320026853413416	-0.16149768805127554	0.8660254052932375	9.440000000000001
0.4969097747850329	-0.055503811643913284	0.866025405294836	9.450000000000003
0.4971714153464036	0.05310914369108536	0.8660254052964343	9.46
0.47397284408837687	0.15921601818018508	0.866025405298033	9.470000000000002
0.4284087405901771	0.2578099074154202	0.8660254052996313	9.48
0.3626291550891032	0.3442384250083126	0.8660254053012298	9.490000000000002
0.2797380532632593	0.41442323647034285	0.8660254053028285	9.5
0.18364684825272332	0.4650525050939349	0.8660254053044268	9.510000000000002
0.07888983135830613	0.4937371688183831	0.8660254053060253	9.52
-0.029589789242530865	0.4991236737867164	0.8660254053076238	9.530000000000001
-0.13667314549169612	0.48095784499309596	0.8660254053092223	9.540000000000003
-0.2373072553745505	0.44009688013302994	0.8660254053108207	9.55
-0.32674345985483366	0.37846890069800015	0.8660254053124192	9.560000000000002
-0.4007614996082607	0.2989819689921608	0.8660254053140176	9.57
-0.45586865796333087	0.20538686431861805	0.8660254053156161	9.580000000000002
-0.4894645730171392	0.10210009356657705	0.8660254053172145	9.59
-0.4999639418762052	-0.00600451213605798	0.8660254053188131	9.600000000000001
-0.4868713269315371	-0.11382578069814057	0.8660254053204116	9.61
-0.45080453425668243	-0.21627590996332424	0.86602540532201	9.620000000000001
-0.39346546096360946	-0.308520547715665	0.8660254053236085	9.630000000000003
-0.31755978715295013	-0.3862069120493366	0.8660254053252069	9.64
-0.22666930198436525	-0.4456691877014418	0.8660254053268054	9.650000000000002
-0.12508288846420146	-0.48410150623523773	0.866025405328404	9.66
-0.01759414233355001	-0.4996903475939393	0.8660254053300024	9.670000000000002
0.09072482511028135	-0.49170011534363645	0.8660254053316009	9.68
0.19476272660934446	-0.4605078475348294	0.8660254053331993	9.690000000000001
0.28961028715091774	-0.40758542526820346	0.8660254053347978	9.700000000000003
0.3707918997468886	-0.3354301184956771	0.8660254053363963	9.71
0.4344768175593172	-0.24744674641766803	0.8660254053379947	9.720000000000002
0.4776599167709913	-0.1477870130177985	0.8660254053395933	9.73
0.4983035004767145	-0.04115359906833947	0.8660254053411915	9.740000000000002
0.4954334522422392	0.0674217450099956	0.8660254053427903	9.75
0.4691852020974571	0.17281563421998514	0.8660254053443887	9.760000000000002
0.4207973359493821	0.27005480805425697	0.8660254053459872	9.77
0.3525531499699088	0.3545508055819999	0.8660254053475857	9.780000000000001
0.2676729078532356	0.4223164828551861	0.8660254053491839	9.790000000000003
0.17016188503952862	0.47015415574767305	0.8660254053507825	9.8
0.06462137029836452	0.4958064902610755	0.8660254053523809	9.810000000000002
-0.043968456989483956	0.4980630201806189	0.8660254053539795	9.82
-0.15048352840220838	0.4768172657930172	0.8660254053555779	9.830000000000002
-0.24989767779233227	0.43307175838414824	0.8660254053571764	9.84
-0.3375198128514696	0.36889073342370465	0.8660254053587748	9.850000000000001
-0.40921527542138214	0.2873027247211615	0.8660254053603733	9.86
-0.46160094514084815	0.19215765587846895	0.8660254053619718	9.870000000000001
-0.4922048799997398	0.08794517251848188	0.8660254053635702	9.880000000000003
-0.499582960782815	-0.020417212286977533	0.8660254053651687	9.89
-0.48338703525822885	-0.12781616252879147	0.8660254053667671	9.900000000000002
-0.4443813465659166	-0.22918380414161182	0.8660254053683656	9.91
-0.3844064705932999	-0.31973686465559736	0.8660254053699641	9.920000000000002
-0.30629246403884114	-0.39520238324690793	0.8660254053715626	9.93
-0.21372532147774861	-0.4520193405237048	0.8660254053731611	9.940000000000001
-0.1110730429700663	-0.48750669366774146	0.8660254053747597	9.950000000000003
-0.0031795196230918897	-0.49998988779542425	0.8660254053763581	9.96
0.10486403689343832	-0.48887987379964576	0.8660254053779565	9.970000000000002
0.2079593352389983	-0.45470090402827584	0.8660254053795551	9.98
0.3012415793652468	-0.3990657941943163	0.8660254053811535	9.990000000000002
