0.0	0.008984895291367145	43.57842322737228	0.0
50.0	0.18480975152244683	98.68121110332524	-50.54393381801372
100.0	0.11328189394363297	64.60942209953359	-56.580734241430505
150.0	1.3283336277630793	46.310298331509195	109.39856292262878
200.0	1.543058726389528	38.20062438234622	72.37260620565074
250.0	1.1463439911131204	52.42341876656109	-70.72809564543803
300.0	0.4787264172744426	76.35661250881381	-66.66753768295379
349.99999999999994	0.5891166733156036	75.6574608382574	114.93220278419815
400.0	0.7632436700170964	50.22913623777266	-60.28214311585334
449.99999999999994	1.6387631694280111	32.16139473317096	-40.563294212227355
500.0	1.6318899598957195	25.65358009729816	-95.0814988805639
550.0	1.674832142154507	16.005181582830723	-92.38408768970248
600.0	1.8662367450315087	15.611030390373617	-93.71830542104799
650.0	1.2813411758232516	44.30873552294512	3.0518215135751325
699.9999999999999	0.6589769854931231	55.47393849951189	-108.8188309578792
749.9999999999999	1.4720081661881717	38.552150761858634	147.81076813764167
800.0	0.7116510477010662	72.00778171863485	36.564813261318946
850.0	0.8118912747999202	60.569912731682614	-160.56862573183102
899.9999999999999	1.1677016657776829	49.521562717351216	76.30796663419271
949.9999999999999	0.9127619897562151	47.38263693923387	-92.75334483691137
1000.0	0.4397748271837441	72.40053496257173	-169.21907408385897
1050.0	0.6823332913369243	74.05789932376496	11.70142577125195
1100.0	0.8344224960785769	63.64555290758603	-153.1591252374013
1150.0	1.2900537432556223	49.001239661322174	-179.17593361511769
1200.0	0.7123307961003154	52.09031162155861	16.96505740525942
1250.0	0.7976243990631017	63.89124029110004	-54.80215870594985
1300.0	1.6959504683035114	26.886661290715367	57.78563120994378
1350.0	1.5344838844022632	40.481890996224514	-168.4456823650054
1400.0000000000002	1.6049855125158377	16.95192928349943	-19.908048658383837
1449.9999999999998	1.7180730516271672	29.96630436293024	158.39607156252228
1500.0000000000002	1.2409464803927284	38.080473737959316	59.62953640684297
1549.9999999999998	0.4568496830461611	63.07386273317822	-157.87383726623986
1600.0	1.2389730902808151	30.42444960362147	-10.910837936337995
1650.0	0.642957730483436	62.52009074710099	-45.20349514246031
1700.0	1.2876140268488099	45.00336054516578	47.36200291241311
1750.0	1.3650317204145945	30.92344349813068	-40.95024420678546
1800.0000000000002	0.6238644060609109	51.04319943531935	-37.98275404636172
1849.9999999999998	0.9644719441331671	61.69685205982411	30.686428643828723
1900.0000000000002	1.4966753050342665	35.06998639657215	-53.86582059989393
1949.9999999999998	0.6176431252789353	45.586483572985365	-138.75321539362085
2000.0	1.510981085625958	22.402613600814295	143.92144671589602
2050.0	1.054839597520228	47.93560770153143	143.61623980395524
2100.0000000000005	1.1009192635448333	33.05620405602684	-15.994482714427853
2150.0	0.38685990474657056	62.536217111222236	-114.97750631600715
2200.0000000000005	0.14913955204861973	53.72977942128152	137.85494221940527
2250.0	1.5059144380118854	30.8706781368953	-122.18383584436748
2300.0	0.5726447567889399	63.62569796684785	107.60010248406769
2350.0000000000005	0.7400188335082653	49.50111372946275	-93.38454763510289
2400.0	0.5294891120812244	42.781195800526525	-151.5322265295353
2450.0000000000005	1.5484988934998316	26.06895033432202	-165.89127924079082
2500.0	0.43955875395769367	32.78235988836765	11.273240365380529
2550.0000000000005	0.6320694582413683	56.04226434512467	21.301514357868616
2600.0	0.6284256170004793	49.97501929955817	157.71672397992353
2650.0000000000005	0.47723429447631044	44.85009270562224	176.99227583789315
2700.0	1.4358899819519848	17.85958792048905	1.3066892645261063
2750.0	1.196292408134127	42.756405096259435	114.5152153113079
2800.0000000000005	0.7102322556381543	64.68780992072115	-1.9230356674734645
2850.0	1.1955145040392607	35.35194440447373	148.45873878583618
2900.0000000000005	1.531741726921488	22.96878343284965	177.51433301573996
2950.0	1.3935117061195117	30.142868826376837	29.338278545052844
3000.0000000000005	0.7954534916211004	45.25252693736078	92.17082871060992
3050.0	0.861719915124967	40.32045994957661	108.51806176381241
3100.0000000000005	1.2827938822771527	32.41539037953288	-158.89749589379227
3150.0000000000005	0.5857465149315737	34.353666750580786	-37.480693307182015
3200.0	1.0040760550995824	43.02072204479614	-105.60215183846094
3250.0000000000005	1.2462531310558318	42.33134988194963	14.901400379510092
3300.0	0.42832323439171893	40.969713492423026	136.02994282608358
3350.0000000000005	0.38644554609593185	41.9550039951001	-23.985643356078494
3400.0	0.9712108544373289	56.45427943322981	169.6406150925647
3450.0000000000005	0.8775962790378904	25.98950803903608	111.75689593050836
3500.0	0.7711804320066941	52.90454549537642	123.84495499851812
3550.0	1.37477896298694	38.7596903463436	4.878529675277878
3600.0000000000005	1.1865848076600467	33.333306226619406	-131.531428195747
3650.0	1.6665797753135512	25.100458307442885	111.51174610599278
3700.0000000000005	0.7650431620272785	50.46435915559651	67.9335686749568
3750.0	0.43587200575552604	24.79716848936251	-102.88373240124335
3800.0000000000005	1.1826113814318262	23.143321042103185	70.29838552818737
3850.0	1.0293032440390404	29.91976763271227	164.15529465569526
3900.0000000000005	1.344316476386853	31.342825990137786	91.32525735392113
3950.0	0.550063776580407	42.021298991549344	149.92852903719898
4000.0	0.9154775625972253	41.232122599135586	117.81621108123662
4049.9999999999995	0.7851418986044765	52.156653317217284	31.296542834631346
4100.0	1.3794022980952876	26.346997275603226	-89.04303285757125
4150.000000000001	0.9431187013511011	20.27639069231277	-66.56440910017511
4200.000000000001	0.6241401741569679	40.79640387252233	-49.527714684709046
4250.000000000001	1.2121296444984375	37.01337829193807	1.0142013122558686
4300.0	0.9557617572293061	18.71373828393482	-138.17702827182373
4350.0	1.5560077880520071	13.341464183963206	176.55149798951413
4400.000000000001	0.9878364287896015	44.66698508728961	-104.50650885229629
4450.000000000001	0.9283636660247684	42.0685499749474	85.28668774628811
4500.0	1.2235840690931499	38.859044796804774	71.2000187765175
4550.0	1.2269954993620877	38.20417964762156	-100.63342886275622
4600.0	1.1585240900514298	28.983922754203174	52.489036386496444
4650.000000000001	0.4709349741242059	25.08896014381866	-23.701183625523807
4700.000000000001	0.9854923191790129	39.789924051839186	-74.44404114416514
4750.0	1.382981529162531	33.22903466098096	129.61868949916226
4800.0	1.335940115989134	30.354367992444956	58.96198021281038
4850.000000000001	1.0083218494924366	39.85833192301819	-2.613365176286586
4900.000000000001	0.8953218869134096	33.661741053114014	-142.21067115348902
4950.0	1.3079831864686091	30.930009982322808	173.2795468188599
5000.0	1.2233854825399846	22.98714974174141	-127.9948790118279
5050.0	0.9192564089807181	45.947416289455276	-107.8730616087853
5100.000000000001	1.5901016126537124	15.41949868273642	-154.77074303994087
5150.000000000001	1.532630659271635	14.316670237207628	7.129689129891169
5200.0	1.515191603967548	25.803572917855057	79.62111994230689
5250.0	1.4677973671686437	20.933085149632284	139.13986872347877
5300.000000000001	1.1157119433177727	21.957622036389374	114.88649708926536
5350.000000000001	1.149623226778752	13.07220807124357	109.15057054866595
5400.0	0.856643398472887	27.21914657399216	109.68629316451502
5450.0	0.9844921875707648	22.47276971293896	-75.94761408651301
5500.0	1.0120361728162925	35.86171940979672	-154.10148068071152
5550.000000000001	1.0479296577206427	32.26416919942145	1.0568082872336308
5600.000000000001	1.0483283693272194	23.035492162659125	64.14805141655255
5650.0	0.38001556216385796	43.01792982719512	-146.7592689169066
5700.0	0.7752566760542396	31.663413341709557	-46.37711659252391
5750.000000000001	0.8727642481637671	28.064218669963225	-47.541776212784455
5800.000000000001	1.2932206933386599	25.042539709167436	52.12291880728645
5850.000000000001	1.4141685510601487	25.717874752264873	147.69140835743775
5900.0	0.7637275608221039	32.145586704402604	-108.01370177863693
5950.0	1.3671396879923747	4.982893683969401	-44.50007694693876
6000.000000000001	0.7391092050197112	43.4051916368951	7.702818271205482
6050.000000000001	0.3549029961318618	13.008433098291217	125.51324077256517
6100.0	0.615915192876605	32.514515398920494	-15.489748937848043
6150.0	1.4326447464498364	20.12943743619115	155.30498347252757
6200.000000000001	1.3216758846409902	25.702038988432058	105.63690124706659
6250.000000000001	1.4479581317022499	20.015794705200094	140.2530346264844
6300.000000000001	1.3044277433529807	15.562053122148926	-110.39814089098061
6350.0	1.1941444703123367	29.097497248432273	13.368334216500058
6400.0	1.3724051190879658	28.15303617728376	25.391498694668694
6450.000000000001	0.8674947561684984	22.184978131358122	165.06009294787896
6500.000000000001	0.5790891350562777	42.26322618888119	100.54971125403912
6550.0	1.4342702908679688	26.979970516439476	-142.71520304471989
6600.0	0.8751022247210687	7.289839502471231	70.87549359722199
6650.000000000001	1.2681390128843286	24.680739263773624	-115.44173920406261
6700.000000000001	1.0715530076137119	38.406463442211226	159.73203670099247
6750.000000000001	1.1283306936974262	15.242466846727496	85.57626401996737
6800.0	1.2938590780248684	11.778446492287275	143.67875076839965
6850.0	0.8835236869794862	27.47965387319607	-83.47981043672957
6900.000000000001	0.8066128257549461	16.62258732663813	81.33937930460463
6950.000000000001	0.6683207828668428	16.63378279425669	-93.16510184754759
7000.0	0.44890307821138564	26.33474904743288	81.64655032475025
7050.0	1.4721500799285816	19.46358328990942	140.72272855076105
7100.0	1.336541829042396	14.253624702858053	-22.61676439226977
7150.000000000001	1.1660108324655567	17.25968060087607	81.59356433274725
7200.000000000001	1.290715668827146	21.225434451316495	-104.78086976957029
7250.0	1.1234706172318367	8.099973033719282	151.39661178519938
7300.0	1.254939434616581	8.598748680871815	-50.47860565387941
7350.000000000001	0.9754021785162218	20.997683238352714	170.8963749100848
7400.000000000001	0.876270879725289	30.889187753720798	-110.42891888764463
7450.0	1.4603689600915448	19.608467985702333	-14.125626815152089
7500.0	1.383814697321221	15.679061441634044	52.36613293812412
7550.0	1.1879912168601614	17.576084328119588	64.09684411155338
7600.000000000001	0.8793013043637314	30.239110858643972	97.30037446554863
7650.000000000001	0.9911251461647338	28.958618338190917	79.47772419391295
7700.0	1.3809037516921063	23.99718704322839	36.7889880474449
7750.0	1.4232884603429277	22.331764171812594	94.31103654924532
7800.000000000001	1.132031480063778	33.08843197712502	136.5559274535712
7850.000000000001	1.1571079781686897	11.588342944000749	-56.4408744272243
7900.0	1.3606178816879293	15.520012383010306	163.11435486833486
7950.0	1.0810240680788534	12.180747380615616	-76.12883337029422
8000.0	1.3306120228707141	12.10129261650143	115.93610949588297
8050.000000000001	0.9873027622174514	17.510990267944017	33.1026851935856
8099.999999999999	0.910803568408067	14.467870898997804	-24.467190471426413
8150.0	1.042739447930711	20.225864926604903	-153.70494715381204
8200.0	1.4535166488094755	9.41338018228356	43.18606551279915
8250.0	0.8515413766034169	4.582652130557275	-37.3188337646131
8299.999999999998	1.4540832057848623	5.680978431225808	57.273073760856
8350.000000000002	0.7209983334425385	23.970458718318	-88.91712996100009
8399.999999999998	1.3218512554736892	13.317320715579646	36.41571247264013
8450.000000000002	1.28998943583513	7.003971121154441	-130.8762730322382
8499.999999999998	0.8549934012154143	23.703895583910047	-113.04523985148505
8550.0	0.8024768695047839	33.41643455146108	-161.36723542293757
8600.0	0.6516112466258577	19.075065776330433	146.46821951633936
8650.0	1.1596148586576371	20.714991141348026	27.18364628986745
8700.0	0.8763134238788477	14.813780787339141	70.58903352530798
8750.0	1.0476960292122897	11.45601161027726	151.48023289778385
8799.999999999998	1.090640259726096	12.270994880911042	124.59587708472448
8850.000000000002	1.1772669113552525	7.485946839735523	-11.721021417997928
8899.999999999998	0.7378288575549129	11.796350986838547	-114.3662619440772
8950.000000000002	0.9002627851247963	23.131856511104218	-162.77784309762484
9000.0	0.9880186432531027	17.160508347655224	-170.4121076299954
9050.0	1.289640692734008	5.126174964793014	24.49237042109581
9100.0	1.0046614266354208	19.924141246924943	-171.56096318499664
9150.0	1.3043490412591856	21.46283741210352	-106.41033856884077
9200.0	1.2082381436203584	23.948449610999187	43.59896459695193
9249.999999999998	1.0239089726341164	24.38451490668452	-76.42420832981668
9300.000000000002	1.0584485708850866	22.509192394908684	-61.9410094695496
9349.999999999998	1.0254737504697111	24.93287213679807	-72.40836869008594
9400.000000000002	1.1899922065942994	20.22668328876581	141.7708640465087
9450.0	1.0504899904618763	25.940051703268775	34.57416110289467
9500.0	1.2159260509394179	5.404359554658172	172.44412323820396
9550.0	1.309865846720956	6.3669331343639035	35.86481937113872
9600.0	0.9295326227486443	22.58247330907308	161.01004384192308
9650.0	1.1645134589411719	9.202958186918249	42.06414371274067
9699.999999999998	0.7277521855495008	19.28711217844138	125.95201713559841
9750.000000000002	1.3085060323645865	10.849044979027916	-36.77243893321903
9799.999999999998	1.211473965017097	17.480019530460982	3.5342736965690467
9850.000000000002	1.0682506547928654	5.199726807871326	-164.0745805307026
9900.0	1.0436218404164486	5.256032237376601	161.33515915831381
9950.0	1.284440634831429	6.385133045378099	18.680090089238735
10000.0	1.014638832486065	6.8691682448118385	125.51604774250629
