0.0	0.39902523220638897	22.030571413100652	0.0
5000.0	1.1691311476777575	6.151777182624039	-120.60098812290823
10000.0	1.1073415177230124	15.512577594033946	48.61932213500025
15000.0	1.0529535090001498	12.401333808509142	-41.028538272657855
20000.0	1.010429826566791	1.9706298724421798	-88.88554718225706
24999.999999999996	1.1053927927113378	2.966608445410357	-159.7276524637478
30000.0	0.9484839460133283	3.677404480521435	-69.4711703529539
35000.0	1.0420696904930615	2.7379408811771286	54.49150139311245
40000.0	1.0730431819370014	5.446531777151547	-165.81559341718372
45000.00000000001	1.0549215630322648	4.64239013424243	-165.2265617060434
49999.99999999999	1.0126379936399725	6.531246006257743	-4.269564762407972
55000.0	1.0735385509077437	4.601268716393752	-173.73172731916833
60000.0	0.9188043044069105	2.866552506202838	141.07971825371786
64999.99999999999	1.03858287601631	1.8083581368889121	50.4135513785894
70000.0	1.0500124980751904	5.112404306947054	10.327403976846062
75000.00000000001	1.0322176161144898	6.25660235406511	6.551465734275827
80000.0	1.0328739294553786	6.305626436486267	6.415981021565701
85000.00000000001	1.0425139855415404	5.590727884001874	8.939613611294542
90000.00000000001	1.0601493683418937	4.284772373686867	13.157173158534304
95000.0	1.0487973442435483	2.400788865718154	31.325518319874647
100000.00000000001	0.9993235106389324	1.584907359523303	91.0111569368262
105000.0	0.9366541765526152	2.3813172413509456	127.26532908397944
110000.0	0.9225494754773788	2.928559013897508	138.37792929054842
115000.00000000001	0.9787997738933264	3.43986609262098	152.02790905779193
120000.0	1.0546011215995068	4.557577302634816	168.88361493074174
125000.00000000001	1.099033971503975	5.773127646761432	178.13479680293554
129999.99999999999	1.0885978920710322	5.475410061373025	-175.7939642586071
135000.0	1.0276231460229754	4.0379620533650025	-163.00996273171936
140000.0	0.9487652273944417	3.1893632555007625	-145.5041132156197
145000.00000000003	0.9205903671111013	2.711856267336181	-133.99685852982316
150000.00000000003	0.9734496214604481	1.8453308278079836	-110.7667513120177
155000.0	1.0440031299731642	2.1170063479240055	-37.640918692747874
160000.0	1.0552086913926666	4.7112890422231715	-11.705524192023033
165000.0	1.020165266411827	6.755503700249877	-4.835114316174751
170000.00000000003	1.0058029370062849	7.2597210809395465	1.0979703126020643
175000.00000000003	1.0343967469487656	6.161649513494917	6.944057681506434
180000.00000000003	1.0595256051686233	3.6826754965120516	16.7788434960493
185000.0	1.021611859082622	1.5939352216500753	65.38497462703342
190000.0	0.9460441306301164	2.2276438904606	123.55249416824431
195000.00000000003	0.9214493976064093	2.919364740071746	138.0198999826309
200000.00000000003	0.9777524986797882	3.4243294121952337	151.82119859439987
205000.00000000003	1.0570248848144024	4.600798856205245	169.29461206685636
210000.0	1.0997552200429446	5.822402089828887	178.51853713548152
215000.0	1.0855125849679497	5.3635921006071055	-175.10443861034415
220000.0	1.0201111466406942	3.924022113575524	-161.38756601303214
225000.00000000003	0.9427309992315133	3.145685737230711	-144.1741145484504
230000.00000000003	0.9227066128505402	2.6399830168690928	-132.60341690085974
235000.0	0.9821389972723777	1.742219948670428	-105.19760757439877
240000.0	1.0489117549274687	2.353731704699726	-32.019813289106146
245000.0	1.0522731051575736	5.003705540546152	-10.650625600040073
250000.00000000003	1.0164773824529365	6.894935317288974	-4.178870199359526
255000.00000000003	1.0071788786081037	7.216155308870277	1.7885956826261964
259999.99999999997	1.038908579280153	5.932704993718338	7.6417834970163385
265000.0	1.0589024082226564	3.362785356262742	19.084545375947314
270000.0	1.0131890120242024	1.5511616332191107	75.66503802337567
275000.0	0.9390447894896329	2.336001739758618	126.15858275887913
280000.0	0.9243792018742746	2.9721958272368565	139.2641506170264
284999.99999999994	0.9872583369782272	3.5140160495343857	153.92675327180632
290000.00000000006	1.0645903720620833	4.780009362982646	170.8385531394727
294999.99999999994	1.1011206922154673	5.870724413065137	179.18371855680152
300000.00000000006	1.0801673286168105	5.205755265161031	-174.03478467322813
304999.99999999994	1.0105252861797667	3.7886886790231316	-159.2455564072003
310000.0	0.9361750984925478	3.092252993785531	-142.64793014826623
315000.0	0.9262096458355809	2.558056839834237	-131.03547989941873
320000.0	0.9914386866180794	1.6485350492535362	-98.02439877062581
325000.0	1.0530491573293708	2.6300585869649633	-27.227003655361106
330000.0	1.0487761884679123	5.293782281888661	-9.682517305851315
334999.99999999994	1.0130842128420703	7.014394350823292	-3.5146489095208056
340000.00000000006	1.0092572524250565	7.150583569947463	2.4735608045249085
344999.99999999994	1.043290890102338	5.681370655504102	8.401036957767673
350000.00000000006	1.0572496906965074	3.0468366981057486	21.937836557955137
354999.99999999994	1.0043186514059341	1.5618347632306462	85.6321610783715
360000.00000000006	0.9329236341546807	2.4368455170616543	128.34778083840186
365000.0	0.9285070318184213	3.0233773980745755	140.56790640408286
370000.0	0.9969339332236361	3.6164681576857247	156.09172684672652
375000.0	1.0715601627666183	4.957597435851071	172.23320486624755
380000.0	1.101677019390839	5.891443026033662	179.8267159589421
385000.0	1.0741182140597858	5.036791679148697	-172.8365364018769
389999.99999999994	1.0008244758032834	3.6665607955419097	-157.06839793862346
395000.00000000006	0.9305659503868364	3.0406823816652624	-141.23091926253326
399999.99999999994	0.9308660526507735	2.4683932773618387	-129.2588078664462
405000.00000000006	1.0006674542771925	1.581550977815962	-89.52211871622787
409999.99999999994	1.056155907967561	2.926825752955919	-23.371578439740272
415000.0	1.044821555122457	5.568732556437818	-8.820686120512597
420000.0	1.0102012272088943	7.1118642554761085	-2.8421178994248275
425000.0	1.0119315961005542	7.063069577411284	3.1500846784694803
430000.0	1.0473977456017922	5.412087416670289	9.228145769850526
435000.0	1.0545519344587813	2.742561892483484	25.47060308598066
440000.0	0.9951467530291858	1.6165503747036627	94.63083993249138
444999.99999999994	0.927823891403302	2.529754084222991	130.22855094829828
450000.00000000006	0.9337183522451098	3.073924759354072	141.94870476664937
454999.99999999994	1.0066586771383015	3.7322188009933424	158.27630346422816
460000.00000000006	1.0778795997311048	5.130146870447669	173.48620777051275
464999.99999999994	1.101432102566119	5.883689605041833	-179.5329363155399
470000.0	1.0674032553423707	4.860904474523202	-171.49859594315865
475000.0	0.9911259354479217	3.5578999587615954	-154.89409936955525
480000.0	0.9260027665201355	2.9891317187178807	-139.8982021644431
485000.0	0.9365834528196091	2.3708846053364785	-127.20364581452401
490000.0	1.009661105514137	1.5536639272637107	-79.87891728223447
494999.99999999994	1.0582157032505803	3.237562195699848	-20.26212440895586
500000.00000000006	1.040540675756407	5.8266307984430386	-8.034578314192242
504999.99999999994	1.0078921202058668	7.187557657239866	-2.1586719175420868
510000.00000000006	1.0151425111476098	6.953371552419614	3.8195180921804393
514999.99999999994	1.0511000253059637	5.12672548303881	10.150553949831703
519999.99999999994	1.0508083830575732	2.4560448312189007	29.866162366637642
525000.0	0.9858322375077737	1.7028872329931262	102.35503664712883
530000.0	0.9238396488837264	2.614782883894239	131.8882002724102
535000.0	0.9399254034144439	3.125454388649393	143.4456093741127
540000.0	1.0163315463770208	3.86179167797377	160.46491354345767
545000.0	1.0835185641221463	5.2938587596977165	174.63193437135368
550000.0	1.1003838680083662	5.847560160172672	-178.84870297111908
555000.0	1.0600486480099134	4.6817269879007055	-169.9797165870802
560000.0	0.9815241622448287	3.461812994614794	-152.7196887139546
565000.0000000001	0.9225638860043002	2.935979686059401	-138.5831727244989
570000.0000000001	0.9432749827862454	2.2655038882806493	-124.73394675346672
575000.0000000001	1.0182897147166319	1.5761181233571038	-69.53070861642234
580000.0000000001	1.0592434779995885	3.5578386342598534	-17.681142688508178
585000.0000000001	1.0360456959309379	6.066722288792297	-7.245633834282395
590000.0000000001	1.0062028152636537	7.241857730828497	-1.4050015960011177
595000.0000000001	1.0188344809218117	6.820649878534201	4.547912101951793
600000.0000000001	1.054284454540923	4.826072197174326	11.271198263850648
605000.0000000001	1.0460203128415488	2.1933446140514725	35.42096777445623
610000.0000000001	0.9765045766053605	1.8094372896713982	108.85873171837993
615000.0	0.9210413896374966	2.692548691494495	133.44120020746368
620000.0	0.9470436065840584	3.179851739656007	145.12064018401892
625000.0	1.0258666075398137	4.005215188349553	162.65734922049847
630000.0	1.0884494907852216	5.444930669802639	175.7084211441924
635000.0	1.0985286786797543	5.783758134825611	-178.08506491412163
640000.0	1.0520982872422855	4.5030563522517415	-168.26779062367143
645000.0	0.972146033179572	3.377209931031237	-150.57839723616675
650000.0	0.9203287008950208	2.879897228168266	-137.26505803999572
655000.0	0.9508115519975182	2.1532835051965584	-121.7550300192813
660000.0	1.0263862860429027	1.6556988924999474	-59.271656409900714
665000.0	1.0592667704339473	3.882049540610539	-15.539603295862698
670000.0000000001	1.0314778353545544	6.286862479139297	-6.4767910730702996
675000.0000000001	1.0051817414812922	7.274584266004776	-0.6324330930829501
680000.0000000001	1.0229085700143739	6.665230238642503	5.281220053677469
685000.0000000001	1.0568097176313302	4.514125997229723	12.563443761184395
690000.0000000001	1.040256363866339	1.9644202522124505	42.24368463550575
695000.0000000001	0.9673786288821477	1.9260897268165342	114.18589010077977
700000.0000000001	0.9195009922172289	2.763309261377445	134.87466777510684
705000.0000000001	0.9549293951623806	3.2387805864977985	146.92439814798138
710000.0000000001	1.03512856746067	4.160920123167851	164.76336977460147
715000.0000000001	1.0926266068558639	5.5789797283309674	176.6820878255968
720000.0000000001	1.0958751136899703	5.694035659858259	-177.2663441181667
725000.0	1.0436332030504032	4.328991608606132	-166.4079769851677
730000.0	0.9631456458581067	3.3027612188170066	-148.5352045008785
735000.0	0.9193536701504916	2.819771209556601	-135.94296431759747
740000.0	0.959037235724085	2.036313932996242	-118.15748622744577
745000.0	1.0338008457272625	1.7922017852818122	-49.85419020946041
750000.0	1.0583440068847607	4.20542008945537	-13.755718962377331
755000.0	1.0269669211423302	6.48583481632565	-5.727588582337395
760000.0	1.004853214302835	7.285789897978607	0.14635632171926302
765000.0	1.0272643454758108	6.487281572326198	6.020058902235793
770000.0	1.058563135344957	4.193977599077753	14.077017168638333
775000.0000000001	1.0335928074075866	1.7785625381087233	50.44165928864273
780000.0000000001	0.9586244004250433	2.0457028066458895	118.53973834554743
785000.0000000001	0.9192454698915462	2.827901991853687	136.23457508495486
790000.0000000001	0.963455188162469	3.3041865765537453	148.85853185918447
795000.0000000001	1.0440270128301445	4.327046773778282	166.75680699954017
800000.0000000001	1.096030019290589	5.692546023672537	177.57056420069077
805000.0000000001	1.0924333410902658	5.5807507199131186	-176.37358166013155
810000.0000000001	1.0347245258939843	4.162680929749953	-164.4113475446023
815000.0000000001	0.954655313045893	3.2366441955606415	-146.60756790916062
820000.0000000001	0.9196628671091887	2.754499895530986	-134.5803612810325
825000.0000000001	0.9677955307206058	1.9177990947069512	-113.76997567076744
830000.0	1.0404142657066922	1.9797720148348554	-41.70401644428715
835000.0	1.0565561390901443	4.524059209276208	-12.249223386036872
840000.0	1.0226317496330046	6.662978799915022	-4.987289377764192
845000.0	1.0052249287264856	7.275476128538258	0.927017287777881
850000.0	1.0317914742617031	6.287195698375303	6.771835867634082
855000.0	1.0594460258666798	3.8691410903432724	15.874748781499505
860000.0	1.0261297580150222	1.6446187422644274	59.9018557239053
865000.0	0.9504085218544279	2.1633850015772422	122.1155829506062
870000.0	0.920276055873506	2.887302993808051	137.5592375213426
875000.0	0.9724882275975449	3.3780072322190673	150.91252339518405
880000.0	1.0524794902092185	4.5010150514839635	168.61625866625496
885000.0000000001	1.098644307664834	5.782629687346743	178.38965832449523
890000.0000000001	1.0882185768433394	5.446879707349649	-175.39106554243097
895000.0000000001	1.0254547356635448	4.006709785421241	-162.2995867549252
900000.0000000001	0.9468079815629847	3.1769382371402006	-144.80582872206733
905000.0000000001	0.921254958745211	2.6831199375785038	-133.13873269119208
910000.0000000001	0.976920182410799	1.8027282153896644	-108.39519723054062
915000.0000000001	1.0461269884657125	2.20968420070454	-34.92377630074632
920000.0000000001	1.0540017541907007	4.834491391829313	-10.957736443236127
925000.0000000001	1.0185822771723092	6.817914166028298	-4.248388826428361
930000.0000000001	1.006289041457453	7.243547640297518	1.7053276591326225
935000.0	1.0363707044384813	6.065655668510893	7.547374779449958
940000.0	1.0593774441710877	3.543543819684479	18.038008938060347
945000.0	1.017986874612641	1.5683754589228422	70.18621167612243
950000.0	0.9428879841508272	2.2760100429475822	125.08262039807231
955000.0	0.9225684716106639	2.942625813120237	138.88476642351426
960000.0	0.9818958802543623	3.462077726430971	153.06793304303557
965000.0	1.0604143771029104	4.679671242180161	170.3301431884117
970000.0	1.1004589993796812	5.846837714498415	179.15766948793794
975000.0	1.0832508069263271	5.295877596878474	-174.3020269373537
980000.0	1.0159149650966948	3.862951499960577	-160.10001988101655
985000.0	0.9397319950415193	3.1217174162671255	-143.12943688458088
990000.0000000001	0.9241024265772156	2.6048185912662425	-131.5736203911503
995000.0000000001	0.9862398420173053	1.6983666871929881	-101.83247682640165
1000000.0000000001	1.0508621815276225	2.4727702853414075	-29.40479413312218
