0.0	1.7090665593678842	163.08439238802387	0.0
1507.537688442211	1.5772789709254478	162.12348904254358	3.6118080294608434e-05
3015.075376884422	1.4523801177199516	161.05935767324615	8.002769073556243e-05
4522.613065326632	1.3341199820934757	159.8751858663708	0.00012874467892319658
6030.150753768844	1.222268295984969	158.55045175358185	0.000176365106835673
7537.688442211054	1.1166180837883992	157.05993374447038	0.00021589927433002284
9045.226130653265	1.0169901366878868	155.37242795114977	0.000241194402980661
10552.763819095477	0.9232388472523848	153.44909469769573	0.00024857536420919884
12060.301507537688	0.8352599812082461	151.24135390826103	0.00023786550793051153
13567.8391959799	0.7530011422003487	148.68827941297687	0.0002125742275647783
15075.376884422109	0.676475854333084	145.71355273089046	0.00017923016987739313
16582.91457286432	0.6057822131194599	142.2223320263417	0.00014601495913448635
18090.452261306535	0.5411265822452701	138.09907549066477	0.00012100584171963015
19597.989949748742	0.48285101251986695	133.20877014739133	0.0001104234051169782
21105.527638190953	0.43145829084588755	127.40652041742945	0.00011727695110790063
22613.06532663317	0.3876184306617268	120.56370891976408	0.00014071136877646899
24120.603015075376	0.35212443258481335	112.6197523971852	0.0001762024598467547
25628.14070351759	0.32575318444275886	103.65784787909112	0.00021655851661014246
27135.6783919598	0.3090112066460064	93.97147418242315	0.0002535076458664149
28643.21608040201	0.30183775028270865	84.05415757163331	0.0002795220986434415
30150.753768844224	0.3034455068973544	74.47247723461977	0.0002894789254819741
31658.291457286432	0.3124403944536511	65.68819005139888	0.00028179099046079007
33165.82914572864	0.3271519212502008	57.9520805668173	0.0002587580338172557
34673.36683417086	0.3459650834802247	51.31368841639809	0.00022605929199061487
36180.904522613055	0.36751448532380904	45.6941176059496	0.00019150055155391386
37688.44221105528	0.39073811814392373	40.95850963765437	0.0001632934555531603
39195.979899497484	0.41485045729703	36.962458438118354	0.00014824515511216392
40703.5175879397	0.43928760134361927	33.57425440945393	0.00015025813127673388
42211.05527638191	0.46365227464564507	30.682343548423745	0.0001694708452500986
43718.59296482413	0.4876685809006543	28.19561747819093	0.00020222844343425694
45226.13065326632	0.5111478097557125	26.040921565214774	0.00024188946019146413
46733.668341708544	0.5339635927747256	24.159887434161735	0.0002802900477751126
48241.20603015075	0.556034153938301	22.50595497392771	0.0003095427368356623
49748.74371859296	0.5773096901649438	21.041861499609684	0.00032377358403299413
51256.28140703518	0.5977633840428145	19.737627784252602	0.000320415742003259
52763.819095477375	0.6173849702134562	18.56898109905356	0.00030077479846265826
54271.3567839196	0.6361760982191903	17.516133991561784	0.000269742050528266
55778.8944723618	0.6541469652924766	16.562841974744366	0.00023471828053221264
57286.43216080402	0.671313853302275	15.695676027891526	0.00020398486680526013
58793.96984924623	0.6876973147334501	14.903459173747706	0.0001848808309230752
60301.50753768845	0.7033208285695437	14.176828059879911	0.00018218728712864768
61809.04522613064	0.7182097992981173	13.507889813842269	0.0001970747921512204
63316.582914572864	0.7323908085464028	12.889951836716824	0.0002268465051712898
64824.120603015086	0.7458910542159565	12.317307521930138	0.0002655326065914019
66331.65829145728	0.7587379298631889	11.78506519151144	0.00030520514368580676
67839.19597989951	0.7709587097829542	11.289010570143722	0.00033772334676765534
69346.73366834172	0.7825803143549859	10.82549553879269	0.00035652584566419856
70854.27135678392	0.7936291367629563	10.391347545769678	0.0003580743705697777
72361.80904522614	0.8041309169477708	9.98379547409016	0.00034263239985311947
73869.34673366834	0.8141106520909503	9.600408664270004	0.00031420675744608435
75376.88442211055	0.8235925354430852	9.239046570670979	0.0002796658437966795
76884.42211055275	0.832599917155347	8.897816988564982	0.00024722639832704997
78391.95979899497	0.8411552821502682	8.57504141191792	0.0002246470205466116
79899.4974874372	0.8492802411099232	8.269225919632483	0.0002175169173419791
81407.0351758794	0.8569955314745074	7.979036919096656	0.000228028465420677
82914.57286432161	0.8643210259902417	7.7032805271124705	0.0002544931108211698
84422.11055276381	0.8712757468776001	7.440885061213924	0.0002917126314869023
85929.64824120603	0.8778778841235123	7.190886143633898	0.0003321266057443273
87437.18592964826	0.8841448167608803	6.952413686591645	0.0003674733089743524
88944.72361809044	0.8900931362831991	6.724680727462611	0.00039061003929074655
90452.26130653267	0.8957386715615908	6.506973692924222	0.00039708599121257885
91959.79899497489	0.9010965147952428	6.29864383556657	0.00038611970047498637
93467.33668341709	0.906181048134772	6.099099814291087	0.00036077035986203384
94974.87437185929	0.9110059706886293	5.907801355922455	0.00032726811988527003
96482.4120603015	0.9155843256621254	5.724253582299615	0.00029363736158976146
97989.94974874373	0.9199285274027731	5.548002296682202	0.0002679333492789563
99497.48743718592	0.9240503881458446	5.37862987319925	0.0002564695008399761
101005.02512562815	0.9279611442708596	5.215751631995746	0.00026242441331664467
102512.56281407036	0.931671481909208	5.059012793144027	0.0002851449934710515
104020.10050251256	0.935191561776122	4.908085675465288	0.000320287607028094
105527.63819095478	0.9385310431405286	4.762667325278206	0.0003607788608664528
107035.17587939698	0.941699106888695	4.622477160424314	0.00039836733702278094
108542.7135678392	0.9447044776729833	4.487254964005303	0.0004254434649777373
110050.25125628142	0.9475554451688155	4.35675895590613	0.00043671286772962504
111557.7889447236	0.950259884479774	4.2307640795154375	0.0004303645998494165
113065.32663316581	0.9528252757394996	4.109060296694786	0.00040846297560815617
114572.86432160804	0.955258722953742	3.991451304942858	0.0003765013227936748
116080.40201005025	0.957566972115791	3.877753197354129	0.0003421861793559968
117587.93969849245	0.9597564286148201	3.7677934443413426	0.0003137444093688803
119095.47738693467	0.9618331739430298	3.661409973126526	0.00029811017034689466
120603.0150753769	0.9638029816966894	3.5584503666481586	0.000299397386688127
122110.55276381908	0.9656713328649854	3.4587713391501516	0.000318000874358188
123618.09045226131	0.9674434304019113	3.3622379212680427	0.00035049797902767064
125125.62814070353	0.969124213085115	3.268723105074407	0.0003904130188365638
126633.16582914573	0.9707183686780072	3.178107207028517	0.00042963696808388487
128140.70351758793	0.9722303464223807	3.090277305482852	0.00046021205030877396
129648.24120603014	0.9736643688990498	3.0051268321214666	0.00047608975785787624
131155.77889447234	0.9750244433018544	2.922554884607486	0.00047445400148749965
132663.31658291456	0.9763143721676466	2.842465813542732	0.0004563450897480607
134170.85427135677	0.9775377636066048	2.7647687527073233	0.0004264299374853449
135678.39195979902	0.9786980410652981	2.6893772504324387	0.00039197581777724374
137185.92964824123	0.9797984526483167	2.6162089372012116	0.0003612512168964789
138693.46733668345	0.980842080015278	2.5451852112038624	0.00034170072291757016
140201.00502512566	0.9818318468631714	2.476231127178094	0.00033831358580321277
141708.54271356785	0.9827705269999429	2.4092750758715376	0.00035251427000520494
143216.08040201006	0.9836607520125653	2.3442488907668277	0.0003818645579748936
144723.61809045228	0.9845050185389977	2.281087422446068	0.0004205827422746704
146231.15577889446	0.9853056951536936	2.219728710506131	0.0004608355258857757
147738.69346733668	0.98606502888508	2.1601134949987317	0.0004944438096321771
149246.2311557789	0.9867851513852547	2.1021852172259585	0.0005146940198428043
150753.7688442211	0.9874680847777969	2.045889789400709	0.0005178146000268297
152261.30653266335	0.9881157472077606	1.9911753759579176	0.0005038051628338584
153768.8442211055	0.9887299581187174	1.937992182330958	0.0004764354295141201
155276.38190954772	0.9893124432768744	1.8862923007944061	0.0004424160529076253
156783.91959798994	0.9898648395587827	1.8360296044199487	0.0004099225854098992
158291.45728643218	0.9903886995128753	1.7871596875150302	0.00038679822847861173
159798.9949748744	0.9908854957036245	1.739639587670094	0.00037881334717278914
161306.5326633166	0.9913566248411646	1.6934281505256363	0.0003884197520564823
162814.0703517588	0.9918034117015609	1.6484855670351148	0.000414184554616018
164321.608040201	0.9922271128410515	1.6047737246455671	0.0004511295470416696
165829.14572864323	0.9926289201106046	1.5622557759233637	0.0004918018178724148
167336.68341708544	0.9930099639791731	1.5208964874723403	0.0005279403639791379
168844.22110552763	0.9933713166767666	1.4806618789727082	0.0005522754964040358
170351.75879396984	0.9937139951690033	1.4415192540861004	0.0005601398644710486
171859.29648241206	0.9940389639770446	1.4034370152956726	0.0005504868264550975
173366.83417085427	0.9943471378555931	1.3663847365799169	0.0005261353453846668
174874.37185929652	0.9946393843389064	1.3303327756961334	0.0004931269344573998
176381.90954773867	0.9949165261651959	1.2952526025236526	0.000459423787765121
177889.4472361809	0.9951793435859543	1.2611163675233534	0.0004331282703177003
179396.98492462313	0.9954285765626463	1.22789708278826	0.0004207147272272359
180904.52261306535	0.9956649268556923	1.195568795183596	0.0004256138402845253
182412.06030150756	0.995889060007536	1.1641060805894134	0.00044742587381349107
183919.59798994978	0.9961016072213533	1.1334846524909632	0.0004820469634979509
185427.13567839196	0.996303167137857	1.103680725527141	0.0005225324021698269
186934.67336683418	0.9964943075157654	1.0746716672030363	0.0005606685059542429
188442.2110552764	0.9966755668195619	1.0464353811539717	0.0005887430782451837
189949.74874371858	0.9968474557215623	1.018950619699365	0.0006012678172195492
191457.2864321608	0.9970104585250877	0.9921967340552271	0.0005961700788301565
192964.824120603	0.9971650345137882	0.9661538196599149	0.0005752667104362556
194472.36180904522	0.9973116192349629	0.9408023288058392	0.0005438402762594554
195979.89949748747	0.9974506257202486	0.9161234794500865	0.0005095063658850274
197487.43718592968	0.9975824456471964	0.8920987337092713	0.00048050152723034634
198994.97487437184	0.9977074504456847	0.8687103063496929	0.00046390814589489785
200502.51256281405	0.9978259923489069	0.8459407716334103	0.0004640674702712705
202010.0502512563	0.997938405392381	0.8237731509996615	0.00048162924594454107
203517.5879396985	0.9980450063593906	0.8021909328015063	0.0005134111915803414
205025.12562814073	0.9981460956764109	0.781178436484166	0.0005531172866676329
206532.6633165829	0.9982419582590266	0.7607201854575156	0.0005926917036084348
208040.20100502513	0.9983328643120403	0.740801215614631	0.0006241065558115625
209547.73869346734	0.9984190700851928	0.7214071247915123	0.0006411369106371396
211055.27638190956	0.9985008185886634	0.7025238747450689	0.0006407199844113696
212562.81407035174	0.9985783402717018	0.6841379741923008	0.0006236432133025389
214070.35175879396	0.9986518536672967	0.666236221508046	0.0005943554548300329
215577.88944723617	0.9987215660051919	0.6488054346607359	0.0005599777434878366
217085.4271356784	0.9987876737954948	0.6318333094230754	0.0005287824462368977
218592.96482412063	0.9988503633837417	0.6153075122694872	0.0005083245840090222
220100.50251256285	0.9989098114790548	0.5992159218900662	0.0005037859745831405
221608.040201005	0.9989661856558035	0.5835469706249349	0.0005168592901643842
223115.57788944725	0.99901964482872	0.5682893787373009	0.0005453577446392067
224623.11557788946	0.9990703397032716	0.553432158334957	0.0005836960668989753
226130.65326633168	0.9991184132009124	0.538964608226118	0.0006241198227484577
227638.1909547739	0.9991640008609717	0.524876341016024	0.0006584145486664584
229145.72864321608	0.9992072312208831	0.5111575244479112	0.0006797296334490333
230653.2663316583	0.9992482261755754	0.49779853204495306	0.0006840647982535614
232160.8040201005	0.9992871013178093	0.48478946671864415	0.0006711271817077944
233668.34170854272	0.9993239662621572	0.4721217138193685	0.0006444910218247549
235175.8793969849	0.9993589249521506	0.45978571096106785	0.0006106689667898712
236683.41708542712	0.9993920759526967	0.44777330835095663	0.000577836093050445
238190.95477386934	0.9994235127291601	0.4360753199868421	0.0005538680747053835
239698.49246231158	0.9994533239119491	0.4246838354411228	0.0005447554004016618
241206.0301507538	0.9994815935481572	0.41359073720474815	0.0005531965619509588
242713.567839196	0.9995084013402712	0.40278778711479957	0.0005780006678675195
244221.10552763817	0.9995338228723415	0.3922673859770999	0.0006143999067197612
245728.6432160804	0.999557929823716	0.3820222272677066	0.0006550790296837647
247236.18090452263	0.9995807901706808	0.3720450815890379	0.0006917716035877016
248743.71859296484	0.9996024683775833	0.3623288795359481	0.0007170853118313063
250251.25628140706	0.9996230255769292	0.3528667745688714	0.0007261341178844792
251758.79396984924	0.9996425197405167	0.3436521312603331	0.0007176140494803861
253266.33165829146	0.9996610058420595	0.3346784933526975	0.0006940891313312859
254773.86934673367	0.9996785360106699	0.32593956096460835	0.0006614263146118613
256281.40703517586	0.9996951596775807	0.3174291821190866	0.0006275039814811271
257788.94472361807	0.999710923716087	0.30914135751799826	0.0006004781758642196
259296.48241206023	0.9997258725744054	0.30107025101662593	0.0005869877862339053
260804.0201005025	0.9997400484021621	0.29321018483812084	0.0005906944761470762
262311.5577889447	0.999753491169214	0.28555559587495344	0.000611473149684317
263819.09547738684	0.9997662387798989	0.27810097891857843	0.0006454328158695206
265326.6331658291	0.9997783271798988	0.2708409299549761	0.0006857771221231312
266834.1708542713	0.9997897904578423	0.2637703505529768	0.0007243120237426
268341.70854271355	0.9998006609410495	0.25688454845867426	0.0007532554849504342
269849.24623115576	0.9998109692860238	0.25017886576321335	0.0007669299607935389
271356.7839195979	0.9998207445640942	0.24364828588417337	0.0007629921515053609
272864.3216080402	0.9998300143433999	0.23728799445714088	0.0007429840419207744
274371.85929648235	0.9998388047657324	0.23109404121242763	0.0007120292766052382
275879.3969849246	0.9998471406197386	0.22506229853112952	0.0006776406819916697
277386.9346733668	0.9998550454108205	0.21918780509911165	0.0006480345460255651
278894.47236180905	0.9998625414290636	0.21346659966390652	0.0006304329491107702
280402.0100502512	0.999869649810852	0.20789536800578773	0.0006294403744960183
281909.5477386934	0.9998763905995207	0.20246930825753606	0.0006459080999319903
283417.0854271357	0.9998827828023346	0.19718463095134492	0.0006769071282473772
284924.62311557785	0.9998888444443924	0.19203854154347821	0.0007163528019438519
286432.16080402	0.9998945926199118	0.18702624852468344	0.0007561732352200566
287939.6984924623	0.99990004353916	0.1821447861978741	0.0007883292894278636
289447.23618090444	0.9999052125753896	0.17739127928791412	0.0008064534183248954
290954.7738693467	0.9999101143069297	0.17276107736623356	0.0008071633728355304
292462.3115577889	0.9999147625575212	0.1682524584513377	0.0007910864562451183
293969.8492462311	0.999919170436241	0.16386131742900242	0.0007623820131311455
295477.38693467336	0.9999233503737454	0.15958460875461214	0.0007280700684397277
296984.9246231155	0.9999273141573125	0.15542029358124482	0.0006964436746392141
298492.4623115578	0.9999310729639396	0.15136377402952111	0.000675055046095636
299999.99999999994	0.9999346373928728	0.14741414001948336	0.000669423797018052
