0.0	1.481820317551104	147.16461498709384	0.0
1507.537688442211	1.3749117371901896	145.31648584659766	2.377295530155885e-05
3015.075376884422	1.2745796002646235	143.29265322626554	5.944978960322141e-05
4522.613065326632	1.1806788391942493	141.07207125474093	0.00010279566322816689
6030.150753768844	1.0930928370435602	138.6315565460468	0.00014700142146089574
7537.688442211054	1.0117356222842449	135.94605798171511	0.00018443646752646666
9045.226130653265	0.936553485375518	132.98927684985424	0.00020850744585828847
10552.763819095477	0.8675254521645984	129.73480736644822	0.00021524483046128924
12060.301507537688	0.8046617623849163	126.15799847244416	0.00020427444177546878
13567.8391959799	0.7479991848404464	122.23872972322789	0.00017897388054112162
15075.376884422109	0.6975917592953721	117.96519964470366	0.00014578297624752665
16582.91457286432	0.6534955994414937	113.33858386244296	0.00011282269172206081
18090.452261306535	0.6157470355257405	108.37799425115278	8.812743395819604e-05
19597.989949748742	0.5843349213445745	103.12461401585912	7.788405323879429e-05
21105.527638190953	0.5591703775116343	97.64342811210267	8.507194680628855e-05
22613.06532663317	0.5400599083750824	92.02101298008296	0.0001088092388987662
24120.603015075376	0.5266892629202745	86.35873340784627	0.00014455177658586967
25628.14070351759	0.5186240795888776	80.76229616837671	0.0001851000609538889
27135.6783919598	0.5153289836706215	75.33016211166527	0.00022218974594947577
28643.21608040201	0.5162011618227368	70.14384539694733	0.000248313562889496
30150.753768844224	0.5206103910466494	65.2622668657088	0.00025837405397659404
31658.291457286432	0.5279369103002023	60.72066524132298	0.00025080532773392804
33165.82914572864	0.5376010193239628	56.53310274879927	0.00022791881175992726
34673.36683417086	0.549081979738992	52.696946842281534	0.0001953962803338596
36180.904522613055	0.5619268651233641	49.19783455169021	0.00016104060580871067
37688.44221105528	0.575751666245823	46.01414043637801	0.00013305862073199372
39195.979899497484	0.5902373406233397	43.120505849311265	0.00011825250324441083
40703.5175879397	0.6051231247920075	40.49036562354158	0.00012051987597692246
42211.05527638191	0.6201987877246179	38.09760615092913	0.00013999460430456998
43718.59296482413	0.6352968863078107	35.91755547103378	0.0001730181365108447
45226.13065326632	0.6502856065407497	33.92750037309853	0.00021294757015372518
46733.668341708544	0.6650624519833909	32.106889889468114	0.00025162008016525956
48241.20603015075	0.6795488454868206	30.437343684380043	0.0002811506585261561
49748.74371859296	0.6936856036967212	28.90254772179977	0.00029566790519445916
51256.28140703518	0.7074291938084439	27.48809151202867	0.0002926051370282098
52763.819095477375	0.7207486651148389	26.181281543953908	0.00027326536280125857
54271.3567839196	0.7336231487113074	24.9709515953939	0.00024253563245615464
55778.8944723618	0.7460398280162418	23.84728157761404	0.00020781182997600163
57286.43216080402	0.757992295277521	22.80163102935487	0.00017737148533638852
58793.96984924623	0.7694792221919338	21.826389616473175	0.00015855131518251447
60301.50753768845	0.7805032848523416	20.914844939299005	0.00015613133043511357
61809.04522613064	0.791070293937096	20.061066798539553	0.00017128191477290975
63316.582914572864	0.801188490249759	19.259806446339542	0.00020130654200909364
64824.120603015086	0.8108679734671467	18.506409186501436	0.00024023680390413291
66331.65829145728	0.8201202383886937	17.796738554389467	0.00028014671975950785
67839.19597989951	0.8289577982436614	17.127110649500363	0.00031289825333519563
69346.73366834172	0.8373938788496955	16.49423719416709	0.00033193239037344343
70854.27135678392	0.8454421707563761	15.895176153476212	0.0003337121672688658
72361.80904522614	0.853116629107011	15.327288916186099	0.0003184997460927426
73869.34673366834	0.8604313129167442	14.788203323984485	0.0002903003356553015
75376.88442211055	0.8674002569573849	14.275781619876948	0.0002559790721851639
76884.42211055275	0.8740373705604655	13.788092910299095	0.00022375218657216881
78391.95979899497	0.8803563585260641	13.323389267578047	0.00020137492094070788
79899.4974874372	0.8863706600349143	12.880085351386638	0.0001944385654269047
81407.0351758794	0.8920934020819697	12.456740461213853	0.00020513384308267076
82914.57286432161	0.8975373645130906	12.052043231771604	0.00023177329963185595
84422.11055276381	0.9027149542791815	11.664797979201012	0.00026916058221344434
85929.64824120603	0.9076381870131779	11.29391273844153	0.0003097354971988812
87437.18592964826	0.9123186744800136	10.938388594599356	0.00034523938784536515
88944.72361809044	0.9167676168238403	10.597310047001244	0.0003685308504809372
90452.26130653267	0.9209957988280717	10.269836444790782	0.00037515853513067366
91959.79899497489	0.9250135896111643	9.955194293768889	0.00036434141518198527
93467.33668341709	0.9288309453021927	9.652670389219463	0.0003391398128614681
94974.87437185929	0.932457414294736	9.36160568659729	0.0003057798852298415
96482.4120603015	0.9359021446847067	9.081390099651738	0.0002722856187482035
97989.94974874373	0.9391738934827321	8.811457942939976	0.0002467141133828124
99497.48743718592	0.9422810371801476	8.55128381051753	0.0002353757149644059
101005.02512562815	0.945231583249331	8.300379244238117	0.00024144918936855843
102512.56281407036	0.9480331821930376	8.05828975515648	0.0002642830480326611
104020.10050251256	0.9506931398166433	7.824591981102684	0.00029953464582829255
105527.63819095478	0.9532184294784842	7.5988912799882	0.00034012935337381117
107035.17587939698	0.9556157041657398	7.380819424324575	0.00037781896860655014
108542.7135678392	0.9578913083262686	7.170032272669629	0.0004049924929195317
110050.25125628142	0.960051289456841	6.966207887384988	0.00041636057197874253
111557.7889447236	0.9621014094902007	6.76904426233727	0.0004101068902163703
113065.32663316581	0.9640471560383769	6.578257767032289	0.00038829862516955987
114572.86432160804	0.9658937535374049	6.393581399738708	0.0003564264956320255
116080.40201005025	0.9676461743095749	6.2147634630573805	0.00032220054578883744
117587.93969849245	0.9693091495232019	6.041566112213605	0.00029384235048145755
119095.47738693467	0.9708871799940398	5.873764606064253	0.00027828586811679836
120603.0150753769	0.9723845467478027	5.7111464787565485	0.0002796514305088865
122110.55276381908	0.9738053212573137	5.55351054375101	0.000298327139181572
123618.09045226131	0.9751533752742988	5.40066650855644	0.00033089413967123804
125125.62814070353	0.9764323902011243	5.252434283265636	0.0003708763561977719
126633.16582914573	0.9776458659785451	5.108643348051733	0.0004101657960518724
128140.70351758793	0.978797129499925	4.969132093399179	0.00044080702748432133
129648.24120603014	0.9798893425894002	4.833747090368016	0.0004567448098525519
131155.77889447234	0.9809255096020485	4.702342683817939	0.0004551693221504364
132663.31658291456	0.9819084847059925	4.574780058824254	0.0004371213078947896
134170.85427135677	0.9828409789042166	4.4509266811223815	0.00040726438142901165
135678.39195979902	0.9837255668331765	4.330655981843204	0.0003728671487433214
137185.92964824123	0.9845646933567327	4.213846802336926	0.00034219700828244345
138693.46733668345	0.9853606799525225	4.100383058026193	0.00032269770595855154
140201.00502512566	0.9861157308722055	3.9901536409736797	0.00031935882164841077
141708.54271356785	0.9868319390473391	3.8830520854677886	0.00033360926194470915
143216.08040201006	0.9875112917127193	3.77897645603302	0.00036300474978890793
144723.61809045228	0.9881556757284912	3.6778292385022016	0.00040176787003305957
146231.15577889446	0.988766882593054	3.5795172118743928	0.000442061752353592
147738.69346733668	0.9893466131572206	3.4839511338854634	0.0004757111265231745
149246.2311557789	0.9898964820607169	3.391045502670295	0.000496003186567684
150753.7688442211	0.9904180219251684	3.300718306941001	0.0004991668111002834
152261.30653266335	0.9909126873378215	3.2128905425141236	0.0004851925573235414
153768.8442211055	0.9913818586610065	3.1274865122397926	0.00045786135750515254
155276.38190954772	0.9918268456927921	3.044432853189072	0.0004238779310606932
156783.91959798994	0.9922488911955392	2.9636589784767597	0.00039142439666453246
158291.45728643218	0.992649174295618	2.885096351671243	0.000368330646555111
159798.9949748744	0.9930288137517599	2.808679126479492	0.0003603829812303606
161306.5326633166	0.9933888710798227	2.7343434140936167	0.00037001785484408863
162814.0703517588	0.9937303535238031	2.6620279014267947	0.000395816882511266
164321.608040201	0.9940542168631629	2.5916731293530657	0.00043278462608672795
165829.14572864323	0.9943613680533784	2.523222296680279	0.0004734888250442736
167336.68341708544	0.994652667703543	2.456620207103581	0.0005096518483459536
168844.22110552763	0.9949289324023463	2.3918141772020376	0.0005340183451839839
170351.75879396984	0.9951909369076558	2.3287528744517814	0.0005419073886473886
171859.29648241206	0.9954394162192988	2.267387037638944	0.0005322810144454981
173366.83417085427	0.99567506755333	2.2076688720044477	0.0005079507348220076
174874.37185929652	0.9958985522317513	2.149552107418979	0.0004749708620034995
176381.90954773867	0.9961104974989778	2.092991652151125	0.00044129049504156996
177889.4472361809	0.996311498269656	2.0379438113762407	0.0004150203474346579
179396.98492462313	0.9965021188057508	1.9843660372863314	0.00040263209519920723
180904.52261306535	0.9966828943202901	1.9322171161803252	0.0004075461500912596
182412.06030150756	0.9968543325028377	1.8814573773550187	0.0004293844578420654
183919.59798994978	0.9970169149612053	1.8320479347203984	0.00046402332289232007
185427.13567839196	0.9971710985768911	1.783951375265657	0.0005045281107981248
186934.67336683418	0.9973173167770859	1.7371316860354638	0.000542680356321664
188442.2110552764	0.99745598072633	1.6915540225830554	0.0005707759130914355
189949.74874371858	0.9975874804467337	1.647184509286835	0.0005833212134002384
191457.2864321608	0.9977121858759342	1.6039903157604172	0.0005782429153584986
192964.824120603	0.9978304478711797	1.5619396542604436	0.0005573523351566569
194472.36180904522	0.9979425991692744	1.5210015768997	0.0005259402109886368
195979.89949748747	0.9980489553074665	1.4811463071389404	0.000491628082755792
197487.43718592968	0.9981498155075111	1.442343947011548	0.000462638078636094
198994.97487437184	0.9982454635255685	1.4045662199586206	0.00044605672885454303
200502.51256281405	0.9983361684640646	1.3677853241773257	0.0004462277634071514
202010.0502512563	0.9984221855457855	1.3319741581189448	0.00046380245188132406
203517.5879396985	0.9985037568448463	1.2971065733733915	0.0004956079364563988
205025.12562814073	0.9985811119755027	1.2631569932377658	0.0005353280621905639
206532.6633165829	0.998654468737756	1.230100584313519	0.0005749035310078465
208040.20100502513	0.9987240337229618	1.197914083486638	0.0006063385592718613
209547.73869346734	0.99879000288129	1.1665737619344994	0.0006233792927773185
211055.27638190956	0.9988525620567278	1.1360573774116842	0.0006229722719167603
212562.81407035174	0.9989118874943472	1.1063433209886786	0.0006059086597544449
214070.35175879396	0.9989681463239632	1.077410193442446	0.0005766293212659344
215577.88944723617	0.9990214970235716	1.0492372141850799	0.0005422681577615307
217085.4271356784	0.9990720898644314	1.021804170389743	0.0005110807313644659
218592.96482412063	0.9991200673380133	0.9950914234176659	0.0004906274495370399
220100.50251256285	0.9991655645650973	0.9690798669706868	0.0004861073080462678
221608.040201005	0.9992087096856833	0.9437504824290912	0.0004991936091976097
223115.57788944725	0.9992496242277876	0.919084892871047	0.000527690670740722
224623.11557788946	0.9992884234556206	0.8950662193361978	0.0005660494699239153
226130.65326633168	0.9993252166960471	0.8716763267321812	0.000606470444141288
227638.1909547739	0.9993601076440427	0.8488996109188511	0.0006407935620369685
229145.72864321608	0.9993931946496555	0.8267189144042161	0.0006621036537645011
230653.2663316583	0.9994245709877575	0.8051196706634624	0.0006664488469563337
232160.8040201005	0.9994543251128256	0.7840859368108108	0.0006535322325594302
233668.34170854272	0.9994825409023507	0.7636028326113394	0.0006268815497766653
235175.8793969849	0.9995092978890252	0.7436564492952706	0.0005930790903509376
236683.41708542712	0.9995346714835176	0.7242325324525383	0.0005602518687790167
238190.95477386934	0.9995587331892792	0.7053170268873793	0.0005363052361099904
239698.49246231158	0.9995815508074929	0.6868964527371723	0.0005271999746456998
241206.0301507538	0.9996031886328126	0.6689577745510951	0.0005356340038188292
242713.567839196	0.9996237076392489	0.6514882832809515	0.0005604426283543917
244221.10552763817	0.9996431656555079	0.6344755942417619	0.0005968545850217218
245728.6432160804	0.9996616175295782	0.6179076750005953	0.0006375436830028711
247236.18090452263	0.9996791152826668	0.6017728544511134	0.0006742423264960311
248743.71859296484	0.9996957082539483	0.5860598055977201	0.0006995614450054186
250251.25628140706	0.9997114432359262	0.5707575076389003	0.0007086163538696826
251758.79396984924	0.9997263646027843	0.5558552050842687	0.0007001012201836474
253266.33165829146	0.999740514432751	0.5413424028255768	0.0006765770271503867
254773.86934673367	0.9997539326236883	0.5272089317327244	0.0006439111483106124
256281.40703517586	0.9997666570049177	0.5134450247004727	0.0006099896441662894
257788.94472361807	0.9997787234447644	0.5000412066209908	0.0005829776527143848
259296.48241206023	0.9997901659533763	0.48698793832037796	0.0005695079077679532
260804.0201005025	0.9998010167812493	0.47427551515428473	0.0005732181932244136
262311.5577889447	0.9998113065116347	0.4618947591125676	0.0005939772299562373
263819.09547738684	0.999821064149464	0.4498375591694475	0.0006279302979409758
265326.6331658291	0.9998303172038466	0.43809575176393484	0.0006683020950462373
266834.1708542713	0.9998390917657939	0.4266601826708117	0.0007068539084843532
268341.70854271355	0.9998474125810644	0.4155226662883744	0.0007357826058386191
269849.24623115576	0.9998553031181954	0.4046766783892684	0.0007494599866098176
271356.7839195979	0.9998627856328494	0.3941141292222733	0.0007455359137531222
272864.3216080402	0.9998698812295242	0.3838265820337388	0.0007255212329709566
274371.85929648235	0.9998766099193777	0.37380845785130384	0.0006945825982299767
275879.3969849246	0.9998829906758072	0.3640523516459189	0.0006601970350493774
277386.9346733668	0.9998890414880691	0.35455005209930635	0.0006305710308687739
278894.47236180905	0.9998947794139357	0.34529696779417807	0.0006130090226789767
280402.0100502512	0.9999002206274911	0.33628528128094914	0.0006120030753033195
281909.5477386934	0.9999053804664101	0.3275081475340651	0.0006284518224288077
283417.0854271357	0.9999102734763005	0.31896144633237333	0.000659507503244962
284924.62311557785	0.9999149134524677	0.3106364980501962	0.0006989027184150108
286432.16080402	0.9999193134794093	0.3025295216423234	0.0007387506562119403
287939.6984924623	0.9999234859662116	0.29463425666852316	0.0007709282502971185
289447.23618090444	0.9999274426824281	0.28694408814117794	0.0007890015840338803
290954.7738693467	0.9999311947894758	0.27945620105683705	0.0007897839253704307
292462.3115577889	0.9999347528706036	0.2721620884498568	0.0007736473258626706
293969.8492462311	0.9999381269615583	0.26506000376748573	0.0007449853283679036
295477.38693467336	0.9999413265777269	0.2581422802309444	0.0007106670224443003
296984.9246231155	0.9999443607410141	0.2514057021190617	0.0006790234673592444
298492.4623115578	0.9999472380053108	0.24484520789115735	0.0006576800276342715
299999.99999999994	0.9999499664820108	0.2384551669654188	0.0006519955570104127
