0.0	0.3137024496221581	146.3049721467329	0.0
1507.537688442211	0.25914130624047754	139.15523490422268	1.0892829894207229e-05
3015.075376884422	0.21284634773506445	129.15502027999804	3.747179073608883e-05
4522.613065326632	0.17775904955002234	115.28055708525973	7.436310338629884e-05
6030.150753768844	0.15786039714532493	97.43495158040243	0.00011391279785922547
7537.688442211054	0.15580806448593493	78.06905290643313	0.00014787562332636917
9045.226130653265	0.16966986660819686	61.043329202072705	0.0001692338308138245
10552.763819095477	0.19410624816111	48.14618129958149	0.0001737449425839176
12060.301507537688	0.22418117434334767	38.908368884808816	0.00016087791401192398
13567.8391959799	0.2567524727120754	32.28121162818079	0.0001339311539189541
15075.376884422109	0.2900650424317049	27.412427608703414	9.930662903800213e-05
16582.91457286432	0.3231659414081528	23.73106219062911	6.510006857265592e-05
18090.452261306535	0.3555367975216467	20.87010075923571	3.9317874054477426e-05
19597.989949748742	0.38689644674459456	18.59199607922381	2.811343619816362e-05
21105.527638190953	0.41709706704439525	16.739471772363206	3.443194786123654e-05
22613.06532663317	0.4460682620977332	15.205569605521779	5.736210964353268e-05
24120.603015075376	0.4737858781243143	13.915594323321184	9.233701391302242e-05
25628.14070351759	0.5002539593273799	12.816076089189284	0.00013214162714360252
27135.6783919598	0.5254939392617609	11.867869906398683	0.00016850048256159168
28643.21608040201	0.5495379650134623	11.041733550909624	0.00019390070681355137
30150.753768844224	0.5724246641753433	10.315423600860761	0.00020324831831419965
31658.291457286432	0.5941964016616912	9.67174363460591	0.0001949877525421388
33165.82914572864	0.6148974711467435	9.097203853143775	0.00017144109347214616
34673.36683417086	0.6345728877473341	8.58108224251648	0.00013830656576777162
36180.904522613055	0.6532675761266027	8.114754872198848	0.00010339357866568281
37688.44221105528	0.6710258237395264	7.69121029162334	7.490513869684855e-05
39195.979899497484	0.6878909148465692	7.304692040109107	5.964389143235586e-05
40703.5175879397	0.7039048894873197	6.950431657169275	6.149140689805855e-05
42211.05527638191	0.7191083898325407	6.62444689181054	8.057982664266288e-05
43718.59296482413	0.7335405681788755	6.323387133626508	0.00011324533561241062
45226.13065326632	0.7472390387102754	6.044413812610955	0.00015284033441190535
46733.668341708544	0.760239860455927	5.785106826230796	0.00019119847652117704
48241.20603015075	0.7725775425091377	5.543390636813352	0.0002204458611030334
49748.74371859296	0.7842850650965609	5.317475220106073	0.00023468322753162341
51256.28140703518	0.7953939118571459	5.105808879808682	0.0002313627743975247
52763.819095477375	0.8059341099418474	4.90703975990918	0.0002117820524727468
54271.3567839196	0.8159342754369898	4.7199847143085085	0.00018084072960714435
55778.8944723618	0.8254216622515697	4.543603620014848	0.00014590247914121057
57286.43216080402	0.8344222130725809	4.376978534586612	0.00011526734384816831
58793.96984924623	0.842960611331609	4.219296168838794	9.627970933293957e-05
60301.50753768845	0.8510603333805031	4.069833379779621	9.368290827838051e-05
61809.04522613064	0.8587437002695206	3.9279452485797774	0.00010865372420595269
63316.582914572864	0.8660319286759474	3.7930548601784584	0.0001385171305471644
64824.120603015086	0.8729451806551778	3.6646445697150387	0.00017727403935617118
66331.65829145728	0.8795026119859011	3.5422488321879353	0.00021702576154821208
67839.19597989951	0.8857224189622528	3.4254477077098664	0.00024962937085793493
69346.73366834172	0.8916218835485294	3.313861458851532	0.00026853838008333007
70854.27135678392	0.8972174168544205	3.2071456429981633	0.0002701554623018973
72361.80904522614	0.9025246009282417	3.1049873400760246	0.0002548403596985543
73869.34673366834	0.9075582288777149	3.007100960159417	0.00022648614262723297
75376.88442211055	0.9123323433437366	2.91322582762478	0.0001920585425492309
76884.42211055275	0.9168602733538135	2.8231229243601472	0.0001597338868935661
78391.95979899497	0.9211546695844786	2.7365727912517444	0.00013720879604804193
79899.4974874372	0.9252275380617953	2.653373821659712	0.0001301659164391723
81407.0351758794	0.9290902723309027	2.5733401081212572	0.00014077374885504505
82914.57286432161	0.9327536841280186	2.4963000496512353	0.00016725509877113146
84422.11055276381	0.936228032595511	2.4220954693162793	0.00020454407168357203
85929.64824120603	0.939523052084287	2.350579768513159	0.0002450221299059728
87437.18592964826	0.9426479785983423	2.281617241823994	0.00028042881178539107
88944.72361809044	0.9456115749394572	2.2150819279764113	0.00030359080631432435
90452.26130653267	0.9484221546136175	2.1508568927978913	0.00031014027639096706
91959.79899497489	0.9510876045635741	2.0888329415897533	0.00029919201332814115
93467.33668341709	0.953615406788804	2.0289083735764106	0.00027386647387483244
94974.87437185929	0.9560126589108949	1.970988063066251	0.00024046196764662477
96482.4120603015	0.95828609373616	1.9149825519265227	0.0002068650542137718
97989.94974874373	0.9604420978614417	1.8608081916808314	0.00018121262771846237
99497.48743718592	0.9624867293651369	1.8083860883659224	0.00016972051145018366
101005.02512562815	0.96442573461987	1.7576425347782862	0.00017577172645974075
102512.56281407036	0.9662645642612085	1.7085074457721159	0.00019846113520185387
104020.10050251256	0.9680083883465875	1.6609155011576813	0.0002336217494636654
105527.63819095478	0.9696621107384755	1.6148049066901955	0.0002741695903644386
107035.17587939698	0.9712303827482014	1.570117298484608	0.00031176556520061
108542.7135678392	0.9727176160767375	1.526797799324123	0.00033885192053936466
110050.25125628142	0.9741279950903157	1.4847943617607653	0.0003500748852803021
111557.7889447236	0.9754654884684756	1.444058121477974	0.00034379528174275845
113065.32663316581	0.9767338602610581	1.404542047880616	0.00032186214336056817
114572.86432160804	0.9779366803872226	1.366202174890795	0.00028998240411175316
116080.40201005025	0.9790773346070466	1.3289959089826247	0.0002556520379046883
117587.93969849245	0.9801590339930171	1.2928832440896996	0.00022725446917698657
119095.47738693467	0.9811848239256848	1.257825460447122	0.00021152492683036966
120603.0150753769	0.9821575926336823	1.2237863126424544	0.00021284426278469812
122110.55276381908	0.9830800792987333	1.1907305248717768	0.00023142615188082515
123618.09045226131	0.983954881743522	1.1586248840184907	0.0002639302664423576
125125.62814070353	0.9847844637211338	1.1274374788703974	0.0003038539449324459
126633.16582914573	0.9855711618247616	1.097137860635035	0.0003430277467424303
128140.70351758793	0.9863171920371673	1.0676973931402236	0.00037369898619232534
129648.24120603014	0.9870246559386938	1.039087910492768	0.00038952380772432006
131155.77889447234	0.9876955465947501	1.0112832026376717	0.000387898710410049
132663.31658291456	0.988331754139609	0.9842577923431639	0.00036979446646532476
134170.85427135677	0.9889350710765019	0.9579870626285685	0.00033980736104485425
135678.39195979902	0.9895071973084665	0.9324479966730793	0.00030546919500107486
137185.92964824123	0.9900497449143286	0.907617426299353	0.0002747524848604483
138693.46733668345	0.9905642426830978	0.8834736484334346	0.00025519583911253407
140201.00502512566	0.9910521404179193	0.8599954077692894	0.0002516538820051911
141708.54271356785	0.9915148130200538	0.8371631670044006	0.0002659938771507592
143216.08040201006	0.9919535643612793	0.8149566297229025	0.0002953229722530098
144723.61809045228	0.9923696309559205	0.7933572322668164	0.00033398986781998675
146231.15577889446	0.992764185439954	0.7723471558477677	0.0003742580424007242
147738.69346733668	0.9931383398683695	0.7519088825978203	0.0004078928139228866
149246.2311557789	0.9934931488395712	0.7320253350557188	0.0004279324786828004
150753.7688442211	0.9938296124578366	0.7126811671029336	0.0004310422097279327
152261.30653266335	0.9941486791419366	0.6938608580954511	0.0004172333817647573
153768.8442211055	0.9944512482898737	0.6755486403289654	0.00038983191507439017
155276.38190954772	0.9947381728077639	0.6577302333369375	0.00035570295419618724
156783.91959798994	0.9950102615107848	0.6403919925294574	0.00032333015360668763
158291.45728643218	0.9952682814015212	0.6235194530798838	0.00030007066262704074
159798.9949748744	0.9955129598332201	0.6071001252320174	0.0002921861102457288
161306.5326633166	0.9957449865613094	0.591120544613627	0.0003017346795732464
162814.0703517588	0.9959650156899078	0.5755686984463042	0.00032755674661666997
164321.608040201	0.9961736675164093	0.5604318877487584	0.00036432534625976
165829.14572864323	0.9963715302799234	0.5456991341803912	0.00040491505026343084
167336.68341708544	0.9965591618177143	0.5313594006771903	0.00044119870374203363
168844.22110552763	0.996737091135125	0.5174010547622458	0.0004654340891452445
170351.75879396984	0.9969058198930888	0.5038144387951139	0.000473482588173968
171859.29648241206	0.9970658238184981	0.49058865328717816	0.00046382974281523724
173366.83417085427	0.9972175540425121	0.4777138920364793	0.00043932905359651174
174874.37185929652	0.9973614383694722	0.4651808571134603	0.0004062337446800709
176381.90954773867	0.9974978824819539	0.45298034865537395	0.00037249730618780656
177889.4472361809	0.9976272710850108	0.44110335997060285	0.00034635589699441946
179396.98492462313	0.997749968991125	0.42954042241787266	0.00033390153461033224
180904.52261306535	0.9978663221500207	0.4182830157798105	0.00033860698170971453
182412.06030150756	0.9979766586258059	0.4073239458186824	0.000360719566978416
183919.59798994978	0.9980812895232346	0.39665319813026517	0.0003950225241427663
185427.13567839196	0.9981805098648816	0.38626502135930496	0.0004358179999154775
186934.67336683418	0.9982745994230298	0.37615033018131033	0.0004740288089919797
188442.2110552764	0.9983638235072774	0.36630210390684476	0.0005021018567864791
189949.74874371858	0.998448433711077	0.35671324084274825	0.0005145683975718674
191457.2864321608	0.9985286686200522	0.3473764281089534	0.0005091614486824529
192964.824120603	0.9986047544825352	0.33828621120091534	0.0004883985781169726
194472.36180904522	0.9986769058469058	0.3294351951887257	0.00045701255828735804
195979.89949748747	0.9987453261660784	0.32081696837208973	0.00042273160863775286
197487.43718592968	0.9988102083707169	0.3124247740292269	0.00039337072351827967
198994.97487437184	0.9988717354141355	0.3042541480046151	0.000376977185789629
200502.51256281405	0.9989300807883407	0.29629817001358033	0.00037734747862123953
202010.0502512563	0.9989854090149757	0.2885508561307644	0.0003949757954301319
203517.5879396985	0.9990378761092895	0.2810066972786927	0.00042672574120949084
205025.12562814073	0.9990876300208	0.27366017705447665	0.00046624760386201013
206532.6633165829	0.9991348110501376	0.26650619350354426	0.0005055862418669259
208040.20100502513	0.9991795522450037	0.25954062674079637	0.000537231605870119
209547.73869346734	0.9992219797744137	0.2527579629850699	0.0005545909549471823
211055.27638190956	0.9992622132834511	0.24615138005984014	0.0005535932674955267
212562.81407035174	0.9993003662301756	0.23971995900815057	0.0005370557942394957
214070.35175879396	0.9993365462049767	0.23345534189565156	0.0005072537807234009
215577.88944723617	0.9993708552337613	0.22735676229358734	0.00047346909374767246
217085.4271356784	0.9994033900657693	0.2214157916031279	0.0004416011951159983
218592.96482412063	0.9994342424462904	0.215632481685601	0.00042158089709907445
220100.50251256285	0.9994634993758704	0.21000008327344905	0.00041725994070828716
221608.040201005	0.9994912433562395	0.20451382515411087	0.0004297746577045891
223115.57788944725	0.999517552623065	0.19917193490615184	0.0004581384213372004
224623.11557788946	0.9995425013670991	0.19397062447466024	0.0004968484104297381
226130.65326633168	0.9995661599435065	0.18890526764818724	0.0005376258654200179
227638.1909547739	0.9995885950699368	0.18397197688134317	0.0005720485392340786
229145.72864321608	0.9996098700146718	0.17916745554113347	0.0005933302242413245
230653.2663316583	0.9996300447747859	0.17448854896246663	0.0005975860560858306
232160.8040201005	0.9996491762444601	0.16993209356425495	0.0005846211638231747
233668.34170854272	0.999667318375742	0.16549492762964432	0.0005579924819986972
235175.8793969849	0.999684522330189	0.16117390599706818	0.0005242425751222171
236683.41708542712	0.999700836622858	0.1569658797724117	0.0004914509608363594
238190.95477386934	0.9997163072598226	0.15286768218564292	0.0004674402460340944
239698.49246231158	0.9997309778677134	0.14887621899307274	0.00045808139625572197
241206.0301507538	0.9997448898169582	0.1449887334977792	0.00046611508271177674
242713.567839196	0.9997580823386857	0.14120305272524433	0.0004906734288454603
244221.10552763817	0.9997705926357028	0.13751724917460545	0.0005273460669582117
245728.6432160804	0.9997824559874867	0.13392851789220317	0.0005686592789376154
247236.18090452263	0.9997937058494094	0.13043272329064584	0.0006055104961630842
248743.71859296484	0.9998043739472114	0.1270265298281043	0.0006301266758605797
250251.25628140706	0.9998144903661373	0.12370968635581715	0.0006387742432545439
251758.79396984924	0.9998240836355188	0.12048181043039538	0.000631048513406982
253266.33165829146	0.999833180809662	0.1173377386344778	0.0006079167823368043
254773.86934673367	0.9998418075433181	0.11427308897250227	0.0005742609000541756
256281.40703517586	0.9998499881640825	0.1112902452226427	0.0005403847705665156
257788.94472361807	0.9998577457413252	0.10838755094207188	0.0005144488433060818
259296.48241206023	0.9998651021514002	0.10555712452343168	0.0005001111990033503
260804.0201005025	0.999872078139666	0.10280116265977486	0.0005034417314583708
262311.5577889447	0.9998786933782221	0.10012056527664416	0.0005255231770820298
263819.09547738684	0.9998849665222744	0.09750564233518265	0.0005584333384794428
265326.6331658291	0.9998909152623253	0.09496042631593885	0.0005987257489312036
266834.1708542713	0.9998965563743435	0.09248435958207235	0.0006384650407987234
268341.70854271355	0.9999019057668809	0.09006767032557231	0.0006658566726731804
269849.24623115576	0.9999069785258503	0.08771877416870771	0.0006806122259967697
271356.7839195979	0.999911788956848	0.08542957194325514	0.0006766339856455873
272864.3216080402	0.999916350626072	0.08319784326929286	0.0006556382724419385
274371.85929648235	0.9999206763980887	0.08102979544089135	0.0006264104986957274
275879.3969849246	0.9999247784717892	0.07891174614271568	0.0005901821719252824
277386.9346733668	0.9999286684147911	0.07685483004805257	0.0005620387894679863
278894.47236180905	0.9999323571972994	0.0748481851452642	0.000543785648801732
280402.0100502512	0.999935855221705	0.07289418530731602	0.000542578300363389
281909.5477386934	0.9999391723523116	0.07099416476026801	0.0005601296615203161
283417.0854271357	0.999942317943367	0.06913804591857049	0.0005894341396143295
284924.62311557785	0.999945300865524	0.06733788798589858	0.0006310326933598966
286432.16080402	0.9999481295311891	0.06557628255939726	0.0006685582149568973
287939.6984924623	0.999950811917075	0.06386904044065006	0.0007030145412932502
289447.23618090444	0.999953355588312	0.062198708122613584	0.0007191036411334054
290954.7738693467	0.9999557677186207	0.06057830962344773	0.0007215300875281571
292462.3115577889	0.999958055110014	0.05899552170191831	0.0007042377726839723
293969.8492462311	0.999960224213355	0.057456922910318856	0.000676296440456111
295477.38693467336	0.9999622811457933	0.05595749946672881	0.0006417764876792203
296984.9246231155	0.9999642317080599	0.05449641588090058	0.0006099257368066669
298492.4623115578	0.9999660814005799	0.05307598207802172	0.0005892576771844982
299999.99999999994	0.9999678354398274	0.05168858337183558	0.000582564677459406
