0.0	0.8792653078052304	87.63999576958147	0.0
50.0	1.238549814509292	83.79350408179906	-85.88695697957733
100.0	0.9118839730156716	84.54194651860375	170.44178503110186
150.0	1.0388062209521083	88.39994834398478	48.87530635893261
200.0	1.0230958861785038	87.18602431629564	-67.75849057841039
250.0	0.8404137466105511	96.95669759544138	168.97730456896278
300.0	1.0652409226585706	80.72956243120115	50.238631195574065
349.99999999999994	0.9153152518015446	91.68085771237638	-63.81223681647593
400.0	1.1367425920634562	76.8238068012317	-38.61452145810736
449.99999999999994	1.201469798545073	77.25835761273866	-60.82447642739191
500.0	1.2009224813273358	75.93284294587387	-74.64402945905732
550.0	0.7147037326031369	109.19709623413162	-33.89737479898959
600.0	0.8294101177165972	99.83530359038626	-72.31303436499448
650.0	1.1387036391680567	75.41914316470849	-135.33830152080793
699.9999999999999	1.0263041883840271	79.31609765911224	-37.061796149563065
749.9999999999999	0.980308292707732	87.74951292435078	34.99519898559801
800.0	0.9554655631066757	77.94942665509394	83.41365417377067
850.0	0.7337912856047384	87.55477328799321	4.099214906361429
899.9999999999999	0.6742831818833387	110.03062523314699	132.6625576674197
949.9999999999999	0.5843408016893665	107.56943311035035	-18.304623778893838
1000.0	0.6948571440111919	85.43849846305517	174.00004337897855
1050.0	0.6534425919061831	101.06246771387545	84.91865882400015
1100.0	1.4133426602259436	68.4364921221008	106.87836854004405
1150.0	1.2378992502308972	65.72565066340223	-114.33521717036308
1200.0	0.9603324649352658	75.77207074388805	-33.253792863566815
1250.0	1.5840577006000172	44.677236611828036	-8.997324084393787
1300.0	1.3806245552347696	67.92828015668074	38.07616307163004
1350.0	1.4848891171890086	48.223341024889045	7.3269286273853504
1400.0000000000002	1.3165322662804702	72.33591419286351	-33.04952692486695
1449.9999999999998	1.5951313340406073	55.38734877119012	-102.7385854961995
1500.0000000000002	1.4743551657181648	53.78202098982097	-128.18361644480274
1549.9999999999998	1.2103261761236204	64.39761232342093	-88.95067142280374
1600.0	0.5858042532171368	90.1056623762099	79.6379073960108
1650.0	0.7178042644092587	88.38684023482784	-33.34584516395897
1700.0	0.3243132713260788	99.60280464766106	85.63970880460792
1750.0	1.1627088769362641	73.39801048144172	-132.6781342164295
1800.0000000000002	1.2292348396800727	66.08251439292125	-142.3688794274996
1849.9999999999998	1.2988170045640757	57.22077925451032	-100.08720659372086
1900.0000000000002	1.452670507525458	43.66464274634993	48.07969005530581
1949.9999999999998	1.5648588623167021	53.07933315485326	41.64867538838902
2000.0	0.8162399470236381	79.43487152117679	-0.3260413210000204
2050.0	1.0710702048313137	75.09258749055155	171.67704944365886
2100.0000000000005	0.5691196090670132	90.92676128084395	8.950152111167018
2150.0	0.8825897754994386	72.35313241881676	7.38780185683658
2200.0000000000005	0.4677947438632003	89.35297288641027	-52.808629922291054
2250.0	0.5369793706673368	89.27539538152685	32.613266382862925
2300.0	0.21484852612810157	116.16859455640586	-72.81018407124537
2350.0000000000005	0.70729409585932	84.44917449422796	70.2943328963795
2400.0	1.0398643627661057	61.708284814668964	150.96659845121084
2450.0000000000005	0.8516038885533669	76.95960425324085	15.945486818650387
2500.0	1.2400343749717706	52.54830807012822	111.09747975375429
2550.0000000000005	0.9087219277177593	75.3440792609215	-33.079133447288044
2600.0	0.6761760675707832	76.76236458379888	-132.35756160049002
2650.0000000000005	0.754097595479634	82.264604535268	72.37057098772678
2700.0	1.2301157482253726	60.10421953252296	5.0439789397600014
2750.0	1.0676503774697652	60.290780930044235	147.42380948859736
2800.0000000000005	1.3419173229528132	44.90214526750213	-90.0523923709456
2850.0	1.9311898621808667	31.49907869631409	-148.18607763446852
2900.0000000000005	1.9135380655332417	24.364730422949545	24.505102964685484
2950.0	1.4185759254031243	42.00433972580876	-107.24284415334854
3000.0000000000005	1.9182519149644908	28.532680821670578	-72.51032098948714
3050.0	1.964384548240643	12.971929636537695	-35.04564921491003
3100.0000000000005	1.0585303685963678	59.850049214879455	-163.12507750985898
3150.0000000000005	0.0890818032441747	52.52891864698223	130.73179650005474
3200.0	0.3224533117576052	104.45550844940558	-72.72554176857047
3250.0000000000005	0.29087012592682837	71.58516997811383	139.96400468138302
3300.0	0.3206959811981964	57.95239618152323	-45.179920684826754
3350.0000000000005	0.7349222875453821	77.38482864684747	-11.310872362241904
3400.0	0.748215745440632	74.13786830348309	164.99513843186978
3450.0000000000005	1.3469630397963595	42.711253279018464	-17.7434210625812
3500.0	1.9140351950776266	11.423421236592073	51.09287927963195
3550.0	1.0931840508722073	49.50899091637062	57.70094421556684
3600.0000000000005	1.1020984729599912	57.34535415541716	154.38822799332434
3650.0	0.4940135939270088	71.87399779006064	-15.062754489147009
3700.0000000000005	0.34593632345357056	46.85430078741166	125.39277626083609
3750.0	0.5172062013499652	71.51868684845084	56.40651231614475
3800.0000000000005	1.1290463203865098	52.4051691540054	-5.201604252519049
3850.0	0.9688844499020535	56.87181941385081	-94.88895729837185
3900.0000000000005	0.9247160116500226	59.06268499640032	-146.3420001055289
3950.0	1.4029019260021756	50.44900750714776	-21.058748768667503
4000.0	1.2242443417666007	56.06517374309431	-53.43564616900569
4049.9999999999995	0.7281846961738605	64.17091318969304	109.6892993430915
4100.0	1.186999136800509	38.42872645074012	-39.315001870515154
4150.000000000001	1.2875900106492864	37.16649830841614	153.4570354324505
4200.000000000001	1.1560781626657701	49.667429468721636	68.7617951535806
4250.000000000001	1.3630443179353908	41.58556165796946	81.14768016507738
4300.0	1.7471865535322886	14.700407917601089	-74.67667744934376
4350.0	1.974005428259475	9.091153876031173	110.97796081299182
4400.000000000001	1.8142572625881392	27.277983270465338	-58.95308815428098
4450.000000000001	1.4071190900689512	36.19084288851382	-175.63915855455278
4500.0	1.7805813116728615	25.813242095358046	152.35404222571725
4550.0	1.8664883317553396	16.342550728430066	170.25147554385325
4600.0	1.8364451065370786	16.51914693267983	-113.39972330860586
4650.000000000001	1.4808059298637493	35.56935496747012	-94.39343766405037
4700.000000000001	1.7555229224366977	28.785213637106946	-67.58928342604784
4750.0	1.6369699056570504	36.781502392265615	72.9119339985885
4800.0	1.5687228126816108	47.35434043652117	179.14709955356236
4850.000000000001	1.7324908754123798	28.106291669808158	-157.09718412190173
4900.000000000001	1.5333276706990153	40.07309212954005	55.01530785612091
4950.0	1.5981491696669654	42.19195787702151	52.29427632466305
5000.0	1.6044651838704025	29.551996931035113	-120.97627469794487
5050.0	1.0196254990935334	58.19192297574162	-60.702204613144346
5100.000000000001	0.5378063346635686	60.88660550075177	-171.916822233763
5150.000000000001	0.325943480536026	91.8574574782408	-78.98178020873529
5200.0	0.3904389742370874	74.59464540397786	51.95288727560363
5250.0	0.3534767284340692	89.81235436615637	85.80734724962781
5300.000000000001	0.14468078639963586	58.45675774877616	-119.67089851328507
5350.000000000001	0.11653890498923243	46.221066845835686	-42.39117178391107
5400.0	0.37545416824595795	78.87491622147411	-128.45457635018738
5450.0	0.34136345042519733	63.37661224579855	38.04232111711413
5500.0	0.2515001269481197	73.04746535638724	80.42351530464244
5550.000000000001	1.2777889519238566	51.482154739949046	-20.51283200169907
5600.000000000001	1.4635732044293626	26.50247667224657	22.385974034647816
5650.0	1.411176707786021	28.805245282635028	172.07836111695156
5700.0	0.5328418274365854	60.37802578190031	-105.03177819148934
5750.000000000001	0.6086615996383458	66.05086893745322	59.20393129282365
5800.000000000001	1.2426959046690047	37.58271070350437	83.4532897978645
5850.000000000001	0.9143868172360433	39.541071783917	-58.759456151713245
5900.0	0.9781560229095904	42.8152842174424	-32.3181168108104
5950.0	0.9144262608632052	48.477464685098475	88.4864495504909
6000.000000000001	1.1032507674966023	43.1629778520902	-61.838023388466425
6050.000000000001	0.5944160620425428	48.186877730275576	26.704068933094433
6100.0	1.1439748954611302	34.756322063376984	99.61258276386381
6150.0	1.5996152285415464	34.61537283134288	-118.06274117510672
6200.000000000001	0.605544716807573	61.42596541682927	115.89483918748904
6250.000000000001	1.1018201593971393	40.68257672654711	173.4956471306302
6300.000000000001	1.18369165654452	26.179711219358804	-165.13420903999977
6350.0	1.015406114134025	49.75244445103486	-165.2498159859556
6400.0	0.6485529707463656	57.12468020443368	-14.13821868865249
6450.000000000001	0.8746978329560018	53.63112058639432	-80.50636790719125
6500.000000000001	0.5787070623300373	63.72871350675782	134.69275855281202
6550.0	0.9287882378499588	41.04606894096435	24.719436850123326
6600.0	1.026577231295195	44.71339555190445	-67.8603746987126
6650.000000000001	1.0119478254563468	50.84537281261273	147.7879259039806
6700.000000000001	1.2102266290137877	34.64584257999866	117.59426146780277
6750.000000000001	0.9299571958343628	59.88899890512285	-179.97944247519033
6800.0	1.255764471047407	31.60461957750988	-67.75558526837328
6850.0	1.6186346401421219	25.217311437375038	108.74739448978444
6900.000000000001	1.5657939285382418	28.459636472868812	-82.76732079532266
6950.000000000001	1.548976287908414	30.217928491152815	111.15623685516343
7000.0	1.7766132083727555	21.464734497108054	-78.64654504086421
7050.0	1.6964470370063618	21.117573786803742	64.4108856512468
7100.0	1.3590029795417549	23.93771914740603	-136.77377173307804
7150.000000000001	1.8213851483388583	7.05622237362968	140.35356760063118
7200.000000000001	1.516517612543098	23.111569890707138	150.23694774869318
7250.0	1.5767500251133706	10.627993726846503	124.62894986172023
7300.0	1.5299079879879216	8.908947942134057	20.30405691714645
7350.000000000001	1.6584031228298726	17.365088085405965	173.1336100233235
7400.000000000001	1.6470982080031784	11.624694577532336	176.88075587403853
7450.0	1.6324023212834353	16.9617384690955	-1.642963120469833
7500.0	1.3380486436271866	19.58564428716816	-38.795734092882576
7550.0	1.4513373438733022	6.87794267527119	125.42302680671433
7600.000000000001	1.569391272646881	10.771139923042053	62.84786334136276
7650.000000000001	1.4203725759679107	17.40219014669394	161.2593952232958
7700.0	1.5526862739766232	17.638744387708975	159.35727988714882
7750.0	0.8328633249583431	24.283622674875705	19.534015237961537
7800.000000000001	1.4127528397235687	12.1146023021142	66.0956644133906
7850.000000000001	1.1101689345121097	32.93176958914249	74.00340470531496
7900.0	0.9331117249012615	48.212479062184606	170.80063947028097
7950.0	1.184884792262984	20.597868124407142	-11.916811336971886
8000.0	0.6092421496148707	34.338408287755676	-3.986872618101344
8050.000000000001	0.6423431409603735	30.38899066012434	-63.02604846505543
8099.999999999999	0.8214705889406112	32.71946758683223	-97.11924071563645
8150.0	0.8637685692183508	43.95844521990828	166.01159950415038
8200.0	0.8667667927829283	32.72158303167597	108.2795021813913
8250.0	1.681341343216913	11.248418217691562	162.38804245370028
8299.999999999998	1.1159257916079466	20.08760681679469	147.92601821463077
8350.000000000002	1.4757636482835248	12.260043552306275	-87.17970937842084
8399.999999999998	1.1718296737036265	20.651820768222716	-18.27996598612025
8450.000000000002	1.0583097051317294	28.038404807461333	106.95321775183847
8499.999999999998	0.4921332361244685	46.32293807261356	18.885613270873073
8550.0	0.6931945034766522	19.87092624292863	26.136149956265548
8600.0	1.0207949189547525	28.322890651506725	167.64126462842896
8650.0	0.7707469839891756	38.305904935366755	-12.00999031877376
8700.0	0.6748958840663916	36.15835976684747	132.87315765343598
8750.0	0.5264958907872554	48.83558404094093	-25.77392104298094
8799.999999999998	0.9294808699824922	40.72157500736274	-128.0932414287747
8850.000000000002	1.1902669187483803	18.66275119909527	135.4417785999463
8899.999999999998	0.6299390022255896	22.660760041568206	-78.94481525097667
8950.000000000002	1.179907582581261	19.406586895712337	55.4283737989729
9000.0	0.6878444323872492	30.084533635617145	100.31637349388232
9050.0	1.4299811734605152	19.966863856144982	115.40876665690989
9100.0	1.1323212688709048	23.961705187220737	-81.76586474526553
9150.0	1.053228966915983	23.85585147640084	-141.6404375872035
9200.0	0.9501620152254522	30.644107569337134	73.36218654706491
9249.999999999998	1.1171494156937187	18.799713417796244	-53.61421143418806
9300.000000000002	1.1405804370347516	35.86408816539722	-72.18096477752353
9349.999999999998	1.3891059673804755	26.089226664329573	87.29535531266407
9400.000000000002	1.4389258288541258	12.995371578801128	-162.29696646116832
9450.0	0.9222196063754374	28.03556397517524	-80.37462599929512
9500.0	1.5311650623530584	11.691226283495475	155.15306117589557
9550.0	1.3232574213067387	23.232091592915317	27.99149827908285
9600.0	1.1983013086799759	18.32625340697633	51.26057801766301
9650.0	0.727412552028625	22.709895013582063	30.666148840639003
9699.999999999998	1.3498213869813853	14.781829123733159	83.80118248945422
9750.000000000002	0.43251050155812926	7.040430149235833	140.98891825017236
9799.999999999998	0.9928014029657638	28.731996593738746	40.896033651641275
9850.000000000002	0.7541344643031569	11.452310234106262	-2.8432556335208536
9900.0	0.86082360992997	24.573043573396635	-128.80875007111337
9950.0	1.206511840508202	17.268708993911595	-28.717084209513306
10000.0	1.4308532057214491	9.943549557354592	-22.982042758402628
