0.0	1.0907603433324458	23.544359327779382	0.0
50.0	1.0931206203337558	22.379376631854555	-165.39582967752133
100.0	1.0663510742655373	24.192027503495687	23.217501733446156
150.0	1.0264307880036958	23.46963618467291	-150.35787976943246
200.0	0.9831406058124514	25.584438078785777	27.907842011979326
250.0	0.9419016203532579	23.56402842057166	-154.4020107532512
300.0	0.9407805529929525	25.34513761608353	14.535169640830564
349.99999999999994	0.986051768531062	22.20297798443959	-179.54842483054918
400.0	1.050481673956234	23.31743038552205	-15.558802603117831
449.99999999999994	1.0952781610451072	23.256322357301155	142.9935176306252
500.0	1.0426039085004537	25.394598028372464	-56.932348008490024
550.0	0.9858489363235037	28.99885443726916	103.95355777233715
600.0	0.960449684974737	28.978009041075516	-102.80137163390334
650.0	1.0292594237818384	24.652431981529723	51.89938444178462
699.9999999999999	1.0793179312130632	22.16394289061045	-167.5539795279108
749.9999999999999	1.035029582585097	22.635063610580932	-33.409463225019
800.0	0.9568604692050944	27.903214513217407	108.14140066876533
850.0	1.0066453248799092	27.03930188162765	-110.78106486596494
899.9999999999999	1.07389631252572	21.814117751459346	21.854646681995437
949.9999999999999	1.0300939904943145	22.232169731327705	141.96139056926765
1000.0	0.9548546392347413	27.839927054382983	-85.10578561961299
1050.0	1.0335809777411418	23.334883338265705	43.00843418819134
1100.0	1.0697550758867882	21.997375369384105	153.26170709461198
1150.0	0.9769641880385009	27.204692304669532	-88.15802110303802
1200.0	0.9977908330891198	21.70332542031023	31.10572776003744
1250.0	1.0763898131218907	22.00341684339237	129.97003841242662
1300.0	0.969686635323185	25.195027327876574	-108.35011732725857
1350.0	1.0036466378815299	21.12016345746303	-15.058928647193792
1400.0000000000002	1.0765034669563014	24.865347533208467	91.43999136366101
1449.9999999999998	0.9465922617701381	21.742468396559648	-171.08985719854394
1500.0000000000002	1.074191380485164	24.465522565451444	-81.26532876223868
1549.9999999999998	1.0059047679807436	21.20207335565535	17.322052386498385
1600.0	0.9980554410726655	25.222390241638678	98.0037464839321
1650.0	1.0596352257936361	20.03485512145753	-169.05544042158436
1700.0	0.9672496364267761	25.707116122670325	-89.66147088618513
1750.0	1.0617797688033868	19.47745537362464	-9.940413979475135
1800.0000000000002	0.9836455053508624	24.663944950256916	73.7606802457595
1849.9999999999998	1.042480999385463	20.92220705483387	137.8723687561021
1900.0000000000002	1.0042717134098618	21.513832852680242	-136.5181887102494
1949.9999999999998	1.027455707486155	23.659000081949934	-77.47258135925375
2000.0	1.0146884896557187	19.2265544593009	-8.14248335287443
2050.0	1.0091229571418268	22.108253645538582	62.30001580262818
2100.0000000000005	1.0226390682268414	22.277174944199945	113.3927949979899
2150.0	0.9958668691590122	17.78613517243256	172.98056742705728
2200.0000000000005	1.0115980960608075	21.30835460871378	-123.08157428533433
2250.0	1.0218567583876468	22.578004307856816	-82.39011942938427
2300.0	1.0009638769030746	20.04112504069916	-29.894785615211116
2350.0000000000005	1.0301949274752402	19.3150060749529	25.818338847159893
2400.0	0.9878477730379448	21.984100994303372	75.37625143121095
2450.0000000000005	1.0502834741911375	21.22249673721937	105.96146771976147
2500.0	0.9605532349012821	18.71241608136097	142.21298386147558
2550.0000000000005	1.0541594116788187	17.903226133184912	-170.4031700154257
2600.0	0.9774157283909791	20.25644269865003	-130.02151368064727
2650.0000000000005	1.0218021008636629	21.23691093898978	-99.13836577754229
2700.0	1.0341197244253921	20.885234254673637	-79.42907738816305
2750.0	0.9734524379961693	20.522009777977132	-50.10166071526036
2800.0000000000005	1.0496680854955445	17.14802869034043	-22.508893535347543
2850.0	0.9751215484451704	16.032311524959464	4.720129287645685
2900.0000000000005	1.0070167249609978	18.4328254577586	29.85165041820562
2950.0	1.0512313499290902	18.388998354050837	51.43014448096097
3000.0000000000005	0.9631294983601062	20.1816269674562	66.41127650632495
3050.0	1.0424141802071651	20.281717095844474	77.98041601001212
3100.0000000000005	1.0381631697894809	20.091324753976448	89.71298378403
3150.0000000000005	0.9723064575738001	20.69233429247158	92.73628385309765
3200.0	1.0449578668561572	19.9841185256277	104.27578145755224
3250.0000000000005	1.024401682322998	19.248924150424614	106.3999543832331
3300.0	0.9724335000964323	19.9064233824564	108.3127941357959
3350.0000000000005	1.0207059092800976	18.953340247718923	113.10868510982196
3400.0	1.051297267600953	18.387864646663136	108.2172534531138
3450.0000000000005	0.9805025478554652	19.704585807640086	111.47203361496618
3500.0	1.0028206528841355	18.80878380147059	103.10708401638972
3550.0	1.059783076723792	18.828884130538928	102.24413649672545
3600.0000000000005	1.0043494166769347	19.012098212361533	91.64366576125224
3650.0	0.9783021164294441	19.590101994468277	88.53676463179725
3700.0000000000005	1.019480164989935	18.374937238536827	75.29978929506515
3750.0	1.051399393724628	17.560799744788344	65.26538161362873
3800.0000000000005	0.9846864371821719	16.687699457975082	49.49279692894648
3850.0	0.9721009829392686	15.63743037358834	33.53225826059003
3900.0000000000005	1.0172892300369563	14.673589185957706	7.7942254008137235
3950.0	1.035319984000678	14.438179593159452	-17.404336069893255
4000.0	0.9988410888143021	15.882275180252389	-46.3654119944031
4049.9999999999995	0.9680564692387078	17.3748556609729	-67.82645498428292
4100.0	1.0138070531280545	18.05133131768418	-87.36715082335168
4150.000000000001	1.0363283581659424	16.554930934866494	-113.33581774703093
4200.000000000001	1.0261385699027072	14.876084965812352	-140.3063068718105
4250.000000000001	0.979794296853889	14.389651271644043	-179.74408563448955
4300.0	0.9725545056012991	14.20197837914316	140.05881229719944
4350.0	1.0166950364090006	17.06229139386109	111.97604617533672
4400.000000000001	1.0440424989823487	16.599098442793764	76.73131275147966
4450.000000000001	1.033568756682774	13.956471143838009	47.22034266086679
4500.0	0.9932609502196565	14.380375553887841	-1.2426363467011097
4550.0	0.975460110437922	14.627872840051936	-52.349723355528056
4600.0	0.9851857567678967	16.528933093567485	-84.32960504912624
4650.000000000001	1.0231040765493127	15.07259988594914	-121.04226124879277
4700.000000000001	1.0326813978186011	13.017991128365836	-174.67011110166894
4750.0	1.0272070214721831	13.678500928192996	129.69595742162159
4800.0	1.0105302111534151	16.047254129128344	92.50197154940435
4850.000000000001	0.9826803867802247	15.059436558273767	43.42950130587607
4900.000000000001	0.9732963899021602	12.177215239213256	-16.43825602955867
4950.0	0.9893429116704086	14.975671301301194	-68.81709807659709
5000.0	1.0237605269609706	14.669491814120336	-110.29163439763038
5050.0	1.0317554087164542	12.814046508288124	-173.4227645268841
5100.000000000001	1.039326206666493	13.425765739780744	119.5597609424908
5150.000000000001	1.0172409287809525	14.356613947950493	76.94064160474251
5200.0	0.9937368347931554	12.302397039250945	15.220704358855851
5250.0	0.9866968008470209	14.359179296106214	-54.08049959844737
5300.000000000001	0.9826176723357657	15.06861477337122	-110.84594889757724
5350.000000000001	0.9784251377149844	10.970702099286573	-172.3790624219304
5400.0	0.9897252997341647	13.620590724423765	116.47791159390796
5450.0	1.0152351440277998	13.322875043557525	66.25413569007574
5500.0	1.0231795224888942	12.199357494791714	-11.757872693229459
5550.000000000001	1.0383483446474795	14.009202174850726	-82.35144622843406
5600.000000000001	1.0249587902079318	11.944155868995669	-142.58979603980578
5650.0	1.027514799056158	11.43521650943534	133.39824358830143
5700.0	1.0192460919528001	13.154790030065522	78.44400190897896
5750.000000000001	1.000697571902905	11.146085800592994	-0.09182748631311667
5800.000000000001	1.003635007729796	13.845154457780133	-75.09522916082861
5850.000000000001	0.991071831420059	12.605223234575606	-145.24299329773046
5900.0	0.9830210158289193	12.232976430543198	126.69621233584242
5950.0	0.9801844116872243	13.119305560832585	61.27446522569042
6000.000000000001	0.9804918693949619	9.860758854287356	-25.680867651518394
6050.000000000001	0.9773953896503362	13.07471848862343	-94.61948553626291
6100.0	0.9835830621637291	9.397758542744631	-173.40073091357706
6150.0	0.9908862752078443	13.02588736790825	105.1040338005724
6200.000000000001	0.9905455044200756	10.543726344578145	29.301241775110356
6250.000000000001	1.001914919365926	12.74885802090189	-61.335981880183866
6300.000000000001	1.0032754273389948	11.530879426433282	-137.97329051088198
6350.0	1.0052429428451783	11.969101969777299	127.37828997457358
6400.0	1.0114222204228664	11.853199268246408	50.07632357713581
6450.000000000001	1.0093153607818068	10.88292548565617	-46.747844307213086
6500.000000000001	1.0107774595244277	11.690881013646266	-123.6241632986807
6550.0	1.015219686648601	9.893336229582918	137.17634427385977
6600.0	1.0075039463469433	11.32229456598066	61.430729714252664
6650.000000000001	1.0178236499584816	9.283920393050687	-40.88358827185177
6700.000000000001	1.0072643006992212	10.906404787978389	-115.54655939850316
6750.000000000001	1.0152943655823163	9.109509907712196	138.6200647041542
6800.0	1.0097276959364498	10.458543354956635	64.53923587705883
6850.0	1.0098035211660863	9.275562082358169	-44.67515992939014
6900.000000000001	1.0115724829115127	9.930730794102626	-118.90151072413553
6950.000000000001	1.0039909684553847	9.65443814568742	129.30498623912825
7000.0	1.0102999683801923	9.282780006506803	53.67813577297766
7050.0	0.9989335917258495	10.122803109479056	-58.98259705818271
7100.0	1.0053197092011448	8.535006348657417	-138.41280454014412
7150.000000000001	0.9944115593183138	10.53344536647904	110.97320459640063
7200.000000000001	0.9976262951075259	7.832543652592742	23.784099711117136
7250.0	0.9900355024612002	10.689364217564913	-80.62341223796116
7300.0	0.9893342370644399	7.490688539225137	179.95551250299536
7350.000000000001	0.9861491740056672	10.369618795010338	85.81116384860033
7400.000000000001	0.9831957003315005	7.824982196812846	-27.076528157551866
7450.0	0.9842446906760725	9.43648238271747	-111.15683660485426
7500.0	0.9818241537952856	8.726113559740432	127.37716874440741
7550.0	0.9866409917347068	8.051348736038289	45.37613033156528
7600.000000000001	0.9865520099301357	9.60334218824694	-75.24837939926408
7650.000000000001	0.9950348107874514	6.965608795758347	-168.54790974179292
7700.0	0.9963735564619506	9.835755503566896	82.94743209619317
7750.0	1.008218527490513	7.222394542203822	-28.48281470970179
7800.000000000001	1.0077122712748439	9.234541929594435	-121.78890910620072
7850.000000000001	1.0206549197967694	8.550733163571614	118.20903823414517
7900.0	1.015389415391265	8.361637520202464	26.305821182731563
7950.0	1.0243621232092117	9.587682017383052	-88.21659414330024
8000.0	1.0149769254434855	8.31216962982138	168.021983807647
8050.000000000001	1.0147846746809757	9.453515833027097	65.65262707141382
8099.999999999999	1.0062686961672225	9.192560525661191	-47.35250868743047
8150.0	0.9966432878495195	8.343415425953019	-147.59563347558182
8200.0	0.9953360192109875	9.555260135980403	102.88613473156973
8250.0	0.9831356864713596	7.684109059828351	-12.048450638238615
8300.000000000002	0.9920229661036124	8.22711136569104	-108.26604933176984
8350.000000000002	0.9853743683128613	8.266748191454875	123.67609474452595
8400.000000000002	1.0020799525994524	6.089036879332633	24.743673762563372
8450.000000000002	1.0000129134690074	8.512343779227335	-94.11703264500495
8500.000000000002	1.0176465630071683	6.401396407438868	142.14185718131841
8550.0	1.011308435097603	7.73648323916581	44.48779128285663
8600.0	1.0204587955683277	8.3181914834342	-80.68662210878702
8650.0	1.0078133216307052	7.572800669673185	173.73087347872865
8700.0	1.0033700784336894	8.5657670473541	64.9866729261419
8750.0	0.9965723621818836	8.553387305257681	-51.66973314038977
8800.000000000002	0.9850428370674416	7.099553295253774	-160.18944086048737
8850.000000000002	0.9949412311206259	8.176779413550022	90.70147325423336
8900.000000000002	0.989090160082911	6.852379771074285	-40.391330274089015
8950.000000000002	1.007685382960881	5.850856968123477	-138.81888660150273
9000.0	1.0077114134083571	7.721314303376705	89.1210462320027
9050.0	1.0166010803228291	5.912400411245323	-32.6315132706898
9100.0	1.0117836224400123	7.538775273883592	-138.1868867035317
9150.0	1.0043087483221391	7.9713893962042475	99.52446377620987
9200.0	0.9983291732291097	7.429511188498926	-13.153032951326143
9250.000000000002	0.9874571703534597	7.289471508688159	-120.32411118487973
9300.000000000002	0.9940754572283852	7.7983706631073515	116.69670261903231
9350.000000000002	0.9957964175261572	5.315821034761371	-5.2864120111872515
9400.000000000002	1.0054763091472052	6.44503593349422	-112.74293362438515
9450.0	1.0158255411754071	6.623217550599815	104.4714984412233
9500.0	1.0072482569408334	5.695046443547964	-4.8770642599026575
9550.0	1.0097824560594924	7.502551182433662	-122.72058402366947
9600.0	0.9942669392461757	7.454639205818697	117.61611603798788
9650.0	0.9907348130983887	6.672558132630996	2.021702496821913
9700.000000000002	0.9962985013017488	6.621890323302706	-105.71443652966863
9750.000000000002	0.9955389136749934	6.665553422404662	118.86647862541399
9800.000000000002	1.014887392184721	4.300069478524193	-1.3595908032324286
9850.000000000002	1.006050752869035	6.4253065810312515	-119.81230789442466
9900.0	1.0113560673353041	6.437457862681683	103.97823486899101
9950.0	0.9976397759699014	6.443265213717376	-6.08948279465244
10000.0	0.9899064036068229	6.847267895503852	-121.20543021860304
