0.0	0.14510008410615383	135.58964194097243	0.0
5000.0	9.158782952701303	101.90797355459155	-17.806634184331365
10000.0	9.337439991481125	88.28794100431114	142.78713829268892
15000.0	9.587895061764891	107.52368706412776	64.3114521657161
20000.0	9.173918872776158	151.97046366325793	125.23127192828197
24999.999999999996	9.325734441862313	127.53300768106409	94.9290867347349
30000.0	9.358847304122705	74.08318217548708	157.2819816582129
35000.0	9.029773203973397	124.69141921917338	110.12356316734252
40000.0	9.232924907877953	112.19737907539728	-90.03305584295683
45000.00000000001	9.514572049549006	113.87310664019883	-84.71000622891127
49999.99999999999	9.182118555619075	101.70226876845665	48.322623877565185
55000.0	9.079688327076441	125.97480410735804	-39.71015831206762
60000.0	9.344829921637597	79.81471831999602	106.29696520647298
64999.99999999999	9.136169236806106	99.65965941558768	33.30776728463759
70000.0	9.38125942664408	111.58177016255105	157.55521579907307
75000.00000000001	9.378168808886771	92.39114738817216	-6.327224350236124
80000.0	9.267228048290924	93.30785173210347	-82.00939063075839
85000.00000000001	9.642419958619334	60.04272873025176	125.28183410021093
90000.00000000001	9.40580848448979	103.73513970229052	53.254614304283045
95000.0	8.99127125137051	119.88740285750963	146.07731668776262
100000.00000000001	9.040648034582762	131.22214572821247	165.64156619400512
105000.0	9.374062788542792	65.64885312543069	35.12060277124078
110000.0	9.228239360651383	110.09409694247324	-87.0011143075666
115000.00000000001	9.4320119699982	64.81472535024643	-17.000537795890956
120000.0	9.270550531746647	121.7358043411045	-26.968666946777933
125000.00000000001	9.141121882679457	98.85966917970532	-178.06965360065894
129999.99999999999	9.138966883746427	80.39439811500097	112.58402528351692
135000.0	9.255983130401793	109.32605068744735	21.80102599799978
140000.0	9.480182081202422	62.99463932520423	87.4299098228803
145000.00000000003	9.15237649811088	116.98632143004944	15.073659221566583
150000.00000000003	9.62328635254048	62.56415004217284	-88.93350965134388
155000.0	9.669309003478006	91.68832473127519	93.04998106571868
160000.0	9.196145598391697	122.60611036190099	77.75579811257631
165000.0	9.522194366393453	83.19340542766102	71.7432203357899
170000.00000000003	9.248693545812136	78.97542352469107	10.743270132636443
175000.00000000003	8.990042195904087	112.64868485643979	42.52980059931825
180000.00000000003	9.882472838646782	101.43711471026363	-107.66128007073378
185000.0	9.467939183632165	65.04778266982346	33.434433999539415
190000.0	9.132712851054636	91.36284842165676	104.04077700948768
195000.00000000003	9.35580770579082	71.62948924461485	-95.51280114933928
200000.00000000003	9.236127703477651	103.23730371255908	13.380603229806173
205000.00000000003	9.269186247955504	109.50162032507424	26.276440850812925
210000.0	9.278770428575546	112.58943889394789	69.60560341593064
215000.0	9.317031396153642	159.6078866374235	-95.19508617017044
220000.0	9.508342210418059	63.01291254187664	20.834975108761018
225000.00000000003	9.088611802136954	138.56462375188408	93.62361179726241
230000.00000000003	9.295923254331662	92.32886286853375	-12.450910769573554
235000.0	9.539411855199193	74.77070242264286	-168.3549970428343
240000.0	9.248221920307792	102.85382031401211	-61.496712470189976
245000.0	9.346446231654916	66.63893827310237	-57.68591896502079
250000.00000000003	9.1628286924078	90.21466726382461	-10.57967681919187
255000.00000000003	9.356662686683388	46.78811808099255	-105.41430260482187
259999.99999999997	9.375844159616703	103.17464487937332	-94.64802607915951
265000.0	9.009162189102438	107.52537072092521	-80.33093390286685
270000.0	9.628915329073799	80.04084719808401	130.2124873859474
275000.0	9.310966889817783	110.64932361673357	-83.07045434114708
280000.0	9.512927121405792	78.41135567978405	73.7935439741167
284999.99999999994	9.770889773052202	104.19369739612067	115.32757580432195
290000.00000000006	9.196762109237799	115.61600820899135	86.35036564392092
294999.99999999994	9.26640407135515	63.830147924398936	41.95582213003508
300000.00000000006	9.53907002189515	85.61526310185911	165.7719632594773
304999.99999999994	9.071560664314006	112.98651494456716	62.195693259665426
310000.0	9.02501864878731	141.95807996963322	-11.117589042364116
315000.0	9.365650398324204	64.0996059121594	5.697537365684466
320000.0	9.275929188430606	79.96926867933824	-95.71868009263986
325000.0	9.416355545000503	117.3991436175983	-65.63752359781742
330000.0	9.165332431532896	99.28744173247495	22.908407430014513
334999.99999999994	9.27234176403168	50.681714490938965	52.518391227752865
340000.00000000006	9.661937804246337	67.80751307586793	-88.41395487532441
344999.99999999994	9.240453571746393	125.39934236463854	-110.46312860136321
350000.00000000006	9.588157234517926	92.37973168794463	-147.22926583527342
354999.99999999994	9.421997326678056	95.17871571789246	98.95338521674459
360000.00000000006	9.378421207010149	70.11280551274086	45.331578054493704
365000.0	9.59571056949673	66.84149124170636	147.49110995368017
370000.0	9.54734772716256	75.42458213704772	-138.52382784550636
375000.0	9.150946893792353	113.12680939464177	-71.47966585802048
380000.0	9.455543489935334	87.92847038805714	-76.83428212722029
385000.0	9.134763785451005	69.31816040043475	110.86373710856964
389999.99999999994	9.23546296478451	86.57996814978792	-37.1605075498564
395000.00000000006	9.192667430685564	90.2600027769602	37.08732159426078
399999.99999999994	9.481693814052866	90.2289630085282	105.48816902885233
405000.00000000006	9.127300485146165	131.45652635054873	-131.53056961452887
409999.99999999994	9.342103162703397	118.2061602658977	-125.21011919575857
415000.0	9.340345929647198	78.39967620811191	-16.29348647771041
420000.0	9.344067703037602	82.0975508872308	123.0534528817474
425000.0	9.258032398973175	122.94243861883511	-170.32094962781838
430000.0	9.325182862140853	111.1833561693466	-123.51044254549983
435000.0	9.20663491466766	105.09850937903498	160.15569850145016
440000.0	9.145764342891031	124.98375201479296	179.55272484553507
444999.99999999994	9.634463247873194	101.80306397639207	150.65444153206425
450000.00000000006	9.73156073838868	66.37862382137946	-108.1018362644465
454999.99999999994	9.317839044011562	105.1001033818272	-86.57730169870345
460000.00000000006	9.309202581119854	91.50679668856793	-82.02412932634348
464999.99999999994	9.287793966299699	88.96158629140135	120.12180603750959
470000.0	9.712040097136178	42.07376909672642	-59.54112713659297
475000.0	9.48597610467424	66.54203755713755	73.09718515869633
480000.0	9.731518703698017	74.0529649128718	-14.027074477357646
485000.0	9.32845990955029	50.2833592513116	139.7949321880317
490000.0	9.52903494917942	30.82813830433635	53.4801508857766
494999.99999999994	9.589857844888606	102.36630115169577	29.53187483107118
500000.00000000006	9.289782023644825	103.50788848349198	178.1418640316576
504999.99999999994	9.210583180247863	78.32234087374873	-69.80253695904416
510000.00000000006	8.974745880313922	157.51143422461448	80.49499105492856
514999.99999999994	9.199091921041386	118.50383383351611	-104.38670096673717
519999.99999999994	9.083708647749376	110.92619441021299	22.711640965475237
525000.0	9.02292848741756	90.92053319390266	-80.66513741115888
530000.0	9.285464639212703	99.2233572916333	-168.7127064161897
535000.0	9.575957268517824	57.0658464717141	47.6620791699954
540000.0	9.30126216074139	116.79980179021804	118.08695999507486
545000.0	9.465779732095545	94.73574915545235	-36.71562894842352
550000.0	9.195386002743632	113.12742755435373	101.07120463766765
555000.0	9.320829157083601	89.94365404179646	-32.27634777152243
560000.0	9.045300557570691	116.68530972295079	-166.77697321650498
565000.0000000001	9.111344828274936	103.5945952355646	121.63387624311395
570000.0000000001	9.147706696203224	115.68161608278288	107.18740750407999
575000.0000000001	9.346604182927608	88.4677885058497	-60.42400581040876
580000.0000000001	9.345853822860558	87.38018440334011	153.35028102142658
585000.0000000001	9.745764031221402	78.44897055003051	-90.25948681470348
590000.0000000001	9.421789911792642	90.64162543506893	-109.65158159485983
595000.0000000001	8.984117917283356	136.96858298306074	-9.331266273411615
600000.0000000001	9.104354546456586	106.39638023962486	-99.11768956510937
605000.0000000001	9.197873804515668	115.2931324665037	-30.389051382448162
610000.0000000001	9.155006643671497	96.88041396151966	-66.07017373141382
615000.0	9.068159628529246	108.78460551885244	160.44783476189798
620000.0	9.22988033960842	68.6215141474032	127.9492630181788
625000.0	9.352431315681372	103.67037926930583	148.7977987915117
630000.0	9.115343360611451	96.00550157755096	80.81072406113847
635000.0	9.31495594337539	101.47965501913751	-116.91874083983404
640000.0	9.588472432483238	52.94824883844219	-10.790640943244796
645000.0	9.308006595232174	115.47858480798449	83.72534087909165
650000.0	9.337411930567828	97.82107589404052	-130.25934426169215
655000.0	9.472229409626568	55.85158682562359	-95.99710862308049
660000.0	9.160733486687707	131.97895010045804	63.763176529185614
665000.0	9.380774758671857	91.82301667517656	175.8722622969245
670000.0000000001	9.222644629998769	94.85207562919322	-26.35577791351356
675000.0000000001	9.862758557339363	70.96970453970063	-105.07005855557429
680000.0000000001	8.993043985863203	108.61612991906802	126.98939756229368
685000.0000000001	9.383470423454199	89.16130954398804	-44.12956826690888
690000.0000000001	9.13997113419092	115.51303394119967	-33.340113144885336
695000.0000000001	9.213855994297672	91.07978006431387	-10.206738795235166
700000.0000000001	9.351162720335397	73.30006738989626	155.86170008154053
705000.0000000001	9.409756545807285	71.4822989902685	66.12677118492982
710000.0000000001	9.250554642702918	133.30594688258535	-177.6177593448811
715000.0000000001	9.214295045412081	88.85083655785259	-140.61382681140665
720000.0000000001	9.409876751749236	41.42756720322638	-94.51889179902645
725000.0	9.524970800354348	87.19695570518256	-23.706506365723886
730000.0	9.227516784527124	110.58610670850409	-3.8446975596097053
735000.0	9.686237867094567	59.14218910715939	-38.01912421558209
740000.0	9.264074990555313	76.22360223218013	-115.5088400306441
745000.0	9.263138705230196	84.94072542492958	129.94609758679573
750000.0	9.341002217089754	75.87589665111716	-163.97686673197745
755000.0	9.42509248725095	74.82132702083848	32.06370365849097
760000.0	8.977006630275959	115.05322756796595	134.76881206159584
765000.0	9.002707248039709	119.85752405965037	83.25276676014302
770000.0	9.166422714926693	127.70306932633562	-87.71243096355073
775000.0000000001	9.245156071014451	94.23674364596067	59.312692186029125
780000.0000000001	9.236963506337476	71.14753307571588	58.56922943489305
785000.0000000001	9.59537957820701	97.14802318258022	-125.390708973744
790000.0000000001	9.121262237524975	109.06393485584914	-28.936802987948674
795000.0000000001	9.151921626318082	95.37496567789495	42.18271630289118
800000.0000000001	9.348206924495017	56.511177422036646	61.39538527851068
805000.0000000001	9.268740691007793	111.04975976104288	-115.16771362827866
810000.0000000001	9.427305021106474	77.16062148027326	-13.68547968891135
815000.0000000001	9.618764566484042	99.04442396184727	48.719323934554495
820000.0000000001	8.959045782379407	127.06890509761182	-54.71480522126184
825000.0000000001	9.342657402771467	114.79676715345019	92.45311373693258
830000.0	9.0751944573954	105.20862225603834	148.3787403478202
835000.0	8.98790310893969	109.0087902913572	-80.30424018435421
840000.0	9.15193387711328	108.24037150628222	47.235697971697974
845000.0	9.060151963319615	93.05304050710139	60.93571492985726
850000.0	9.231100694577457	118.25182034070102	69.58889319405414
855000.0	9.2366895402921	86.14657419346919	-134.3829388594052
860000.0	9.473573318725066	73.76764275192706	58.93516492096246
865000.0	9.157064078531622	97.24475919883214	29.03167097388109
870000.0	9.336096709355362	100.70435443752642	-153.57432311298516
875000.0	9.031528393259926	130.78459210436503	44.07818650489134
880000.0	9.611912514284	102.14136121774133	88.4580796555707
885000.0000000001	8.993998896551634	120.35088667312986	29.68145692736046
890000.0000000001	9.391750380983586	98.23111996060798	38.19880231040549
895000.0000000001	9.180938458947683	82.80730832775303	-24.00367332042378
900000.0000000001	9.591710617744663	44.484831173930885	130.64786446142335
905000.0000000001	9.59120289262542	103.53194965720918	-158.39184176192975
910000.0000000001	9.064828115401228	104.70010196406993	-62.66549576677338
915000.0000000001	9.377601598125505	70.79266643325263	96.45730783912488
920000.0000000001	8.995714215611128	119.66888540259347	-69.4203243872673
925000.0000000001	9.270153508693847	88.70620481618772	-152.17774976768453
930000.0000000001	9.433792084733025	73.36368323412529	50.5353339679596
935000.0	9.176304118733677	129.141297129319	164.4107910398613
940000.0	9.044122703998013	114.23055364619131	123.1394702905433
945000.0	9.529143865489337	79.16131036945966	38.73729195435395
950000.0	9.359019594544339	65.28100206785304	-146.40553448820197
955000.0	9.585847875278903	151.37169944980346	-19.364014964724316
960000.0	9.14765443161447	115.41856940393974	5.151349943210277
965000.0	9.613584959793222	74.84434699641939	-54.42676617145082
970000.0	9.00128248168214	107.35201261294081	-24.41862421478054
975000.0	9.414127562070178	122.89400617079937	12.379527768923845
980000.0	9.238012554509883	84.00597553875122	44.70022937290085
985000.0	9.4271474714175	97.59194080775487	-127.54294128115102
990000.0000000001	9.391205639561722	89.08710694453049	-92.2826646194801
995000.0000000001	9.138585095636586	96.4308917957405	-148.59895691485372
1000000.0000000001	9.06099415904561	81.48883489800652	111.54653143194356
