0.0	1.032408677379042	68.60862529549497	0.0
5000.0	1.035621140897027	89.69041168158509	-136.94466235013695
10000.0	1.055038180123548	80.57333911500629	-152.1711179693057
15000.0	1.1342229643643367	84.05572597368435	-80.6834452912824
20000.0	1.133597911126869	83.2401860622288	-110.27894926681401
24999.999999999996	1.1783533918353266	87.86815093594817	-94.21602347240062
30000.0	1.080075875064619	93.92335650463245	62.61969913946373
35000.0	1.0252397615041786	94.31688654647843	-142.5483598123642
40000.0	1.0574958066677806	89.08416956925582	-50.4156837256167
45000.00000000001	1.1532953512763864	90.39033963123327	-101.24149259579993
49999.99999999999	1.0767320923327108	91.25896188065268	-125.56637494238124
55000.0	1.0324991309753246	90.84218519821474	27.457927427269123
60000.0	1.1084730235853149	92.33681960940156	-103.94403450398411
64999.99999999999	1.0594117576604303	89.17488074976454	-132.14863210426273
70000.0	1.0960970130138301	88.99588602516985	123.59595459240147
75000.00000000001	1.1655685717980164	93.41760444292147	94.50715456918164
80000.0	1.0330988239325174	90.48029684403973	-32.83243171892351
85000.00000000001	1.072048028803834	89.24194535625179	-129.735288144884
90000.00000000001	1.0040034133452838	92.6770723848602	6.3295385596089035
95000.0	1.1445891958612129	92.84143987318811	88.56401382695167
100000.00000000001	1.060115980473055	87.27659959596132	133.7713790412186
105000.0	1.0053933723994428	92.17280784841108	-20.17719231253807
110000.0	1.0777993153799255	88.97203567535112	129.8725068546562
115000.00000000001	1.0220512334417695	89.18396786952191	-6.713281788554772
120000.0	1.1332052239665182	92.88072439586499	-78.83983247253765
125000.00000000001	1.0268559632370453	89.27300032701338	-175.64826852660048
129999.99999999999	1.0138337099915151	94.6199203252931	-23.219055228004002
135000.0	1.1268090323036726	92.46746930978503	-70.30841650841309
140000.0	1.021938469161594	87.2539402387687	15.40620106761517
145000.00000000003	1.134949079049522	92.49162352962533	85.94075462630236
150000.00000000003	1.1202954626244144	92.71556198438583	75.43615698877593
155000.0	1.0788955676993952	91.36470485797624	-65.55827301535824
160000.0	1.1266776331945316	91.82334025572008	-111.19550527759483
165000.0	1.0243414699824853	91.13146734710483	2.4053805232316052
170000.00000000003	1.0513055255698809	92.65781226226045	68.44820829228303
175000.00000000003	1.1318599575024586	90.97966504264001	-105.9320322431007
180000.00000000003	1.0925175019493483	89.9785970391547	119.53106934918172
185000.0	1.040975239216272	90.57400314083692	-38.524508443358464
190000.0	1.1234280877149316	92.82568588386341	108.11491000580511
195000.00000000003	1.157890403516602	93.0933438737695	-97.8257597495997
200000.00000000003	1.0798352425035882	93.4784774423429	77.8436653844416
205000.00000000003	1.0907634948082623	93.14515739517775	-66.23525434397214
210000.0	1.169504655777194	92.47967864723866	82.8096627052026
215000.0	1.0248766846756587	92.8452264242381	-134.0555867064954
220000.0	1.0781871217121424	89.39895108860486	51.1892767414898
225000.00000000003	1.057725813135961	90.84197907192964	-131.24626756957684
230000.00000000003	1.0125186287765933	90.0098628261068	4.933842352405067
235000.0	1.0351422490247688	91.23652238902696	160.44784068243843
240000.0	1.006145317954166	93.96236563575582	-5.738731249797419
245000.0	1.0030985226870155	90.07899099744535	172.3437213581681
250000.00000000003	1.0443624598317784	90.63634730517788	-45.44139999928041
255000.00000000003	1.0951610086874362	92.95156126025807	113.48051125441657
259999.99999999997	1.1472445353960379	91.85181566155315	-75.04499510263736
265000.0	1.03777666695312	91.33709186114777	173.84261033338754
270000.0	1.0055506891675634	93.23919496968408	-1.8816550696831524
275000.0	1.0638304786848076	88.30627428116219	131.31948752216977
280000.0	1.057931505630821	89.94137830447609	-44.898396987343276
285000.00000000006	1.001558905519162	93.87203657254254	158.55230038777827
290000.00000000006	1.0255077798896917	89.19050357942757	-38.34747912325544
295000.00000000006	1.0720026945402539	90.89474986763189	119.9724112502872
300000.00000000006	1.0541782407684328	93.98253989513834	-60.177372653627344
305000.00000000006	1.1540581120798092	93.11223175366837	98.28258168840321
310000.0	1.0578997286815794	89.33176204934895	-41.480556643287365
315000.0	1.0211996761125497	93.70864316951842	139.87029469933233
320000.0	1.163268758081113	92.53062872435343	-80.73627534459192
325000.0	1.0565701305727064	89.5452528302017	134.21128437426214
330000.0	1.0119987588274795	92.83190948000792	-33.69023944820435
335000.00000000006	1.095952653772889	91.65508329611976	117.77640949350774
340000.00000000006	1.0539201668981337	89.24321375106481	-38.40070831473706
345000.00000000006	1.032825782219408	93.1394170676318	130.8688551332495
350000.00000000006	1.143644070129835	92.14985992504693	-72.69347185842724
355000.00000000006	1.0354972934081428	89.42431503177356	147.72049880015476
360000.00000000006	1.0333109988217486	93.70544312153027	-56.16868357641468
365000.0	1.1722620810710198	92.71726480659005	91.25529949422784
370000.0	1.1093947948709104	90.34510623414099	-64.12332426037466
375000.0	1.0328501674671238	92.80414347134989	128.55234743104614
380000.0	1.1637602465180927	93.01830475485339	-83.37510501512887
385000.0	1.1403838772150385	90.92330226177204	105.82740406147704
390000.00000000006	1.0296282632649576	93.39272237966331	-52.93584260817643
395000.00000000006	1.170510774561298	92.6536465579115	95.43974360313864
400000.00000000006	1.1390369516497525	91.59124707548096	-79.4748612594202
405000.00000000006	1.033429770424876	93.64584912947602	126.38827533672581
410000.00000000006	1.1610077950946898	93.30894222673861	-86.31926811436931
415000.0	1.1379120253768704	92.33741405211089	93.49942167536878
420000.0	1.044149335927225	93.47520494284633	-55.97506114929217
425000.0	1.1706710722593516	92.83805979111722	90.4202248626885
430000.0	1.1204460473264324	92.7139240221723	-101.59482695212418
435000.0	1.0614917036391192	93.82706313611037	111.39155921654137
440000.0	1.165330498640677	92.60091212495766	-96.98652082512264
445000.00000000006	1.0354436787033836	93.93846334916898	44.96341348568847
450000.00000000006	1.0843661244570892	91.95895233086026	-106.66324789614572
455000.00000000006	1.0855019306049933	89.45509711382817	57.27107620245149
460000.00000000006	1.0017149153772327	90.29028040115504	166.58378264861292
465000.00000000006	1.0680869205832149	90.22822050246323	-53.23980902689203
470000.0	1.017989403379654	90.7443075886576	154.02910711528526
475000.0	1.00179353829309	95.94145366199683	15.984251244238685
480000.0	1.026389606130508	91.94028707110124	-163.47252532862953
485000.0	1.004519460239741	93.40903311255475	-19.17227593497432
490000.0	1.0241675731441595	91.13031842285174	141.98157940300828
495000.00000000006	1.0282175958742181	91.21286550865175	-9.840880768499758
500000.00000000006	1.006435823238748	92.92306137717291	149.51496769183447
505000.00000000006	1.041639155208085	91.6783228707636	-45.56816804143429
510000.00000000006	1.0386690062591748	89.49309269541104	156.53098386401112
515000.00000000006	1.0326511670850258	93.13708806781293	-53.11307950086394
519999.99999999994	1.104917140133269	92.04026185677749	117.59339975153483
525000.0	1.0312997610909624	88.88022538297	-24.065896847579918
530000.0	1.0495452751037395	93.187967797	116.60003368476872
535000.0	1.1746532057159256	92.310166243671	-87.8588256891919
540000.0	1.074821345257983	88.80059105193752	127.78634308540637
545000.0	1.028807867602543	92.54992384092199	-54.65350641772892
550000.0	1.1257940091316547	92.83982973318312	108.77233500884812
555000.0	1.0930948728535945	89.16132619793396	-55.88922255213284
560000.0	1.044710608091439	92.63030041406824	118.79551334100361
565000.0000000001	1.12674528895162	92.1651685833188	-68.56599770045878
570000.0000000001	1.080039892855079	88.71392887530826	127.99784952840325
575000.0000000001	1.0499096413292255	93.28861729445478	-68.27888890182847
580000.0000000001	1.1556462763888908	92.69907317122924	99.47757696165702
585000.0000000001	1.0828156863525014	89.22221596494659	-54.66007373983187
590000.0000000001	1.0399694002489166	93.09237512849288	117.71044892226767
595000.0000000001	1.1471458153943597	92.86429675525108	-77.03217979748537
600000.0000000001	1.0966478861895224	88.84896148028648	124.18781535640089
605000.0000000001	1.0444826761423232	92.69993301136654	-61.45044166231798
610000.0000000001	1.146387945739263	92.33447265402691	105.20242899240476
615000.0	1.0798938788154275	89.07788997126434	-53.76238127058108
620000.0	1.0382831246785562	93.37257979329395	116.56004108493413
625000.0	1.142164268629185	92.96707893120163	-76.84554391365658
630000.0	1.0789012378576976	88.83105217855139	128.77959212764347
635000.0	1.0442746974818216	92.97390571174265	-62.488944940124284
640000.0	1.1473613328667183	92.52097580480265	104.77270820115933
645000.0	1.075828139166215	88.3606574135686	-49.44119820643398
650000.0	1.0461142594039814	93.00188916378286	115.60288330746769
655000.0	1.1498196565609107	92.52640514647146	-77.37304081035666
660000.0	1.0684701705838973	88.83740118384397	130.02630708579306
665000.0	1.0375932075657397	93.22215904560674	-62.781214012374654
670000.0000000001	1.1328235023625728	92.9105295996335	106.46416737447566
675000.0000000001	1.0762709926197274	88.25817642251425	-48.545922396928596
680000.0000000001	1.04859973953696	92.77352893524696	115.67134773385878
685000.0000000001	1.1345615449697786	92.27559858920148	-71.27801148960766
690000.0000000001	1.0656361270489207	88.23904767372998	132.72415262677376
695000.0000000001	1.04679453562284	93.08687889893355	-67.12044225059722
700000.0000000001	1.1311153396022176	92.7607783250202	106.29170992304064
705000.0000000001	1.0651629648652914	88.41503151041961	-47.68551414307014
710000.0000000001	1.0423409072780774	92.98806310623254	115.30111367863874
715000.0000000001	1.1152036671606111	92.6256893106743	-67.35620587078817
720000.0000000001	1.0764758210587515	87.88164996758573	131.61366189439048
725000.0	1.052410556708014	92.51103071294314	-66.32182228789571
730000.0	1.097881796642571	92.41826279286978	117.0496811742478
735000.0	1.0696512025703544	88.26653839596209	-49.85613821556908
740000.0	1.0454678808001021	92.79394443060978	113.19740841514255
745000.0	1.0699725583284656	93.0633613874033	-56.802256573787105
750000.0	1.074663739202392	88.4288384299088	128.94160312290091
755000.0	1.0507775520844835	92.23754037573235	-64.6794303379088
760000.0	1.04487059692557	93.1324470228242	135.66446067132813
765000.0	1.0892650973100313	88.06189405623763	-53.43856325758275
770000.0	1.0558839518787952	91.5631108910577	117.52768328676208
775000.0000000001	1.0116624300457413	94.88380244299593	-31.896868180462512
780000.0000000001	1.0631417315111034	87.9892671629458	131.29220801382942
785000.0000000001	1.0564268631367448	92.02722352618497	-65.69000747982955
790000.0000000001	1.0183553685922047	94.6967983077705	152.63954468422327
795000.0000000001	1.0495217100937813	86.89586476088623	-38.93448340437822
800000.0000000001	1.067133722988862	92.08583580531106	110.22337276538717
805000.0000000001	1.0267368743767051	94.22148301144288	-37.759227556550734
810000.0000000001	1.0594534262934954	87.35827113162024	134.24694525546667
815000.0000000001	1.0512708510140392	90.87621323501756	-52.868795848962236
820000.0000000001	1.009538762432812	95.1064872403894	148.45765897007405
825000.0000000001	1.0589482795079121	88.49152363128471	-50.06222372245454
830000.0	1.0402500549527571	90.61783453754238	145.8200658966109
835000.0	1.010529027108318	94.04728340500574	-13.530567989399009
840000.0	1.0229755784912953	87.84821474742992	153.1682992184881
845000.0	1.059716465427684	90.4947344549352	-51.70315281321572
850000.0	1.0358913919987662	93.86157362122763	135.61694304137782
855000.0	1.082166839269536	89.56913645062707	-55.51396382910838
860000.0	1.029326791255663	91.92720104778877	170.85451773366435
865000.0	1.0035158323634388	92.79889663125493	-3.9180396591822926
870000.0	1.0089233182071733	89.44984558128091	154.10114848579965
875000.0	1.0382359058166524	90.67889319586438	-35.93654946233993
880000.0	1.015092597750569	93.79466749099274	145.34778365373117
885000.0000000001	1.028153147896665	90.41915357345775	-35.18683484101218
890000.0000000001	1.0407715930274022	90.32153199710338	153.83889785064252
895000.0000000001	1.0337027159808312	93.45594365570572	-47.54249302629119
900000.0000000001	1.0942414840650438	91.2361699163424	120.82227987347109
905000.0000000001	1.0253397104394197	91.26090255573398	-7.011200747231615
910000.0000000001	1.003205124951347	93.1489395246973	152.37678707975772
915000.0000000001	1.061787757173631	91.4006571877362	-53.345549127655836
920000.0000000001	1.0322470638987105	90.29944105067118	167.81989123884145
925000.0000000001	1.0120123919767667	91.84638384919883	-28.982866348717334
930000.0000000001	1.0229958873752578	92.37370840436611	147.26906520575264
935000.0	1.0364557221142219	89.27513807729291	-16.72865984626268
940000.0	1.0272545457733486	91.75036747757679	134.94272832395666
945000.0	1.0098254600207648	94.55328074362598	-24.47124160440023
950000.0	1.0194559796605007	89.31931848766854	173.38141902280944
955000.0	1.023868172876144	91.64901351677196	-45.42245848857187
960000.0	1.0163382502816118	94.17983622488784	144.44821244313158
965000.0	1.0200574192439444	87.57376832530018	-18.910710520280006
970000.0	1.0263807044445916	91.7689131829981	129.76554294557315
975000.0	1.0290630070876985	93.9713496326449	-41.544811163760826
980000.0	1.0406504347565926	87.01746701732368	143.33010963791503
985000.0	1.0423372416702883	90.78472198622669	-46.423436447694485
990000.0000000001	1.0202180432130012	94.55220188759566	151.4062375567601
995000.0000000001	1.0546453108680158	86.89483762519124	-41.43479372185777
1000000.0000000001	1.0463152218432514	90.54726781917539	134.7951967632448
