0.0	0.6650065351635579	168.54556006895007	0.0
50.0	0.6570280257689222	168.3144309459011	-79.87242498547099
100.0	0.5682301727707934	169.02500651818738	-102.37256399989727
150.0	0.6001730375985349	166.92640340470643	-41.191304774914975
200.0	0.5469158051445079	166.38590754336528	46.67436385662666
250.0	0.5983281566601081	167.5440665007396	-130.40656951596958
300.0	0.5738466222896002	167.2488075464042	110.92597788732748
349.99999999999994	0.5621100020027519	167.32609693937204	51.135994377637495
400.0	0.5257423263714218	166.77841740631598	54.58406511278076
449.99999999999994	0.5053487640261027	164.35503750395114	159.38072231002025
500.0	0.5371940378800454	165.38318323365664	-45.05879126630211
550.0	0.4795205966600165	161.0687588974687	177.14979301977738
600.0	0.4566738378989183	166.06340418272302	124.54119573345217
650.0	0.4975246386936854	166.28148517141128	126.05871400824796
699.9999999999999	0.42009241576181955	161.70689251507739	-154.5842306484255
749.9999999999999	0.4019513293829498	158.6208436698428	15.854286394331876
800.0	0.42887763517646005	154.75845661266354	-146.017369757662
850.0	0.44924737137188137	159.16152965811418	62.74904300278792
899.9999999999999	0.4091169554171894	142.93871525425223	-14.932458548108444
949.9999999999999	0.4373611460251141	151.2039739076977	-10.651379721779287
1000.0	0.43213161903560265	153.62153440299042	60.59008643108693
1050.0	0.36561115205431144	151.24300979215081	-146.47243006983743
1100.0	0.3539154624056342	157.32972647053126	110.16029720038051
1150.0	0.30068390679824214	151.71320136131501	58.86852000733927
1200.0	0.2930640276173335	149.69403713550898	137.73951117014218
1250.0	0.31110149530204545	152.67447192386678	-119.23986179135913
1300.0	0.35586851783545226	146.09376973638717	124.90962166892102
1350.0	0.33729501615717306	147.70540418053127	58.3522545054472
1400.0000000000002	0.2810155995641397	148.69510762012766	122.15160506559869
1449.9999999999998	0.324005762831997	146.24356908167732	-109.76014868776234
1500.0000000000002	0.3084895554566547	137.1874483493053	133.58407587558486
1549.9999999999998	0.25570894529877447	151.467525097246	97.05360268979989
1600.0	0.2752834832179539	118.21164711332301	-176.2587797813841
1650.0	0.266930817750211	116.5607958314883	-1.17763084955779
1700.0	0.24688571318414473	141.40846621734752	-98.58609315677943
1750.0	0.2453770058248989	134.1086798497479	-49.01229829371441
1800.0000000000002	0.26771524495501736	136.84410922899283	72.30114373419259
1849.9999999999998	0.20797500738749017	129.73532848784748	-9.404505243750062
1900.0000000000002	0.22190198964368826	130.7970967296848	-6.906403498005188
1949.9999999999998	0.22816402829283694	119.81166053024513	136.80687376438928
2000.0	0.2606350987433155	115.53483502796718	40.758105452884855
2050.0	0.1835763493853468	122.4967555362392	50.457135367951146
2100.0000000000005	0.23108328305947873	124.37679588836717	-117.84511238394072
2150.0	0.1426463857384547	99.86402484983591	-176.30398126830704
2200.0000000000005	0.2238364678299512	98.80340722454774	-27.437353983929103
2250.0	0.13482638488690626	89.17198134823792	-9.214166136399186
2300.0	0.1876962037622703	122.25939400018979	92.01579373461176
2350.0000000000005	0.07219560935484762	127.26480931763862	-175.64456528834256
2400.0	0.08966566401456635	68.3797281516304	-18.11614083559778
2450.0000000000005	0.4014017567358575	79.02549787001473	157.57887213788425
2500.0	0.9776791919504241	59.025532768973605	57.11218716875831
2550.0000000000005	1.2760982948137556	37.77449128839595	-129.8332955857759
2600.0	1.6618698481640701	37.57392263551201	92.10287844826512
2650.0000000000005	0.7944968727791277	65.74089232447875	-150.48183850728836
2700.0	0.7957446637544623	61.69827908413284	-112.1194152358169
2750.0	0.9729701930933415	54.46170363052821	-132.1461602502511
2800.0000000000005	0.9189890800377191	46.543163799397824	-40.27067896442848
2850.0	0.5907586938858987	64.96082399034984	-156.07501383857468
2900.0000000000005	1.4018105879487095	40.290866394043874	-102.52404387578216
2950.0	1.4333122348527216	28.212148272704937	49.88268812569865
3000.0000000000005	1.35153751652473	45.76944981922009	47.515315850905004
3050.0	1.3258577384100676	37.131480913715365	-63.24506362470406
3100.0000000000005	1.2239790944320803	50.53424361396291	151.88854169938745
3150.0000000000005	0.94479135582569	65.6555437883121	169.89726576101748
3200.0	1.191974835696666	58.43513475752556	20.301518239086214
3250.0000000000005	1.3762261251367849	46.60429382187564	29.24774012850611
3300.0	0.34604050207754444	68.9415271799701	29.749755164495475
3350.0000000000005	1.044488950722476	48.67218747263402	92.29770004085665
3400.0	0.6959675720215316	58.287185397581375	-76.23699912324462
3450.0000000000005	0.260454177203212	71.85442901792298	130.1409898149321
3500.0	0.3015160406794438	57.64243755875465	-94.57072223479838
3550.0	0.8654565155623861	53.63778021852076	-159.1965710444388
3600.0000000000005	1.1350211247351756	50.59366644026536	-121.29475268147239
3650.0	1.2685162021036225	34.7854176314817	40.16101748766594
3700.0000000000005	1.5780445513432342	27.68553575076681	-2.7627510140284843
3750.0	0.8766914681817166	48.76551095389083	-98.14922339862241
3800.0000000000005	1.275612508155358	38.67220531925281	-134.44978133914492
3850.0	0.723298012893077	60.646088400422606	-94.26549413449725
3900.0000000000005	0.843517939899398	60.55626383762685	105.79116077968601
3950.0	1.450093108590857	34.851848282559196	25.632142540818844
4000.0	1.4483063105146878	26.86800844573549	48.752680953009744
4049.9999999999995	1.227973488646694	37.404593075031805	-67.3737235047004
4100.0	1.5471614401595877	29.331746685676098	-170.09064860390012
4150.000000000001	1.5364583367317868	25.141067573244236	50.48530192351718
4200.000000000001	1.5850957350010757	28.587512112050153	176.59401151834993
4250.000000000001	1.5562938549143455	38.19723601068184	-143.29577570177975
4300.0	0.40332380366120435	58.58932174353783	-39.400181063919625
4350.0	0.2973274419606646	73.72776900365216	-80.29495032353874
4400.000000000001	0.39061253119568273	53.9765531525414	91.91173051713562
4450.000000000001	0.37433152444879814	70.6522759762854	-67.14099101142331
4500.0	0.4693467719509984	57.486782159201084	-140.6759652080974
4550.0	0.29335558207944845	47.349170366531474	-91.34140830548358
4600.0	0.4577255069545019	37.697608866468634	51.55156918540177
4650.000000000001	0.41018745020827707	41.54592487184936	-162.55422679447847
4700.000000000001	1.3529331766988117	19.936389414896677	92.07438967529997
4750.0	1.4561428967371102	25.674374565919695	1.6684836216953407
4800.0	0.357876250391391	25.980642290963296	-108.92262843704192
4850.000000000001	0.6665915696564773	50.97733607219866	-19.43445620012971
4900.000000000001	0.29681750423473274	45.300710291036346	-98.52897572091814
4950.0	0.2943881705763272	64.0842013014354	-100.63543156355375
5000.0	0.3712492386362611	60.038209731329005	-83.0734918595533
5050.0	0.36523008907973353	49.84927472167159	-145.61488235972976
5100.000000000001	0.4047958432159792	38.39390944441455	162.51132728486476
5150.000000000001	0.47207489586806045	41.239844698955174	9.666307208586996
5200.0	0.3500661439740757	35.166907329138084	-122.37897507303076
5250.0	0.2831240967180396	32.686185061327734	178.3165437525887
5300.000000000001	0.4254583863716776	33.433487434810324	75.97810831153086
5350.000000000001	0.40229780326260833	40.827612508696895	-156.70923109237424
5400.0	0.3191240965381075	44.389234917192134	10.870823126623986
5450.0	0.4635436219873164	31.69829471151911	-157.2401438817585
5500.0	0.3083391798705004	33.43812814258205	145.7465056632581
5550.000000000001	0.4077445240829053	27.38405919477777	26.599516910299833
5600.000000000001	0.39438106533614214	12.879472909282114	94.56079380246692
5650.0	0.3167619829939111	32.637190595016854	140.36918190999643
5700.0	0.48366735462294785	30.306711581083984	-32.161088285296536
5750.000000000001	0.28278930660201984	18.32088233448897	-65.85506162001751
5800.000000000001	1.520982066701525	14.596213246964465	-70.58695649558128
5850.000000000001	0.6041409340643347	16.456497396691503	-177.51412007082635
5900.0	1.217591928830483	32.06344299614977	40.50061423286498
5950.0	1.2359664278891864	31.693561035971772	142.97134884904105
6000.000000000001	1.0568765979837202	46.318833412490264	3.773198421375917
6050.000000000001	1.3411149678936574	29.49346783778029	81.94940446377743
6100.0	1.0734183092923835	31.565683336826332	-86.95557651040596
6150.0	1.1708302499774537	29.315870744245533	-21.564038287599253
6200.000000000001	1.2332727614834138	24.652132522843306	24.415476616319445
6250.000000000001	1.41662582303031	16.022346572112852	95.56037870200454
6300.000000000001	0.9873238681789189	34.309064598993686	85.85694528348172
6350.0	1.0723185929581307	34.047967878659335	-15.48241482010474
6400.0	1.1169628634630198	17.034609648880906	-179.15706679958708
6450.000000000001	0.7406973115956825	48.11295653122667	148.26330869369588
6500.000000000001	0.7703137154636344	34.417583660857154	-26.54645925883448
6550.0	0.9138581809631038	7.14344578187943	140.33739730184786
6600.0	1.1222347337932617	19.340355450973227	110.76315165748728
6650.000000000001	1.3703651106651868	26.604390846711905	-127.96154633056331
6700.000000000001	0.8769511260789064	43.28585787796888	46.42313696270831
6750.000000000001	0.5697362350671122	39.650056367907204	44.59179002021434
6800.0	0.5544588938906599	12.154090518722255	-177.5993482177105
6850.0	0.9091287818405598	34.24562062194015	-67.72370016241804
6900.000000000001	1.4795055148071872	27.54824333926316	170.58575650172241
6950.000000000001	1.1798015461799747	18.41218176746403	41.92774835012694
7000.0	1.1713096615369352	29.443165715861753	-122.48648669805559
7050.0	0.9280958917371206	16.897978782633245	-151.0878202735495
7100.0	1.3396595547749999	21.81375898948123	-178.32693127013783
7150.000000000001	1.3149317458974457	23.15958188617058	75.7437367837003
7200.000000000001	1.0358760448672788	24.740642219764233	-39.30494448936643
7250.0	1.0292412998097757	36.85248359588617	-178.7286155736947
7300.0	1.0792812642213974	20.534377535481656	145.8647616285572
7350.000000000001	1.251672904548555	19.127248481172018	-52.23894522019193
7400.000000000001	1.2089915072915953	2.5937626404809198	-36.20795097564263
7450.0	1.5689127649136612	6.991346611467571	151.33815389015228
7500.0	1.39637255533686	26.357200022909378	157.95698738210405
7550.0	0.7954711004262965	11.231438124680478	42.88677752998583
7600.000000000001	0.7387519962236309	15.908636859206505	74.21541853508838
7650.000000000001	1.4511374863980806	11.16040261713025	38.94479470130676
7700.0	1.402752040216569	18.460236191674497	46.5516229653565
7750.0	1.1143044910278757	30.701536347245955	-68.25485400241536
7800.000000000001	1.2753135198424985	23.854042998838267	-30.71990006794831
7850.000000000001	0.9125507259362111	24.530515017949824	-74.74071274958186
7900.0	1.0828528055651119	24.847044430155083	-27.73072554846468
7950.0	1.0957064757143997	28.968904133353835	-146.53007112949535
8000.0	0.6463641366755429	31.269782153827563	165.09183336805063
8050.000000000001	1.032771805111441	13.7488273415746	-139.72823896863528
8099.999999999999	0.8692328910981091	16.818632268931413	23.47510740784963
8150.0	1.4617760536241198	20.632633648248085	176.4181527587627
8200.0	1.2047026412210564	16.335228903804342	67.81109824683347
8250.0	1.2577112084622573	13.769351598293776	121.21094984872616
8299.999999999998	0.7094628880937944	18.252911505457963	-44.81827823241074
8350.000000000002	0.7350963978145544	25.05952638141463	57.15862657664252
8399.999999999998	0.6664266354991746	18.6722665016193	159.32244907489664
8450.000000000002	1.2075732734903915	9.224637433032907	-79.15724681276328
8499.999999999998	1.2887596742254948	19.64887502257092	148.4834735927188
8550.0	1.0551678794871302	2.1080007373238643	-11.46672974092333
8600.0	1.2148687043762094	16.496376843931053	-53.62263970741862
8650.0	1.3712331946721903	10.309676556967732	139.368111150212
8700.0	0.901495918344068	28.218438373236562	-72.26574197979454
8750.0	1.3568967453252763	18.104310556288475	-66.7193218516617
8799.999999999998	0.7736041536544422	22.900466354955434	-14.40988320048067
8850.000000000002	0.690757885327216	18.079015834167738	-30.63914281998255
8899.999999999998	1.1364995671711864	19.78184978193826	-168.94646858882427
8950.000000000002	1.253594030834613	21.572511757007437	174.0419711107275
9000.0	1.1507498829176763	22.21214866379638	-142.43738332275078
9050.0	1.306736315502187	15.500956855084985	-95.88174970038143
9100.0	0.6435048525322556	27.216466603377132	-5.725471823713546
9150.0	1.3377754318125208	11.331321057048928	-20.14418168722836
9200.0	1.0486067509740298	5.77954677867531	-11.157392904349235
9249.999999999998	0.8667675097615841	25.87643986203725	-12.99512835348906
9300.000000000002	0.9509968047598567	11.292493286700513	62.42543182732831
9349.999999999998	1.2777403553167552	18.161301519160904	83.47489327236005
9400.000000000002	1.0644707063643593	29.008540205558358	-162.16126463599196
9450.0	1.051080450129977	19.814417951091773	8.90237930114648
9500.0	0.5267206595211683	17.756289826116813	-154.1024423211491
9550.0	1.3405956276970898	7.649494929525677	129.00696216445803
9600.0	1.188585964346458	20.124204668377924	52.246671304440135
9650.0	1.1235786693634846	19.309519438790485	85.82542001832407
9699.999999999998	1.3586270635732176	21.45467614547017	-175.74857867240982
9750.000000000002	0.826819827825634	16.850975700450835	79.20216474554303
9799.999999999998	1.3238258025963698	21.49571021370029	-110.3666392218839
9850.000000000002	0.9916444918739794	26.916874106329004	-107.03043830371547
9900.0	1.0815611557620506	23.371017521132625	52.14933643847033
9950.0	0.9541584787603707	16.146579090988713	162.9382729914512
10000.0	1.3380975171020444	15.088101357486574	-112.38848698690376
