0.0	1.2541953377239785	70.95496458328337	0.0
1507.537688442211	1.2354871574601562	69.16157604035067	1.4690743563857313e-05
3015.075376884422	1.2181727766706418	67.3962762901486	4.482784389231083e-05
4522.613065326632	1.2021548875656922	65.66070004220073	8.505211402372332e-05
6030.150753768844	1.1873416782617674	63.95626352578485	0.00012774296709897637
7537.688442211054	1.173646715007553	62.2841695012472	0.00016471456051541763
9045.226130653265	1.1609887898523987	60.64541458879191	0.00018901188021658186
10552.763819095477	1.1492917403468537	59.040798375905716	0.00019644032280545474
12060.301507537688	1.138484249965873	57.47093386350659	0.00018647928482995989
13567.8391959799	1.1284996383778867	55.93625896718049	0.00016241020949622965
15075.376884422109	1.1192756495966518	54.4370488262912	0.0001305978209158995
16582.91457286432	1.1107542438352382	52.973428867143454	9.910984187200709e-05
18090.452261306535	1.102881396068561	51.545388372410166	7.593527189648227e-05
19597.989949748742	1.0956069014837708	50.1527944913204	6.722691747846223e-05
21105.527638190953	1.0888841857729246	48.79540631522106	7.593245039263857e-05
22613.06532663317	1.0826701170676754	47.47288877911759	0.00010114404922093192
24120.603015075376	1.0769248164177028	46.184825988666695	0.0001383030982526792
25628.14070351759	1.071611464909185	44.93073363996721	0.00018021315083089086
27135.6783919598	1.066696107360139	43.71007020958311	0.0002186253087624617
28643.21608040201	1.062147454449742	42.52224687342348	0.00024605719912687004
30150.753768844224	1.0579366866419226	41.366636068064594	0.00025743580758218806
31658.291457286432	1.054037264032187	40.24257879539344	0.00025120687081347994
33165.82914572864	1.0504247461850515	39.149390965458906	0.000229679617186321
34673.36683417086	1.047076625208212	38.08636898371416	0.00019852352086587139
36180.904522613055	1.0439721739856966	37.052794826732494	0.00016552485216058887
37688.44221105528	1.0410923098692486	36.047940811750436	0.00013887439247642241
39195.979899497484	1.0384194726110167	35.071074192257484	0.0001253638297209633
40703.5175879397	1.0359375141711096	34.12146148554701	0.00012888311148151986
42211.05527638191	1.0336315974424968	33.19837256868159	0.00014956469277210225
43718.59296482413	1.0314881010018673	32.301084253786556	0.00018375246704302166
45226.13065326632	1.0294945276313034	31.428883297963676	0.0002248105210680315
46733.668341708544	1.0276394153525503	30.581068761351005	0.00026459091992720064
48241.20603015075	1.0259122508074179	29.756953463246422	0.0002952207818754193
49748.74371859296	1.024303385747668	28.955864966511637	0.00031084032348580287
51256.28140703518	1.0228039579835628	28.17714581751327	0.0003088852796412728
52763.819095477375	1.0214058182991148	27.420153560546815	0.00029065345809751065
54271.3567839196	1.0201014645927462	26.68426050830037	0.00026101874834599093
55778.8944723618	1.0188839839383879	25.968853645945906	0.00022736361314573892
57286.43216080402	1.0177470025357853	25.27333464054483	0.00019795454662197755
58793.96984924623	1.0166846427937266	24.59712004816614	0.0001801190396806001
60301.50753768845	1.0156914862217097	23.93964188567727	0.0001786359861339405
61809.04522613064	1.0147625405068381	23.30034807298474	0.00019467568002378964
63316.582914572864	1.0138932091660218	22.678703057592376	0.0002255465655879489
64824.120603015086	1.01307926246496	22.07418810170564	0.00026528626403908573
66331.65829145728	1.0123168087921957	21.486301448791878	0.0003059794085436854
67839.19597989951	1.0116022662467594	20.914558011602363	0.00033949900801934235
69346.73366834172	1.0109323347112706	20.35848868524551	0.000359289899975769
70854.27135678392	1.0103039690390263	19.81763976602644	0.0003618224439710426
72361.80904522614	1.0097143541340647	19.291571609493275	0.00034735262369711055
73869.34673366834	1.0091608826299407	18.77985804943672	0.0003198829362411501
75376.88442211055	1.0086411356313343	18.282085269149412	0.0002862703514489752
76884.42211055275	1.0081528666310058	17.797851326685674	0.0002547228060519653
78391.95979899497	1.0076939883469909	17.32676588467012	0.00023299505595920767
79899.4974874372	1.0072625619178095	16.868449882666837	0.00022667150361698184
81407.0351758794	1.0068567877110797	16.422535933141006	0.00023794850056710755
82914.57286432161	1.0064749969701308	15.988668114157576	0.0002651375959141756
84422.11055276381	1.0061156436423628	15.56650237122925	0.00030305048181266623
85929.64824120603	1.005777295958065	15.155706199751515	0.0003441329090960035
87437.18592964826	1.0054586276085016	14.755958352957808	0.0003801281617383369
88944.72361809044	1.005158408637414	14.36694850538642	0.0004038999975592998
90452.26130653267	1.0048754963595972	13.988376603804422	0.0004110034803536767
91959.79899497489	1.0046088267215243	13.61995189008686	0.00040065509683533915
93467.33668341709	1.0043574065081722	13.261392280728204	0.0003759109859939942
94974.87437185929	1.004120306696212	12.912423777215263	0.00034299582341592026
96482.4120603015	1.0038966570857697	12.572779909097749	0.0003099320817625538
97989.94974874373	1.0036856421542786	12.242201281030495	0.0002847673087766261
99497.48743718592	1.0034864979125544	11.920435897062484	0.0002738171638126616
101005.02512562815	1.003298509429827	11.607238802888702	0.00028026025588896405
102512.56281407036	1.003121008660025	11.302372337120419	0.0003034426956943098
104020.10050251256	1.0029533722408641	11.005606342316527	0.0003390273386232969
105527.63819095478	1.0027950190354868	10.716718069262178	0.0003799439846053659
107035.17587939698	1.0026454073217619	10.435491961391739	0.0004179446476795313
108542.7135678392	1.0025040316670573	10.161719485604507	0.0004454219685916004
110050.25125628142	1.0023704196364875	9.895198741524824	0.00045708604763165556
111557.7889447236	1.0022441285453534	9.63573392020934	0.00045112517840823553
113065.32663316581	1.0021247424746242	9.383134745164144	0.0004296047633521673
114572.86432160804	1.002011869726074	9.137216056131937	0.0003980140868108861
116080.40201005025	1.0019051408156956	8.897797337285825	0.00036405284909300973
117587.93969849245	1.0018042070106667	8.664702981987505	0.0003359535374436096
119095.47738693467	1.0017087393269983	8.437761575814362	0.00032064571134633507
120603.0150753769	1.001618427840133	8.216806317844261	0.00032224460208552636
122110.55276381908	1.001532981133979	8.001675110067774	0.00034114296821829954
123618.09045226131	1.0014521257214803	7.7922105728246	0.00037392182907411436
125125.62814070353	1.0013756053136402	7.588260276176925	0.00041410953693907487
126633.16582914573	1.0013031798748884	7.389676435749265	0.00045359890384158896
128140.70351758793	1.0012346244723003	7.196315792705597	0.00048443060094232834
129648.24120603014	1.0011697279821339	7.008039710143815	0.0005005595454179422
131155.77889447234	1.00110829175754	6.8247135416914775	0.0004991720218831772
132663.31658291456	1.001050128369126	6.646206160425936	0.0004813040710747482
134170.85427135677	1.000995060518528	6.472390013893841	0.00045162394817952373
135678.39195979902	1.0009429201864006	6.303140695160923	0.00041739860329100963
137185.92964824123	1.000893548032862	6.138336754994335	0.0003868934604670962
138693.46733668345	1.0008467930213063	5.977859649353998	0.00036755281708523486
140201.00502512566	1.0008025122024506	5.821593819880005	0.000364362161932161
141708.54271356785	1.000760570574718	5.669426932480106	0.00037875592226866274
143216.08040201006	1.0007208409361537	5.521249679227499	0.00040829334668002757
144723.61809045228	1.0006832036627755	5.376955647592733	0.0004471875862554611
146231.15577889446	1.000647546373701	5.236442392930477	0.0004876150858524469
147738.69346733668	1.0006137634795929	5.099609739815684	0.0005213870641284235
149246.2311557789	1.000581755640481	4.966361390985536	0.0005418051759787942
150753.7688442211	1.0005514291811057	4.83660290896263	0.0005450820008760349
152261.30653266335	1.0005226955202022	4.710243345154951	0.000531231162542714
153768.8442211055	1.0004954706668294	4.587193467450978	0.0005040156039057044
155276.38190954772	1.000469674820807	4.467366186148488	0.0004701411586077693
156783.91959798994	1.0004452320932882	4.3506768481172395	0.0004377899728916234
158291.45728643218	1.0004220703383784	4.237042635612879	0.0004148029001219862
159798.9949748744	1.0004001210701197	4.126382571622379	0.00040695465199114093
161306.5326633166	1.000379319423722	4.018617772341476	0.000416688013846003
162814.0703517588	1.0003596041205753	3.9136715499027783	0.00044257624789176866
164321.608040201	1.0003409174003686	3.8114694263949414	0.00047963578032153684
165829.14572864323	1.0003232048977129	3.711939128533323	0.0005204227873136418
167336.68341708544	1.0003064154573331	3.615010552424492	0.0005566719982809234
168844.22110552763	1.0002905008971836	3.5206156791961987	0.0005811163566266645
170351.75879396984	1.000275415740916	3.4286884432807403	0.000589086757412594
171859.29648241206	1.0002611169479527	3.33916457250123	0.0005795397691342842
173366.83417085427	1.000247563668965	3.2519814285947586	0.0005552872283852517
174874.37185929652	1.0002347170468582	3.1670778800473447	0.0005223774175252543
176381.90954773867	1.0002225400750835	3.084394231053762	0.0004887642819977186
177889.4472361809	1.0002109975129332	3.003872201832615	0.00046255735010563263
179396.98492462313	1.0002000558446438	2.9254549145966706	0.00045023641754036265
180904.52261306535	1.0001896832659796	2.849086842058604	0.0004552226961780745
182412.06030150756	1.0001798496771601	2.7747137785328175	0.00047712283996787755
183919.59798994978	1.0001705266628662	2.702282989257884	0.000511817760988089
185427.13567839196	1.0001616874456214	2.631743495992457	0.0005523772095747454
186934.67336683418	1.0001533068087096	2.56304605822887	0.0005905864860178694
188442.2110552764	1.0001453609900028	2.4961426503551514	0.0006187411797799259
189949.74874371858	1.0001378275573782	2.430986236548069	0.0006313371434113249
191457.2864321608	1.0001306852786096	2.3675314000245953	0.0006263033916444235
192964.824120603	1.0001239139992169	2.3057344304538048	0.000605466734006069
194472.36180904522	1.0001174945411675	2.245552115811763	0.0005741168926304753
195979.89949748747	1.0001114086283878	2.186941743935451	0.000539840418011542
197487.43718592968	1.0001056388399703	2.1298625304493504	0.0005108959940833332
198994.97487437184	1.0001001685882238	2.074274667679798	0.0004943721999608024
200502.51256281405	1.0000949821112657	2.0201381226972046	0.0004945855712057697
202010.0502512563	1.0000900644728135	1.9674148270278689	0.0005121936109075106
203517.5879396985	1.0000854015558502	1.9160682892673355	0.0005440443752938907
205025.12562814073	1.000080980045826	1.8660614529967676	0.0005838000614106518
206532.6633165829	1.0000767873977376	1.8173594949888954	0.0006234136030699516
208040.20100502513	1.0000728117890814	1.7699291364801115	0.0006548894276200293
209547.73869346734	1.00006904206094	1.7237361774905577	0.0006719631228840507
211055.27638190956	1.0000654676544602	1.6787492284789698	0.0006715944408974989
212562.81407035174	1.0000620785498051	1.6349373027265064	0.0006545759400078356
214070.35175879396	1.0000588652138633	1.59226872326899	0.000625315451963893
215577.88944723617	1.0000558185603305	1.5507150846558826	0.0005909939629782985
217085.4271356784	1.0000529299241327	1.5102464323700417	0.0005598437226763213
218592.96482412063	1.0000501910478359	1.4708341095797615	0.0005394096213326531
220100.50251256285	1.0000475940775715	1.4324515214902902	0.0005349267249866166
221608.040201005	1.0000451315628698	1.3950698996008521	0.0005480280024424104
223115.57788944725	1.0000427964552108	1.3586643891310677	0.0005765690312030383
224623.11557788946	1.000040582101996	1.3232086656888187	0.0006149469718660753
226130.65326633168	1.0000384822329715	1.2886775153127237	0.0006553938216795888
227638.1909547739	1.0000364909386519	1.2550481827527165	0.0006897471615628372
229145.72864321608	1.0000346026431666	1.222295287466226	0.0007110799248107043
230653.2663316583	1.0000328120733548	1.1903981017117367	0.0007154510608731084
232160.8040201005	1.000031114227744	1.159332956836808	0.0007025528066221771
233668.34170854272	1.0000295043499703	1.1290788612903315	0.0006759320001567746
235175.8793969849	1.0000279779072456	1.0996152120111662	0.0006421654456723777
236683.41708542712	1.000026530575628	1.070919885465361	0.000609330853345856
238190.95477386934	1.000025158232635	1.042974982847772	0.0005854217959123057
239698.49246231158	1.0000238569542428	1.0157582707652582	0.0005763195649435604
241206.0301507538	1.0000226230144147	0.9892529589985273	0.0005847911301591997
242713.567839196	1.0000214528851752	0.9634385621016177	0.0006096176798723135
244221.10552763817	1.000020343234571	0.9382978063694473	0.0006460469154631476
245728.6432160804	1.0000192909211039	0.9138132668237186	0.0006867677942376476
247236.18090452263	1.0000182929839698	0.8899665344216641	0.0007234631880133112
248743.71859296484	1.0000173466305882	0.8667432569431011	0.0007488220586144915
250251.25628140706	1.0000164492213626	0.8441243764599655	0.0007578644158896766
251758.79396984924	1.0000155982542973	0.8220974444534784	0.000749390409659679
253266.33165829146	1.0000147913518003	0.8006439806798513	0.0007258665268997679
254773.86934673367	1.0000140262484638	0.7797517851694652	0.0006932400887774222
256281.40703517586	1.0000133007830774	0.7594042916314019	0.0006593359638503975
257788.94472361807	1.0000126128944615	0.7395881975742118	0.0006323292280100674
259296.48241206023	1.0000119606194429	0.7202897426727938	0.000618873672709252
260804.0201005025	1.0000113420929004	0.7014939856821543	0.0006225746627075581
262311.5577889447	1.0000107555469109	0.6831901059006454	0.0006433930608456083
263819.09547738684	1.0000101993108652	0.6653618948034808	0.0006773313465380307
265326.6331658291	1.0000096718088518	0.6480008155321335	0.0007177316166360551
266834.1708542713	1.0000091715556751	0.6310904230688194	0.0007562618071369518
268341.70854271355	1.000008697150875	0.6146232385876235	0.0007852555987155794
269849.24623115576	1.0000082472714524	0.5985838635554468	0.0007989095617471742
271356.7839195979	1.0000078206641874	0.582964466404339	0.0007949978103217884
272864.3216080402	1.0000074161391317	0.5677518384658701	0.0007750148099454018
274371.85929648235	1.0000070325631327	0.5529366259655173	0.0007440747148963624
275879.3969849246	1.0000066688552331	0.5385085342458242	0.0007096972706737516
277386.9346733668	1.0000063239838717	0.5244560932789435	0.0006800879158579067
278894.47236180905	1.0000059969668949	0.51077208036784	0.0006625496273746079
280402.0100502512	1.000005686869713	0.4974430354576099	0.0006615099089880854
281909.5477386934	1.0000053928059938	0.4844643701727743	0.0006780403514758334
283417.0854271357	1.0000051139374098	0.4718214130231634	0.0007090223954159291
284924.62311557785	1.0000048494729425	0.4595112521228425	0.0007485041179907423
286432.16080402	1.0000045986674315	0.44751920702648584	0.0007883057774280337
287939.6984924623	1.0000043608176536	0.4358427406414062	0.0008205208246303677
289447.23618090444	1.0000041352604794	0.4244684936737338	0.0008386019885663883
290954.7738693467	1.0000039213681564	0.41339292038461645	0.0008393734589632287
292462.3115577889	1.0000037185441604	0.40260516098646576	0.0008232789469308206
293969.8492462311	1.0000035262213314	0.39209949730273497	0.0007945858993883984
295477.38693467336	1.0000033438588911	0.38186837906081167	0.0007603163247583586
296984.9246231155	1.0000031709408623	0.37190323796274616	0.0007286431630795314
298492.4623115578	1.0000030069750039	0.36220013094800585	0.0007073412143914832
299999.99999999994	1.000002851493426	0.3527476069301873	0.0007016354678111996
