0.0	1.8340701921595897	44.918198624717746	0.0
50.0	2.0299676781481266	39.36002911472247	-29.362679424993516
100.0	1.8591612447266428	49.05272161099294	-29.784292207728562
150.0	1.9614343848232394	42.63891268187657	-1.8783655665971901
200.0	1.8979635941229545	39.54175834246112	29.719285236181157
250.0	1.9114376150608252	34.89145408385894	93.77918333774228
300.0	1.7158079172544607	49.504639568835486	146.98484365386673
349.99999999999994	2.0212078398057596	36.634449889519324	-153.02343670042754
400.0	1.8780904758925232	39.15155965875993	-48.13213380381595
449.99999999999994	1.8089987648211867	46.187253651551195	49.55821794359645
500.0	1.9894306171856933	35.30746650133541	164.99999241071652
550.0000000000001	1.9545525910518335	37.26642117974653	-35.17903328082097
600.0	1.790892390074477	45.83639365329377	103.46018264326362
650.0	1.9111303545763296	33.39899578991524	-66.37007365299546
699.9999999999999	2.012351657035053	26.30746274464153	99.03041251275792
749.9999999999999	1.997378051923086	29.75323358215692	-59.311914303963576
800.0	1.886752786113709	37.96223630448296	154.44020373988803
850.0	1.688083194877895	47.069070220393826	12.973001477936563
899.9999999999999	1.8052045273557809	42.04720005604724	-98.12824082497808
949.9999999999999	1.8568084914992622	39.66597110214153	163.4778464972238
1000.0	1.8902274053011945	33.55130248960455	113.36075572885298
1050.0000000000002	2.0622037640552255	24.51229258492817	64.22231176856009
1099.9999999999998	2.0305852825980124	27.643758811027475	38.92281873066836
1150.0	2.05041897921317	28.88320782508127	46.771943212096495
1200.0	1.9837637442617517	27.713613111995397	88.38901160493228
1250.0	1.983236055703687	29.03434362551668	155.8520651572239
1300.0	1.8074561450168938	36.55289992304851	-129.24605983573454
1350.0	1.8544816210124702	30.807357344473232	-18.93620009994772
1400.0000000000002	1.8051281776074704	30.733502351174693	101.30829209647015
1449.9999999999998	1.7884423699196608	29.795084814029916	-92.39126672231755
1500.0000000000002	1.9640430393675044	26.954810566021617	95.49272222911769
1549.9999999999998	1.9842210445485058	26.717134438483683	-28.82764032419105
1600.0	1.9713724417929346	30.099698072296693	-157.1386597938862
1650.0	2.0414740166220766	22.123745039055937	138.7179785714492
1700.0	1.9565974290064994	19.09737900348723	81.15939549751737
1750.0	1.8245105044274044	25.021364732244308	54.64292577145484
1800.0000000000002	1.6555103539401799	33.80636856366644	81.45453979398856
1849.9999999999998	1.6026305687271483	38.86904533827989	145.86368612179768
1900.0000000000002	1.8087167987302324	35.58706996412111	-126.11594874513865
1949.9999999999998	1.9244717498539694	25.580107694673032	-3.4051527324157473
2000.0	1.9292873135556976	30.673546653071117	151.61051215532265
2050.0	1.7168744174031714	42.504823808842104	-3.5355324172296303
2100.0000000000005	1.8232406225470632	25.456494065977882	-124.58666905867123
2150.0	1.8172446564142577	27.3135427991937	143.5592961654633
2200.0000000000005	1.7055940906958402	32.28458114335949	117.31699056975606
2250.0	1.904104053619544	14.420529762298877	128.3365588792928
2300.0	1.6915031340533264	37.305562239112284	151.64373077261115
2350.0000000000005	1.8715789853535036	22.889243382941135	-102.59090733101955
2400.0	1.7410499860437147	34.73882577005492	11.364776767615693
2450.0000000000005	1.7916820109070157	23.152065197854483	-136.16277236486505
2500.0	1.662761871169152	30.687003461278753	75.38633808847986
2550.0000000000005	1.9178496792720463	20.21091613371554	14.706136026226401
2600.0	1.6671013853108645	30.99635763866053	-3.585246480048239
2650.0000000000005	1.7968894323892513	29.214194309790276	-7.607381651865735
2700.0	1.9376778708337878	15.765985968497892	111.71995140310567
2750.0	1.5966465243060572	34.336276191269214	-129.02086377780202
2800.0000000000005	1.9198012607886832	16.499329318980166	56.205799894499506
2850.0	1.8221802103617137	22.27734095809282	2.0209054182506585
2900.0000000000005	1.7283608935267725	31.4893530675264	-50.41368281103598
2950.0	1.8095785176296975	17.262566483217558	-35.7155541488178
3000.0000000000005	1.683054340176658	18.56036864006833	83.25170661376578
3050.0	1.8580486883258247	20.47322165696155	-141.9059266516141
3100.0000000000005	1.8230091764162493	9.61224771208221	155.15836568236068
3150.0000000000005	1.6215575635053103	24.93599238877896	54.06545016641908
3200.0	1.9669114070308718	8.014337284326938	91.82029763411481
3250.0000000000005	1.7177083497087615	33.77615515381008	179.90962053832206
3300.0	1.895167853778386	19.518098662414808	20.99157302483849
3350.0000000000005	1.8461896234717863	13.956362910546133	-138.84578511214394
3400.0	1.5894884437426324	28.1846163593688	-141.53169185133342
3450.0000000000005	1.902014149016774	9.432071620920112	-89.1492146038153
3500.0	1.9156808638838225	12.846092190734067	-5.054443138159023
3550.0	1.7618907037256866	9.93890530670219	-161.82318845080928
3600.0000000000005	1.7795368750323117	21.07458549911241	165.13479233279435
3650.0	1.7429110421942842	13.374780678454654	176.9002666142536
3700.0000000000005	1.839555917206347	12.362822224297759	-5.776630442747289
3750.0	1.7346460967574695	9.06901282081178	-63.78965389813543
3800.0000000000005	1.616352261872828	19.633132716672662	-112.4299431568194
3850.0	1.6298280238390594	11.954200528873432	29.06740133769416
3900.0000000000005	1.5948970865440375	20.324051414393274	155.9299746085403
3950.0	1.6804621298663072	27.756884613630902	149.1162246375269
4000.0	1.6446822209538756	28.263292232852848	-164.73931981400665
4049.9999999999995	1.5139413427826918	26.426873155522788	-14.147361229203646
4100.0	1.7119650932948833	4.453903869648674	149.15292595412285
4150.000000000001	1.7357729583629735	20.170384702320884	-40.809400670010206
4200.000000000001	1.6834647199995032	12.806792179654208	-152.3871578665487
4250.000000000001	1.6515275218323828	7.5342120896681095	133.59717221187256
4300.0	1.6361181359743093	14.247663293091543	159.49298077772445
4350.0	1.6869135155315442	9.713308418064095	-102.49760460924001
4400.000000000001	1.416995102544248	22.71082786029371	-132.94096648012126
4450.000000000001	1.8091595889320518	6.960540260502567	-71.17065815929627
4500.0	1.704033580354446	13.591412072871698	61.93988246936241
4550.0	1.695685494361316	21.049126208837095	-40.83636995350752
4600.0	1.8174692004332933	6.877478787183777	22.620638834758307
4650.000000000001	1.4555747149840543	18.012164581937533	-78.48257328128092
4700.000000000001	1.5132620720653696	15.354674011868937	80.28425852199615
4750.0	1.6710640977725773	24.10531748848086	-23.741389069335042
4800.0	1.4928393066230403	3.822346863129046	102.45726010894208
4850.000000000001	1.666257650120407	19.42422974506165	106.99521284319668
4900.000000000001	1.5207278299143019	15.247691116504656	-31.624763951236506
4950.0	1.5967910977023718	14.935445753432372	-147.34659518196838
5000.0	1.664691059554575	20.202526565170835	-165.87472692933537
5050.0	1.3869064376628162	23.716947610863706	-177.8923217591969
5100.000000000001	1.4612368243811713	16.30602465325035	33.79588649531835
5150.000000000001	1.6156872859794553	8.259786936044568	120.80371365185735
5200.0	1.6779473650558994	22.49745366981574	27.66042302442704
5250.0	1.5307883662623976	7.473646626054038	-124.55542362618792
5300.000000000001	1.47916151507989	20.984663976703274	106.89170971354041
5350.000000000001	1.6148099328920735	18.307512049331553	65.32924200815063
5400.0	1.5661914290949588	13.93869950043753	115.85564725323948
5450.0	1.601409378536416	11.488512788319458	165.7095144000533
5500.0	1.5420534982124376	17.77519919382084	-135.46713497902664
5550.000000000001	1.487317245921209	3.899427031735842	7.468658460875034
5600.000000000001	1.3678794455970982	28.25356840511942	5.304986043233918
5650.0	1.020743633203396	36.007140250127215	55.115659832595554
5700.0	1.5859099907013792	13.785545996126585	177.88506797038386
5750.000000000001	1.4143236507046884	28.134238015631723	-129.52958768460147
5800.000000000001	1.2825366781104224	22.3465287979048	57.37206657200952
5850.000000000001	1.27004253545223	14.870056471476722	67.194674635087
5900.0	1.2604124463395203	17.95640909957768	-49.07807693172229
5950.0	0.6549472259714336	37.474356230617346	-75.67559829011098
6000.000000000001	1.2030648285840646	31.647743796386465	100.37967792621325
6050.000000000001	0.9949012810989815	35.20705794501492	94.45966083673035
6100.0	1.2024269706792021	28.87042545080093	77.22024557384535
6150.0	0.7189514477249588	48.6456761359734	-38.149695370794
6200.000000000001	1.2166201665597467	3.063334723632788	47.49345647079219
6250.000000000001	1.255445246231152	24.20732678465769	62.195815193794466
6300.000000000001	0.7625901164019371	38.303606478085754	167.959466971754
6350.0	1.186220393842833	14.262734516264961	40.750084810619086
6400.0	0.9052871869518081	39.2485262780746	162.14542500233907
6450.000000000001	0.8024779786581736	19.50970048480207	16.67792597029467
6500.000000000001	0.8357398251012644	13.870562547036537	-104.55613118261886
6550.0	1.4166169468037748	24.16133109349793	-3.0665626394473504
6600.0	1.1830203022184396	14.677402987006618	134.169777896849
6650.000000000001	0.8286600795286191	43.653113393276186	40.28162810944833
6700.000000000001	1.2886109932429233	19.48628525779764	75.49204013333099
6750.000000000001	0.9935591022671257	16.864292900149646	-40.75506875220306
6800.0	1.2530824989638627	25.275054914444343	-67.97088635209234
6850.0	0.6220966350165356	43.06261192261187	56.87152479094156
6900.000000000001	0.8666695819324371	39.35768802814299	-38.22489556004181
6950.000000000001	0.9483433036108123	32.748090152902115	72.2148536545843
7000.0	0.8521686952467845	34.58386965218251	-94.99057454941747
7050.0	1.529188230475096	23.048586848457866	41.25909824871229
7100.0	0.8166403991967409	28.161926942892237	28.513585958844907
7150.000000000001	0.8231098311573791	43.09702930704567	45.437727468443484
7200.000000000001	1.4303329163075014	23.431235116485745	38.13316179148096
7250.0	0.6081337479345739	32.032545146655664	-2.471761693712583
7300.0	0.5424638829655385	35.210367947527736	17.934256403053027
7350.000000000001	0.7855431211143054	17.838408950106807	130.91290129525458
7400.000000000001	0.8421422747268236	8.763932138523835	119.7497337731493
7450.0	1.4774548897178361	24.731833030350533	21.472169782660735
7500.0	1.027511206994218	26.30230068297978	-34.7792840038809
7550.0	0.8879247985845843	20.194832029062	-29.99378112575122
7600.000000000001	1.2028272758034173	32.5340589133955	64.92838714074746
7650.000000000001	1.0678856902304918	31.93922909444433	51.35109838949591
7700.0	0.9104948013755086	34.3011850943626	71.08430639730636
7750.0	1.246823334175911	28.981767077154505	130.28233471013633
7800.000000000001	0.7799325877916996	32.05110811312957	30.593651214898994
7850.000000000001	1.038005115131415	30.280650976789474	-145.90709647469276
7900.0	1.1932228878352544	27.2928787444701	125.50845433209076
7950.0	1.2895149457936295	25.071157343268382	-20.018326773966237
8000.0	1.085484409503549	14.946174531757991	-0.3076202829148607
8050.000000000001	0.8058939543875636	35.3388141759966	172.73685222134586
8099.999999999999	1.3402017333890683	20.865549040805845	-91.95530700542413
8150.0	0.8294023518058371	24.176717269314864	-169.07151660539486
8200.0	0.5036178494672542	28.424228661729238	84.67238170960542
8250.0	1.5308167031163926	9.04826760903622	178.08208316660173
8300.000000000002	0.7567136648183684	14.539306426634404	-60.59669078509358
8350.000000000002	0.7759495510025064	36.04311114334232	-171.3094941019903
8400.000000000002	1.004046165092988	33.448241852238596	-9.552194582402494
8450.000000000002	1.176443598231524	27.109954312220694	164.10284392894033
8500.000000000002	1.0229266840842648	26.777278702191676	-83.73832373061134
8550.0	1.276889077179985	30.85161936797368	154.98071421209576
8600.0	1.1050660302509745	33.09969629732122	-2.1026916582837543
8650.0	0.9559988379262537	24.022374308331404	118.3163232067328
8700.0	1.3327985990422058	26.071010738611555	-179.2511516962468
8750.0	1.2548278393496046	20.832197330125567	-8.134001786988488
8800.000000000002	0.8911500147210584	32.74219781543259	6.061364283582888
8850.000000000002	1.2932825227509175	19.943162023737003	-75.815191321732
8900.000000000002	1.2077208956572463	32.48743281979778	-160.50520974530497
8950.000000000002	0.681863352186982	14.880194380200775	108.03466114099659
9000.0	0.8660210199489423	31.528320425767017	49.50592443241525
9050.0	1.422219717008454	16.487776418126444	-119.74687750812157
9100.0	1.0268676753968244	8.13120264001972	9.055201341822052
9150.0	0.7361271372437544	26.22363805484065	153.91050610451856
9200.0	1.229426752632926	21.72866293841894	-5.805985272071984
9250.000000000002	0.797499663797021	23.385889541270572	13.813608449487937
9300.000000000002	1.380508436685744	10.06976593380675	6.547073826688511
9350.000000000002	0.6807328201731685	6.4225815013027105	156.07662946566697
9400.000000000002	1.0838595429480848	8.567147504479268	169.97037614969898
9450.0	1.2903308343837254	5.1249799998959595	-98.04057499666116
9500.0	1.0386763850952694	18.58853141210615	-168.43892639763536
9550.0	0.9305244744556321	28.696592907587785	-50.56952947528698
9600.0	1.0533880597120884	22.865522958971223	55.75782245256605
9650.0	0.8536835343738274	33.12260022840132	-66.34173237852056
9700.000000000002	1.2905113413407445	24.089054030625153	65.20856844768478
9750.000000000002	0.8414386625495992	19.640906042341893	-113.10803529399496
9800.000000000002	1.2427253422718998	24.67194060851468	33.354363029455826
9850.000000000002	1.2585936929040753	24.11832888711041	-77.4596938857899
9900.0	1.2315042255643478	23.56728358097137	-106.80969096375044
9950.0	0.955144244426997	33.70944321059016	-1.1641684558306686
10000.0	1.1844152985833303	24.204514342104606	-144.89769299133062
