0.0	0.5370582013885914	75.10022313711644	0.0
50.0	0.6769316363234397	81.22635893869824	105.76285287480715
100.0	0.5302275985108055	81.16625117817635	-171.09952247354144
150.0	1.0360383272222182	63.36760863982224	30.05080308115566
200.0	1.2190786541898209	58.16978064079218	-86.84684187926966
250.0	1.5583081552350502	37.46547044809445	-143.45165242367597
300.0	1.6011171463294827	33.834896645175526	-7.151565874452651
349.99999999999994	1.2938366133157906	55.88520730110056	178.8008460019911
400.0	1.277793829074402	64.01738400988725	165.17578196825545
449.99999999999994	1.2977918251962324	53.08001416399332	8.990509148411688
500.0	0.8752088209557719	68.03131781215828	-106.1251734167177
550.0	0.958281233727988	66.63194212476664	103.57535918222034
600.0	1.4490413604190922	53.38385256760535	18.881332690140834
650.0	1.8137396835031596	30.288179504680507	-65.20279342693348
699.9999999999999	1.3153226501481565	54.575538877594184	-169.5576961355127
749.9999999999999	1.6836111502951634	30.04025169094944	-146.79183257546694
800.0	1.7429419609819368	37.62165322801594	-104.0453567665128
850.0	1.5387105849312863	46.88323852311114	-111.3273174250783
899.9999999999999	1.7449555693334986	40.902577805764814	-143.94103070268594
949.9999999999999	1.6260889893454116	39.59549214828179	16.987898559251427
1000.0	1.9097640338403836	26.83027048056459	144.06813357031612
1050.0	1.822426925429026	37.776521181984876	163.05544109100455
1100.0	1.791125739705051	27.21235053814781	-149.3019704861904
1150.0	1.8663656395580388	12.572318819210658	57.41816179191146
1200.0	1.9608087885167982	8.549195810640569	-69.60670463919743
1250.0	1.9512106732534382	8.441238136607593	117.39492134985073
1300.0	1.744565408217449	20.081710705096143	-165.24984190863853
1350.0	1.605237638903509	34.31844337577797	-86.90110617270528
1400.0000000000002	1.1919186128195687	47.83609645608065	111.62271975034918
1449.9999999999998	0.9121747175348288	67.65293752464288	130.1717665673638
1500.0000000000002	1.1915147235484749	39.74106016454464	137.92784108574952
1549.9999999999998	1.2434486373120688	48.86442742748322	-44.15473288478156
1600.0	1.118991519583355	50.39018671391508	-3.075446405532081
1650.0	1.0014501899442567	56.01723007935742	99.61012678969146
1700.0	1.11796897162668	41.38073261681911	163.06815369873772
1750.0	1.4052143811885434	47.70586512540474	-145.40997595994628
1800.0000000000002	1.0905921754516852	48.95587954103611	-172.7473418370251
1849.9999999999998	1.0178224936898745	52.72749194850081	-160.08790235006026
1900.0000000000002	0.47610137985538753	49.98221220784528	-82.15251814190712
1949.9999999999998	1.0002298152909135	51.56899537470506	-107.25355727141884
2000.0	0.89486513134595	55.812418210489	59.34222420246452
2050.0	0.6881488017364986	72.76094495198903	94.58522786865768
2100.0000000000005	0.9498438610830359	46.16252666652932	-0.4042218733720973
2150.0	0.9690069286694915	51.26857881571476	176.48109638259092
2200.0000000000005	1.6159692117882607	33.24255582947095	111.21900245481679
2250.0	1.5562336698437569	37.7246531340714	-45.699121228694885
2300.0	1.596355028384083	22.411356488054953	14.19537542905785
2350.0000000000005	1.7380538855126682	30.762386819621113	-155.49412257887863
2400.0	1.6774990389297113	25.713804095984006	20.9940103915214
2450.0000000000005	1.7130378275482927	7.739108976437199	84.43031607914321
2500.0	1.833297917602046	16.197391505095073	-36.55808980737143
2550.0000000000005	1.8227736709547129	15.181426960697861	143.22168108286164
2600.0	1.6780500554391689	30.395436026626413	-155.65404331514642
2650.0000000000005	1.7486380904534422	28.324276116019767	72.91259559484246
2700.0	1.7375717311972356	21.769876695242093	-82.06282813494842
2750.0	1.7516392000682908	29.912834402086336	-51.786356508417086
2800.0000000000005	1.6245588528683446	20.139865766618865	-11.67180683564087
2850.0	1.5565093616553751	40.99905448871749	171.23901260431094
2900.0000000000005	1.3303562832154114	49.64867687258335	12.16277910658644
2950.0	1.5016837255019984	27.892889238372064	-129.25206102705474
3000.0000000000005	0.8308425497028358	61.55043190541363	153.99249439056226
3050.0	0.8597737095223563	57.56646685380473	-121.37769739467616
3100.0000000000005	0.5232207943872773	62.32664899116218	72.53805751243515
3150.0000000000005	1.376820543845675	29.66204359249912	-57.02747627250756
3200.0	0.993502368308332	32.54809431157132	-98.4799521265027
3250.0000000000005	0.4809117373335642	44.55824647741887	-147.94916375267545
3300.0	1.3840116491634724	28.093579240016545	-162.0854838585497
3350.0000000000005	0.4078841003017527	33.917616304570146	-132.54323149198447
3400.0	1.2383616567415427	44.032851311095534	-80.89517112204736
3450.0000000000005	1.2063785453317442	22.66457501297802	123.40852744890788
3500.0	0.3378948948871399	34.58234052462891	-94.68044277918972
3550.0	1.4344664469738453	21.169620056027107	157.28505212432407
3600.0000000000005	0.3706406514628982	29.414534460032865	171.27431102331815
3650.0	0.6791803142741859	57.037148209283416	-104.64173632199643
3700.0000000000005	1.5554437913671826	26.27915232858463	-76.10970386572188
3750.0	1.527762899554086	12.757765421700014	140.87647251225212
3800.0000000000005	1.6499797081593885	11.299464227271992	-62.687266426754064
3850.0	1.067365179427937	39.523990367315015	-16.584270283554975
3900.0000000000005	1.3483557499871321	38.26239716796806	158.62542845291193
3950.0	0.9482514107168614	46.86587569922702	54.98636795807611
4000.0	1.1767784354368767	30.056509882048726	85.42173076016381
4049.9999999999995	1.3502792561953139	29.64918208290851	-67.84791965100551
4100.0	1.2622645876224634	31.660836010751783	-22.73257355770962
4150.000000000001	0.8019467791193532	41.696503396279425	-70.69414370867182
4200.000000000001	0.8683269846399784	38.87282057648282	43.64320824557105
4250.000000000001	1.0666513161588576	40.93674749868553	142.50819007225687
4300.0	1.0167524156098244	46.978906406807965	-2.835173054633013
4350.0	1.454362469798276	24.70199551463695	-19.298129810437995
4400.000000000001	0.9707058950932335	27.312324448785073	140.15671835025583
4450.000000000001	1.1844463832203904	21.98758692324404	-109.04153890862096
4500.0	0.781605074463061	39.33944230917569	-130.57129652197196
4550.0	1.2446914347324733	40.57422820127803	12.373980367158431
4600.0	1.186669683658895	27.875972380602747	150.40060683879153
4650.000000000001	1.0752376189783939	40.18331148378718	-56.5667218669766
4700.000000000001	1.410359973882422	27.673327165584773	125.85452671616099
4750.0	1.045074499040185	33.23643663644371	29.641073594136376
4800.0	1.3177759302401462	20.14256938245363	54.71905798949815
4850.000000000001	1.3797409822484135	11.052234447032426	9.55525294908933
4900.000000000001	1.037750898047502	18.952691411570154	62.93180096316508
4950.0	1.5333691745604134	2.7731924097323537	138.81482830693872
5000.0	0.9737223365702213	27.338890382745763	31.26642989435815
5050.0	1.4362514816865506	30.960838947478056	-13.35186393346865
5100.000000000001	1.0100648319878154	41.83309489455436	-154.506728510493
5150.000000000001	1.0450126195391383	18.98930933208325	96.5135757203301
5200.0	1.4850149397513346	13.855816395571479	-138.07764050762947
5250.0	1.1258820669944545	33.92926852010177	-135.15806316884857
5300.000000000001	1.3638998000393854	22.210049000218397	-117.93974459744669
5350.000000000001	1.109039701870597	19.221041906621583	-135.84875164340627
5400.0	0.7144391505226803	22.093081150938534	-65.80727375516163
5450.0	1.0089992183668686	42.75317384255376	-91.70398079703796
5500.0	1.1340031869691851	28.768868825925523	171.9195921232544
5550.000000000001	0.6550505987989933	51.268410862250924	-2.6219678172303937
5600.000000000001	0.713289589037238	25.52600413931743	-102.65356451004808
5650.0	0.5578822118474008	47.371749796727904	-7.005713886897243
5700.0	1.0381168596278094	13.560990114276038	48.897571266469484
5750.000000000001	0.5430645986627662	41.151109039130176	-128.15469478863184
5800.000000000001	1.09298761802967	30.71565275189768	124.49313186453334
5850.000000000001	1.0601000910390885	28.63215007889248	85.42855757357367
5900.0	1.095227807636982	34.827763201339955	65.55349659603516
5950.0	0.7418225443291806	24.68619873453137	-158.15247792098987
6000.000000000001	1.3054173770175341	30.78441159421924	-46.339415191503065
6050.000000000001	0.8966116529678663	29.558876754586098	-81.43576613561845
6100.0	1.096183144372432	22.45239878431125	7.650965874598801
6150.0	1.1646359329122875	12.291935164078883	-97.02962173106856
6200.000000000001	0.6656499892874875	42.10170998990814	-2.0596036665176456
6250.000000000001	0.9457200422194398	29.63565118930185	120.98761162133489
6300.000000000001	1.268746853536442	20.323855310538413	-67.35173473906185
6350.0	0.44398003220961996	22.24049047559732	45.34284493182571
6400.0	0.838102115789892	33.586885845445636	68.57978583497733
6450.000000000001	1.317733209092025	25.517152782251348	153.30960124035423
6500.000000000001	1.166703937831604	35.131431532117034	-140.16842949605612
6550.0	1.051571117575662	30.6091718296517	-64.50327223473128
6600.0	0.7683461448024949	36.233900377897896	2.109817993189879
6650.000000000001	0.672267813637277	42.73935354178478	69.65274187241046
6700.000000000001	1.380706994684687	23.246757717899563	52.52445817406262
6750.000000000001	0.8456878005859758	31.736628864443762	62.93577119352354
6800.0	0.8935514132750414	42.49138489845348	-168.84890990471192
6850.0	0.7140078114653884	24.572582097045643	-5.719613165226161
6900.000000000001	1.1413160079733113	25.33446402509038	6.253658925406042
6950.000000000001	0.6790842720168068	9.5066661151127	51.691937775727695
7000.0	0.8553376340901913	22.05483058968595	79.51797582309551
7050.0	0.6031559842778609	41.94592347891664	160.7374151328826
7100.0	1.3132942147739786	8.013724323839005	49.36337302995891
7150.000000000001	0.743388118512436	23.777993915783952	54.557405465976586
7200.000000000001	0.7140072445182245	31.965307305052782	163.45299037798662
7250.0	1.3668862388610863	23.20850562547557	-80.5504984142152
7300.0	1.1279313865694405	35.11943772811815	-20.820197462115438
7350.000000000001	0.9393334215310808	32.85131073536506	13.277756220949641
7400.000000000001	0.8588813199666625	24.702201206272996	-163.79541120490478
7450.0	1.0162962277714953	11.622091689750834	-104.8479442534609
7500.0	0.8814495461351044	25.910941692115195	5.327739669226714
7550.0	1.1065275177560998	22.808358166515443	-8.921531157754192
7600.000000000001	1.0194302939579738	24.18042283332159	55.748834202832285
7650.000000000001	1.3717704470001342	22.13607935454886	-140.91132196219203
7700.0	1.1646554538119407	31.9912058355633	-166.88298948571457
7750.0	0.9852154853841235	28.63981765926732	-1.6730246249719518
7800.000000000001	1.3394117842861104	21.36413077820295	-87.0838040305526
7850.000000000001	1.103433525740101	22.283006519730748	-88.1267757071497
7900.0	0.8923465016240125	28.24122835994691	-78.81163336195236
7950.0	1.2826712256779034	22.5408762583934	109.47730986251969
8000.0	1.4665545585851303	12.359559754919827	-32.40010883084962
8050.000000000001	1.4059552537651034	16.95610672610132	-13.069663537563745
8099.999999999999	0.932220591586424	18.508956852021583	-155.77097280794084
8150.0	1.018099964113371	17.93496537830822	-98.66745535214172
8200.0	1.0736418797931493	4.8413195856018545	-69.16546316834987
8250.0	1.1788720074905592	15.335802924459601	118.35816299402404
8299.999999999998	1.1857519886303929	25.305104537568628	114.68494311296604
8350.000000000002	1.2363268397572582	25.320881310312952	46.66203683122609
8399.999999999998	1.435868284257741	12.91667436480845	69.17417486540478
8450.000000000002	1.0132360957870918	10.748001139928814	152.6380536885652
8499.999999999998	0.9238288326079693	17.947259457966936	37.25195551499199
8550.0	0.9028058679165848	18.387021196511196	-85.44683179254943
8600.0	0.7848491805256226	28.81642827052463	-58.052402474225204
8650.0	1.4046892089828442	15.383979091807989	-112.44553843747093
8700.0	0.7814146875744515	28.36063393097876	-154.01812618834572
8750.0	1.0291606841519805	10.556251801338526	45.53143814856492
8799.999999999998	0.8497834564784232	9.346390230206504	107.83718310689666
8850.000000000002	1.34879800402687	18.17666187597203	-125.70437618964485
8899.999999999998	0.7413944758563923	8.43146251270175	68.40129831600377
8950.000000000002	1.1302587001962872	6.838183794618959	56.54542885110775
9000.0	0.8315816393116587	7.928412504309392	127.36378264041497
9050.0	0.6465213466394684	20.608043217306804	-63.83974317396534
9100.0	1.1546990599941707	14.949314540896477	131.9971264159432
9150.0	0.9421387461699535	17.164150232677986	148.78493061158096
9200.0	1.2641492394185037	10.573797241074933	106.55952080773997
9249.999999999998	1.029163020168101	9.632959863004157	174.00610134306356
9300.000000000002	0.9593160726921736	30.33244616914427	-44.626504728983925
9349.999999999998	0.9125084768469213	12.06864337085807	-33.76013217177036
9400.000000000002	0.8167651883847309	21.178037011050353	140.12380087909142
9450.0	0.9454596648458797	28.981030790474634	133.67635533918568
9500.0	1.396785404585515	9.262654585114708	-165.40923055446214
9550.0	1.1672228179333861	10.629309147558647	82.35770035081754
9600.0	1.0116698256288557	21.20979984089425	99.09386536981755
9650.0	1.1293042251484577	17.25189842345664	168.14718060697243
9699.999999999998	0.8892314070379531	26.029008360206237	157.7184149002049
9750.000000000002	0.9776913351070372	20.888754518954883	170.3781274507337
9799.999999999998	1.073818233353268	22.726164230443306	-151.4648247767294
9850.000000000002	1.096232582434129	19.492866552955995	-65.72519681709424
9900.0	0.9042897920415853	20.355497199866825	105.53212698027744
9950.0	0.930335323238072	22.974755248504888	80.64049928238084
10000.0	1.0413669804365349	24.178168211060726	-108.9276272300134
