0.0	0.10830851645629669	151.2722358941157	0.0
50.0	0.07954382635337304	121.48417557781961	-170.88134397494008
100.0	0.11762124311425316	129.32867251052656	-3.3024746598902257
150.0	0.2086944934811585	111.26218985468984	120.95185667456582
200.0	0.30644954352485804	92.56277053678461	38.200046883611
250.0	0.35752975044138224	75.61181144804581	174.9785027992934
300.0	0.15977648779553816	81.03596327223262	46.77666735053271
349.99999999999994	0.2520710063238623	66.98090710471746	110.97297591971291
400.0	0.40443305175527283	60.99324884507964	94.76078410986364
449.99999999999994	0.7856058537508293	56.503808298985724	76.00809531047616
500.0	1.4572058780008998	45.93099392579727	-123.26007321564735
550.0	1.0888098418746814	51.62588333840011	36.788702826804254
600.0	1.1360439991249116	44.86511429115419	127.002826879102
650.0	1.2102082115657684	45.52087115269179	-92.0729117663936
699.9999999999999	1.1147520617766573	57.12879957218368	39.82165911488874
749.9999999999999	1.4325062030562363	43.01710368100399	-42.451695662022445
800.0	1.5152881307419181	45.701446286298705	-23.09914361124887
850.0	1.9417648610508667	20.26750907862112	-94.91345620365213
899.9999999999999	1.9530481715646952	5.973326047307709	-170.9715215152684
949.9999999999999	1.7180736561735939	25.273066586096512	-172.2736245893725
1000.0	1.3022223647375017	35.40849187633486	-95.30804906792159
1050.0	1.3427558601609517	42.20864888381194	-103.00370293984619
1100.0	1.4532708194363086	37.48300568973906	113.43530501608994
1150.0	1.141063230250236	46.011054264125406	143.89222488626902
1200.0	0.8066770709925057	52.94842973745895	115.88953533143444
1250.0	0.9582520834562315	45.247897061440824	82.52605187906818
1300.0	0.8248813058913363	50.953745843820435	-1.149678721772204
1350.0	0.3019575159000368	83.55654966871207	176.44781786385172
1400.0000000000002	0.388594458445771	56.38620603200979	64.89362807147515
1449.9999999999998	0.1789418025691219	62.75291587281025	12.919966203283643
1500.0000000000002	0.9769164072741828	44.88765935855597	159.6609618784754
1549.9999999999998	0.3682247612338394	67.0848467374766	56.62159712363239
1600.0	1.3756572358775734	38.94837598501324	-6.920340073268464
1650.0	1.5437456946222778	35.88881256112299	-7.0147714642499315
1700.0	1.0881730651881116	44.547115182465845	38.70526100656461
1750.0	1.1776246852078127	44.43957225551583	145.11714109642259
1800.0000000000002	1.7294258545801253	15.898133124136441	-54.72022079204621
1849.9999999999998	1.0035376710954393	55.290986810396355	-113.74737311574584
1900.0000000000002	1.409684342405648	23.223346247288227	-164.05594422530132
1949.9999999999998	0.7714891886517892	38.7206983754793	-32.64168659920928
2000.0	1.1849463519900072	40.3379811065321	3.5389440840401507
2050.0	1.5836100600338854	37.24807381039293	100.51986799585458
2100.0000000000005	1.2657348853517907	44.96273528852033	78.46142879112892
2150.0	1.5602601415077197	34.783642404807466	-4.192847716020361
2200.0000000000005	0.5105625764083006	58.27407907478994	-146.05329417686121
2250.0	0.6471060946702493	57.803505940726446	53.517802295487364
2300.0	1.2326292161408832	42.99651972298739	-95.00021185162116
2350.0000000000005	1.1890792694852423	33.0548526143581	-20.211187221460044
2400.0	1.2308348140030805	46.88618152659313	-14.214556571403488
2450.0000000000005	1.2149649478334221	34.51508284077673	-84.16900546444704
2500.0	1.4521353858753914	38.85200674740352	-123.32658690533621
2550.0000000000005	1.2996097925851593	25.82027133043131	-147.5410707622874
2600.0	0.8348545653187937	61.44457641786877	-108.38020704354456
2650.0000000000005	0.9438492751242638	30.128368502391442	167.72050654243617
2700.0	1.1126088174287896	42.26159078827834	13.13632359187987
2750.0	0.985130835460212	44.65181345471511	-73.52817345634278
2800.0000000000005	1.2075301076840814	36.57446933927769	152.4530066563228
2850.0	1.0694097086953667	46.28432243426399	-50.12737885972532
2900.0000000000005	1.3948150572460396	32.45014032061424	-99.0788090070336
2950.0	1.5480594790300302	23.07688726208343	76.78176505375784
3000.0000000000005	0.4209465522701124	46.84171606986471	-136.57188650969468
3050.0	1.5605574464313003	30.13023147698192	-129.13948980554937
3100.0000000000005	0.9839498213857375	39.20374139576294	-164.72441087554913
3150.0000000000005	1.0815731830570914	38.477079849732746	145.8857555390001
3200.0	1.5459778657136614	28.467255954092305	53.85558676855539
3250.0000000000005	0.47746823066781136	33.30071222802958	-161.9539611050458
3300.0	1.1253153756696428	31.13637548523335	-103.77526449439628
3350.0000000000005	1.4389169586916701	32.4511981941756	101.52066124246709
3400.0	0.5147470272172681	53.68756738439477	-70.31651771505538
3450.0000000000005	1.1090036832815164	32.63546268099384	165.2866930919385
3500.0	1.1986621323542717	27.088511461700875	20.207545716183752
3550.0	0.8304302044545413	46.19614273265393	-78.45484101373619
3600.0000000000005	0.7852776833797515	38.67292926443918	-85.65003516251308
3650.0	0.9327860432871705	39.91449468658031	135.19803071234492
3700.0000000000005	1.6519132607148743	9.964818957738338	-119.94388945499593
3750.0	1.2338122844592718	28.10675413627609	53.67665132308628
3800.0000000000005	0.4166338165355947	33.959296430327754	157.00801793655177
3850.0	0.5769357091073516	21.498735164167506	39.90685119996665
3900.0000000000005	1.6079911256199784	6.7340296031894065	71.36367799450873
3950.0	0.7458142550447792	27.013186601838715	67.0344327765589
4000.0	1.5281338374338507	13.21017019639739	54.18669621437455
4049.9999999999995	0.7765731349873876	34.2996455329523	-117.53512676615328
4100.0	0.6824357940323338	32.82051713711809	87.37842115328915
4150.000000000001	1.1552271490335477	34.870821395684345	124.96130885517702
4200.000000000001	0.8519808612650169	42.56565886242547	61.311151335141524
4250.000000000001	0.5799572774258096	44.74142547562215	136.3841744976114
4300.0	1.4503745936327457	27.696041800486103	-97.60600926012734
4350.0	1.0079461678014507	40.677057654951355	-42.2094456791812
4400.000000000001	1.565993829975234	21.159519908906265	-96.24280825215601
4450.000000000001	1.0161571788673704	35.675924427838595	-173.03809488781866
4500.0	1.1463527197981498	37.6363257782757	-9.954090624422442
4550.0	1.4110569948581402	24.028826361457742	119.41641333446677
4600.0	1.2296378152192287	26.92658483486751	-122.96990521731439
4650.000000000001	1.3695711534164685	15.757456822664995	-138.07988913704278
4700.000000000001	0.7769145718962602	36.20839354425927	16.3377389431473
4750.0	0.913345560394609	37.03732415452748	56.28139460068287
4800.0	1.387897926564447	29.394577373779203	-145.34828928316324
4850.000000000001	0.8067391913816201	36.97336395808111	45.05789652170818
4900.000000000001	0.7977168848280944	31.512400015672196	176.29936781778548
4950.0	1.2775625141364315	21.129382456465258	-100.59199543486282
5000.0	0.8496404186521712	8.709945730670238	23.865160657894567
5050.0	1.3401017734689564	19.45691270428898	-109.17634157012553
5100.000000000001	1.1193292155186128	26.045107615774768	36.79013172969343
5150.000000000001	1.2447293964584825	26.979574390568796	107.86820354942334
5200.0	1.3676013131207416	26.875655972926644	77.97899703350967
5250.0	1.0332857890993454	33.71797106658816	77.52496070414148
5300.000000000001	1.0613307592124621	23.020719230740696	61.71127313946367
5350.000000000001	1.1670299270725193	36.70176505010148	3.960739766620872
5400.0	1.4245999674261933	21.224667972147447	174.93662079029372
5450.0	0.47903801361226894	17.519796306078764	-128.1889692718265
5500.0	1.0740561244927191	7.25257650164268	-55.80452178593911
5550.000000000001	1.0669614180426437	32.701940767556835	-114.91162364908952
5600.000000000001	0.6537602502594426	15.372390046794768	-118.19260654887158
5650.0	0.4468706500818708	31.155700948595584	-32.07428981268543
5700.0	0.3714745558086712	9.474752075204366	56.81874048929915
5750.000000000001	0.8034236823570834	29.162550369925253	13.923369029870164
5800.000000000001	1.36443198677547	11.479969208920908	139.73166428005712
5850.000000000001	1.5136503318448093	18.04967401757164	-85.85274867605332
5900.0	0.7785278452521329	29.481304085934326	154.83089655711592
5950.0	0.6953474145761425	38.264870861556666	-106.68714717074927
6000.000000000001	1.4488907510156783	16.722861849835475	60.65519714937645
6050.000000000001	1.3463991904556258	34.44339409802854	176.85317086003576
6100.0	1.1782560609403343	15.583598551471441	178.53005935936454
6150.0	1.1196372320691386	40.083012284199704	29.57492402790785
6200.000000000001	1.1936938603810008	27.58069489815353	-95.60342587854818
6250.000000000001	0.8419672936184324	46.85513654763363	125.0602629872675
6300.000000000001	1.04760830636494	25.446606890371154	18.90746955108894
6350.0	0.9871400648225326	22.79175306523262	-94.98636176750612
6400.0	1.2356545391150389	34.1894976659231	60.60993476541504
6450.000000000001	0.8893077667844657	35.8742005335196	-3.2368547382833355
6500.000000000001	0.9547645722679834	44.524945200989926	58.99150474407897
6550.0	0.6403090397651148	45.164865268061355	65.09775515504019
6600.0	1.4878731073771976	21.660799096748697	78.40943769705721
6650.000000000001	1.1813674497712512	36.23065777041772	37.16002576226337
6700.000000000001	1.0494667873743784	24.761556793464486	-48.43240749044119
6750.000000000001	1.273812180948266	21.34242303643584	-83.53540393872275
6800.0	1.1154606257510207	22.633836585667773	-80.14654273319796
6850.0	1.3943916819203146	26.844608744075177	-156.86426412947867
6900.000000000001	0.8722193818005612	15.938116257967504	-102.058354816883
6950.000000000001	0.9050745647384592	21.19029891075007	-47.30147856985512
7000.0	0.7773296184885644	16.23736255180687	-119.1582926741903
7050.0	0.9715630312633674	32.96795511128275	73.17224013371826
7100.0	1.1546351441020066	23.509845071548305	-16.95566272495273
7150.000000000001	0.8377959051004578	32.456563599538754	65.60679042494945
7200.000000000001	1.1594246333862124	31.84611112194209	70.39861570994529
7250.0	0.8058364348053518	37.13086308712334	-150.40608829257482
7300.0	1.100347749649971	33.924805693574136	-71.07741427972715
7350.000000000001	0.9407428313676398	35.84749298560352	28.74197028702098
7400.000000000001	0.7874060085285383	37.685285062929175	-9.194401637911906
7450.0	1.0596557745808728	1.946779439850884	-12.045525295151819
7500.0	0.9839341008810338	28.734935316868306	29.740744943587025
7550.0	1.0813937534795595	26.73076813305002	13.779649255752453
7600.000000000001	1.2848701701403604	24.53936529875682	-133.77435057767264
7650.000000000001	1.1465199236787116	25.2532642260419	90.29140912933926
7700.0	0.9415124900981316	25.75577582191171	31.14494908283689
7750.0	0.8905105974406169	10.462438095776212	168.31941207986625
7800.000000000001	0.9382862850075233	11.33332476312635	19.530620098607635
7850.000000000001	1.1231987458525712	20.541085199773864	159.3885979497947
7900.0	0.7294196154570349	13.269383625452626	99.68230563023894
7950.0	0.9330070631557397	29.69359746489441	56.132903443990294
8000.0	0.9746695744702922	24.312988682925354	131.73765194613082
8050.000000000001	0.5970534346590692	21.64485883079078	-90.83061100669825
8099.999999999999	0.8025314325615804	30.66913972616796	17.286037789536636
8150.0	0.7561186998002463	8.816916619543575	106.13487564172952
8200.0	1.3315082612629214	10.10866706290191	-36.99370353797949
8250.0	1.0547929290863305	18.469100391552768	87.59428951949906
8299.999999999998	1.193905303850514	18.286722093567494	-41.99543905421557
8350.000000000002	1.2926978138051681	9.137851823790875	131.2548532466234
8399.999999999998	1.2147242902973807	17.94851631458016	-62.69160375056052
8450.000000000002	0.946883346101853	27.031772823763497	-86.34047100756557
8499.999999999998	1.1982186277077673	19.06458078400525	-167.45914746940022
8550.0	1.090532189561191	21.858608212388507	-105.27566162015447
8600.0	1.1966485476256155	24.447203953060452	-177.2268230905826
8650.0	0.9816242027615468	21.93950516016019	112.51806046522792
8700.0	0.9336388084087861	30.44140071770424	-121.7808997466919
8750.0	1.0117233449293315	18.2073861512654	139.90578837363242
8799.999999999998	1.2633536103740586	19.97301913607381	-39.18465032418614
8850.000000000002	0.7092310969191689	22.1858157709517	128.32971640957055
8899.999999999998	0.9085815426086753	13.580953650934676	30.658888938495593
8950.000000000002	0.6650833889018506	25.752248322325052	26.952815596640523
9000.0	1.0742983176247454	10.505054267376995	118.33186812100946
9050.0	0.8473656083761952	23.148223223989458	122.64425243170817
9100.0	1.4071520926438732	4.548683304805257	76.22837494762472
9150.0	1.1400271315611368	9.656909035936579	32.51581170965902
9200.0	1.2946880166962367	21.7771734423464	-104.73952891070539
9249.999999999998	1.1362618872685217	12.108871330570231	59.88581585310193
9300.000000000002	0.880498997853477	25.294553438560413	-88.01394209862545
9349.999999999998	0.9434313387875575	21.811795643010097	70.10362978342195
9400.000000000002	0.9158177896479043	20.15270921032996	142.65800571458345
9450.0	0.9589523068004571	28.932930385065216	82.36583790612235
9500.0	1.207428088060121	22.956121484087653	85.75029287453091
9550.0	1.159207948968095	26.089643861483253	7.715362688907813
9600.0	1.2545186886792254	20.215793218222526	154.5149333855583
9650.0	0.9615190468654002	27.760197744478678	96.41522210613645
9699.999999999998	1.104939336323864	13.606850499638348	-42.30755895905053
9750.000000000002	0.8632174433363707	19.10518416188356	161.97138977636786
9799.999999999998	1.046211672401736	25.64488873164789	-9.384051904877794
9850.000000000002	1.175251718104354	21.854628204022887	-87.61186860736737
9900.0	1.0839930821553139	27.59219572047887	26.522968598001
9950.0	1.0651331165909974	25.432308811960624	-0.9261867808452332
10000.0	1.0738651114837507	21.923519419293957	-69.55902523177396
