0.0	1.0566285965135978	14.12400941545483	0.0
5000.0	1.0067967236244304	12.070180798526101	-66.20307836474521
10000.0	1.0161934898892533	7.695990922620925	164.5025815703183
15000.0	0.9930302683399093	5.025958427177855	66.0913743702824
20000.0	0.9973117880898998	2.7536681183812277	-63.68816135389578
24999.999999999996	0.998503981079579	3.474159567207764	40.52105973491284
30000.0	0.9964747444026653	1.4386412066500955	-127.34013747161069
35000.0	1.0219138292380716	2.108946374587607	-17.03746648191826
40000.0	1.0279992188214466	3.950545489913704	-175.6966517400282
45000.00000000001	0.9739787682570679	1.6045172430947823	-94.54335231111858
49999.99999999999	1.0256529005586084	3.992789020383471	5.654038010465134
55000.0	1.0460011178862065	5.215630257116098	176.73150466133808
60000.0	0.9524179022492976	1.787875734393224	92.40298280267513
64999.99999999999	1.0128583471845938	6.905075938041184	178.8021766859255
70000.0	1.0532286630403391	4.759986400878108	167.15475553559938
75000.00000000001	1.02560386843211	6.618746729098238	174.60249688185
80000.0	1.0068558588232983	7.221475687619094	-177.05907223948353
85000.00000000001	1.063982053081641	2.3876705728815915	-149.8856153053559
90000.00000000001	0.9088602234719383	3.0836763284073814	-41.638243339447605
95000.0	1.0752676673927561	4.782839206801547	-8.534920396906816
100000.00000000001	1.0421285194447254	4.1374123220161385	14.740937983916815
105000.0	0.9322804456411454	2.569465554131057	48.037700658840905
110000.0	1.0559004933341931	5.1668805518681955	170.14164007169862
115000.00000000001	1.0230060122195896	6.715921382397235	-174.04825154697565
120000.0	0.9826712573756783	1.874473016995195	-65.17378213777012
125000.00000000001	0.9984441977841694	3.6446310390802212	-23.739435130398494
129999.99999999999	1.0893021484735068	5.159217777044629	5.79319664844792
135000.0	0.911529440808778	2.952030918307004	42.79779448517985
140000.0	1.0671943197940703	4.2746999285402145	167.02429811935812
145000.00000000003	1.0142801877919068	7.042274656470181	-175.36061615899567
150000.00000000003	0.9942422585351386	1.7298432900113123	-70.9725835600435
155000.0	0.9943930191980557	3.6273254410921503	-24.48411704076528
160000.0	1.0891839011251478	5.167228726837988	5.767889013873358
165000.0	0.9117519337555064	2.922010739164678	43.299417066384045
170000.00000000003	1.0650791847960748	4.4654368976116965	167.7046834533708
175000.00000000003	1.0179489323042763	6.921339387249293	-174.9221186776924
180000.00000000003	0.9843405263551414	1.8575388545719906	-65.2800604118778
185000.0	1.0053034485492494	3.7105784605326626	-22.32274146941089
190000.0	1.0816626159317884	4.962576420519928	7.163281720560748
195000.00000000003	0.9166468267891547	2.8282798422588744	44.52915068714072
200000.00000000003	1.0606922499721454	4.877528546074909	169.1878066290009
205000.00000000003	1.025012697331099	6.677939688883958	-174.11073676144497
210000.0	0.970367373659441	2.047258754700204	-58.95158035120679
215000.0	1.019845625268259	3.8731478516605224	-19.233519694182686
220000.0	1.0708083733731648	4.72461464290536	9.109995214285755
225000.00000000003	0.9244227377728742	2.7038085026242737	46.11305566571529
230000.00000000003	1.0544900649163926	5.329883700635822	170.57358702372554
235000.0	1.033435118901945	6.369308581087506	-173.2641657346676
240000.0	0.9558110973109143	2.2542617876454836	-53.83212444162323
245000.0	1.0351536312730585	4.0771652919176695	-16.062513060019434
250000.00000000003	1.058014041440336	4.465434319835797	11.519929120094089
255000.00000000003	0.9349026376955836	2.5462462681748743	48.416233213066185
259999.99999999997	1.0467641634412337	5.7586699261474905	171.7167039018687
265000.0	1.0419239382267633	6.004628984720158	-172.31628627028294
270000.0	0.9422565453231635	2.446252995341361	-50.180994867109646
275000.0	1.0497218756598394	4.307031724576472	-13.126200427263443
280000.0	1.0440208692946604	4.218680321118833	14.286918969435204
285000.00000000006	0.947493197835719	2.3667600875439936	51.45836593966526
290000.00000000006	1.0384192720457	6.1497992816388996	172.72283831720426
295000.00000000006	1.050077413660692	5.595589390639091	-171.25804062631113
300000.00000000006	0.9304039656314694	2.617291685908894	-47.469597028514144
305000.00000000006	1.063319573098582	4.560768035722317	-10.48359924347497
310000.0	1.029022448472571	3.996454237835347	17.34869775975926
315000.0	0.9616770404329378	2.166316050924452	55.66852905152668
320000.0	1.0298166286569284	6.496375323168998	173.64055744459253
325000.0	1.057382523589193	5.147213515966628	-170.0066316324442
330000.0	0.9207683761220268	2.7647944533085993	-45.42316568671877
335000.00000000006	1.0756568580366297	4.822701709997771	-8.196466510022482
340000.00000000006	1.0133637064357601	3.803968350856758	20.613710140650806
345000.00000000006	0.9768658219312867	1.9543092569469414	61.59861181657552
350000.00000000006	1.0214321861422557	6.794136067333684	174.52046404791844
355000.00000000006	1.0633193590386993	4.667927179296247	-168.4474865815001
360000.00000000006	0.9137427759582805	2.8880386227678634	-43.83965868160204
365000.0	1.0864917995977599	5.079825965202297	-6.260502655682748
370000.0	0.9974261324780372	3.6464097218026503	23.931221905750412
375000.0	0.9924704443301582	1.7480647183820845	70.01147449548255
380000.0	1.0136925675124124	7.042191363557168	175.4023952211384
385000.0	1.067489021985725	4.1673825741296975	-166.4280984475927
390000.00000000006	0.9096039038590319	2.989325033783003	-42.54029520056521
395000.00000000006	1.0956681801136952	5.318643335141721	-4.6411926598846485
400000.00000000006	0.9815722308668926	3.5226975073841427	27.14934184863828
405000.00000000006	1.0078889560242394	1.5780296678891805	81.79538715407416
410000.00000000006	1.0069491690676502	7.240368573920173	176.30680182389872
415000.0	1.069505717507877	3.657078538386523	-163.72117321329273
420000.0	0.9085134692636057	3.071031050669355	-41.395687032965256
425000.0	1.103050084192541	5.525087368740427	-3.2903176211355305
430000.0	0.9662313749112131	3.4286746664597465	30.12439820643244
435000.0	1.0225300457448585	1.4906877191973404	97.16907808280465
440000.0	1.0015059859553292	7.389803019696032	177.24514439818006
445000.00000000006	1.0690874815462144	3.15112349399821	-159.99405919036485
450000.00000000006	0.9104920725800927	3.136546407842045	-40.28223167024401
455000.00000000006	1.1085327413646218	5.687229410702485	-2.148434425172391
460000.00000000006	0.9518489781023138	3.358033360101372	32.752011275449
465000.00000000006	1.0358516745961284	1.5341975928765355	114.41566912066537
470000.0	0.9975983023768938	7.492020086543675	178.2179270631341
475000.0	1.0660664382656433	2.6666794547041666	-154.74873805837802
480000.0	0.9154399046396444	3.189936177653718	-39.08246262991839
485000.0	1.1120450845543324	5.795383885350043	-1.151906909558045
490000.0	0.9388737308898394	3.303163220340734	34.98597349696344
495000.00000000006	1.0473740545689296	1.7267890133828345	130.2592071012959
500000.00000000006	0.9953889088759406	7.548476246588376	179.21711265707364
505000.00000000006	1.0603996836598795	2.225953031665775	-147.26561902548139
510000.00000000006	0.923134717173514	3.2359327446736876	-37.687161923504796
515000.00000000006	1.1135438855601398	5.843027583788584	-0.23621874150318906
519999.99999999994	0.9277463517261019	3.2565025117030832	36.836458674866925
525000.0	1.0567129455177444	2.046456947897895	142.61756433830718
530000.0	0.9949684601054469	7.560114977267276	-179.7605778650779
535000.0	1.052175155249039	1.8583305574090294	-136.63254336892115
540000.0	0.9332687737831119	3.2802137012166885	-35.97893693320643
545000.0	1.1130107796524107	5.827289862556483	0.6878511423528463
550000.0	0.9188624034288995	3.2110717785423764	38.3825135585359
555000.0	1.0635952709634433	2.4557738757100953	151.50184579854294
560000.0	0.9963557207278734	7.527023522810961	-178.72631667540705
565000.0000000001	1.0416157113149507	1.601440648878148	-122.29518562330858
570000.0000000001	0.9454496705479736	3.329317800370745	-33.899757975232006
575000.0000000001	1.1104522359339348	5.749108076630843	1.6631580709781733
580000.0000000001	0.9125824838056472	3.1609031712130715	39.68362840163285
585000.0000000001	1.0678607182477013	2.9210463607339316	157.72814219632386
590000.0000000001	0.9994924594810772	7.448484738354935	-177.7126219387356
595000.0000000001	1.0290697772116317	1.4887171028714667	-105.2989849528814
600000.0000000001	0.9592394425347835	3.39055631977211	-31.425460800910706
605000.0000000001	1.1059029518652967	5.613284521060156	2.752081476199556
610000.0000000001	0.9091682890193212	3.1008760010776166	40.84506138817773
615000.0	1.069492721116612	3.417195627543683	162.12500805648514
620000.0	1.0042471157824389	7.323140263287518	-176.73001909926052
625000.0	1.0149786927265323	1.5216989506051457	-88.68127579208377
630000.0	0.9741873682804603	3.4715849854975778	-28.576015786419493
635000.0	1.0994221107881381	5.427981836954874	4.019620125253579
640000.0	0.9087779604163815	3.0266564466036185	41.981100650083484
645000.0	1.0686032958598066	3.925261329774129	165.29203522473767
650000.0	1.010418110376351	7.149336416614081	-175.78195257360892
655000.0	0.9998574053776907	1.6614410552187495	-75.13511322438146
660000.0	0.9898468571716732	3.57950540640753	-25.42873458128228
665000.0	1.0910951667538495	5.20410229040229	5.527588864565011
670000.0000000001	0.9114518977546463	2.934577204711738	43.210951227276915
675000.0000000001	1.0654216492926263	4.430137989003279	167.63185191925936
680000.0000000001	1.0177367703376117	6.9256385318413125	-174.8630878720781
685000.0000000001	0.9842712141210433	1.8570619884903488	-65.20947761835633
690000.0000000001	1.0057903908277641	3.7196982107824064	-22.110318518698246
695000.0000000001	1.0810365685388597	4.954505381339278	7.33135897677618
700000.0000000001	0.9171046342694555	2.821618268878665	44.66298761525798
705000.0000000001	1.0602758591918022	4.919321373724644	169.4142983462355
710000.0000000001	1.0258720502396634	6.6513685676612875	-173.95655687355287
715000.0000000001	0.968811443668966	2.070274428689985	-58.192220868217646
720000.0000000001	1.0216207157441202	3.8946288144501104	-18.773381571910278
725000.0	1.0693932099478107	4.69306885212965	9.473911240655433
730000.0	0.9255252098287765	2.6855471050461985	46.48680273895488
735000.0	1.0535691329353454	5.382352160123211	170.8241891220019
740000.0	1.034437113055904	6.327098152172461	-173.03279200475293
745000.0	0.9540725617674293	2.2783865806818673	-53.22006016374224
750000.0	1.0369764293552133	4.102974089692048	-15.567607133134281
755000.0	1.056348742567862	4.433639938053965	11.97537671106647
760000.0	0.9363854677797081	2.5253025980207733	48.873399038538366
765000.0	1.0457534540338684	5.810653906263192	171.9916251660204
770000.0	1.0429993628111387	5.955023898409896	-172.0477080237538
775000.0000000001	0.9406291222141939	2.469469274518741	-49.63612855640665
780000.0000000001	1.0515352788440038	4.339353758870418	-12.613399287436804
785000.0000000001	1.0421273589868996	4.188881396445785	14.821009960016289
790000.0000000001	0.9492554223997954	2.3417256757364076	52.08850134031229
795000.0000000001	1.0373030218197639	6.197543285526171	173.01004714473697
800000.0000000001	1.051094639375726	5.539200966932433	-170.9399538834118
805000.0000000001	0.929011761117736	2.638025867094001	-46.99405241375412
810000.0000000001	1.0650160315711947	4.59471675383315	-9.98625678380758
815000.0000000001	1.0269956366855522	3.9690817183221423	17.952111059261487
820000.0000000001	0.9636249399186432	2.1388401635648644	56.52438127344484
825000.0000000001	1.028689034921514	6.538289619885642	173.94827528144256
830000.0	1.058246337102361	5.085626304971102	-169.62513689783802
835000.0	0.919683720748431	2.7823144583774706	-44.99378637841465
840000.0	1.077177576947743	4.857191228147953	-7.716343705947343
845000.0	1.0112645235398507	3.7811447099116937	21.261828016865756
850000.0	0.9789268219359882	1.9261217203340888	62.76397455530351
855000.0	1.020359263919418	6.8300436601109755	174.85537370763237
860000.0	1.063988469076487	4.602257552986984	-167.98727872434134
865000.0	0.9130181063511073	2.9028200348443067	-43.42499988700226
870000.0	1.0878180897133765	5.113204595860205	-5.7953483043956835
875000.0	0.9952875707228334	3.6279467252828788	24.606701653560247
880000.0	0.9945631183181018	1.722257774679861	71.62027185084312
885000.0000000001	1.01272075444784	7.0716861688234935	175.76623563966092
890000.0000000001	1.0678927912846987	4.098972679991468	-165.86139120503185
895000.0000000001	0.9092780138450005	3.0013991294991573	-42.12701521486627
900000.0000000001	1.096772946719909	5.348661771469635	-4.1871735454295
905000.0000000001	0.9794574934610027	3.5083359658382474	27.830495711756733
910000.0000000001	1.0099300816348535	1.5601825171379722	83.94635814219764
915000.0000000001	1.006128207191376	7.263471637668734	176.70248172312736
920000.0000000001	1.0695964786257963	3.5877120651890864	-163.0088040653143
925000.0000000001	0.9086027546295717	3.0808091371919217	-40.96563632485891
930000.0000000001	1.1039114496057008	5.550056211745545	-2.839970900277859
935000.0	0.9642004406584288	3.4178154140566632	30.793375344430924
940000.0	1.0244427314261766	1.48803713063275	99.77812773452597
945000.0	1.0008753144926836	7.406567766156424	177.67354303894905
950000.0	1.0688295037903959	3.0828929319536655	-159.0761598924458
955000.0	0.911000534510332	3.144509960818074	-39.81873695784215
960000.0	1.1091349243887398	5.705519041377201	-1.6934998703244886
965000.0	0.9499642919279389	3.3496894544764046	33.39897440158629
970000.0	1.0375612138806363	1.5520740077551225	117.08040552696595
975000.0	0.9971882276068623	7.502532039454904	178.6788574893788
980000.0	1.0654377716768306	2.6023616921381314	-153.5355663035462
985000.0	0.9163508088409952	3.196640581352023	-38.56984554223209
990000.0000000001	1.1123749618162833	5.805734687216827	-0.6838708360617257
995000.0000000001	0.937202548395263	3.296327064472371	35.60757624215542
1000000.0000000001	1.0488161899507311	1.7645954321695734	132.55722946047513
