0.0	0.910982729727456	115.8230078400766	0.0
5000.0	0.86342185616195	107.77078367074	-64.28103106832074
10000.0	9.4003145425401	63.738774675133506	175.2267538367396
15000.0	9.775908284015916	69.0195887071997	-88.28160740023066
20000.0	9.636116409026549	106.37427930188758	-77.1813719983292
24999.999999999996	9.477897911569286	76.4529026354793	-106.56540519666498
30000.0	9.33431188717025	110.86470921507672	148.00712406926937
35000.0	8.984424266601584	129.6785068101169	-176.26891732775803
40000.0	9.133916208515	122.0743991099887	-132.79844247697875
45000.00000000001	9.253161246259843	96.62881406353875	127.96584367731116
49999.99999999999	9.230862033018635	145.87750344705262	-166.53748785044496
55000.0	9.444150093600145	77.98044861550788	-57.551558871338294
60000.0	9.640537982965055	65.92643404207881	-144.86608871385934
64999.99999999999	9.48117678339424	110.18971737735517	73.6062668319138
70000.0	9.599898286925715	78.75289688935929	-70.45565426852153
75000.00000000001	9.218316603003885	95.03165019323697	116.2198353769468
80000.0	9.21432166677012	108.52527916390952	14.03352489127647
85000.00000000001	9.311701139583558	105.13351222534034	113.56639684645062
90000.00000000001	9.086712106087536	100.75326842847743	87.69768679386945
95000.0	9.331849460619734	83.27929702051068	-94.30004180342107
100000.00000000001	9.288320927067767	93.75120480803822	85.78787441653624
105000.0	9.77133719995178	83.10211855411839	-11.131243931101876
110000.0	9.53815744434851	78.6564486920299	57.4300824522494
115000.00000000001	9.624283133806538	112.01025398097573	2.530723180312599
120000.0	9.293806510105856	58.81692310851564	21.497883844313314
125000.00000000001	9.145468623592878	115.61445502326465	-56.11385588572276
129999.99999999999	9.632525217333091	59.84982411496743	-161.32148128921466
135000.0	9.24274355572068	105.25497404458137	56.87797104830261
140000.0	9.352301734697582	94.33567068367763	167.39603173031327
145000.00000000003	9.476131375795303	93.93358629248793	172.3849073986364
150000.00000000003	8.966651312906128	129.5702994277125	62.70265735182094
155000.0	9.198764047657969	89.54563112790028	-76.11321544081338
160000.0	9.532901554485285	66.09388476234763	91.17759048896845
165000.0	9.08526746527971	96.46239252781706	-40.234145074148294
170000.00000000003	9.275011216024389	52.604563200972514	54.85636588351288
175000.00000000003	9.25075093941512	97.45770460389397	167.12786077929508
180000.00000000003	9.058524098587577	99.20578299859301	110.95754157522667
185000.0	9.254579490317097	104.03955961988424	114.03999646628579
190000.0	9.271784220304308	104.1076362456284	-137.22676263539094
195000.00000000003	9.410701298924604	65.99176132566807	-86.75900556591193
200000.00000000003	9.033473537635507	110.34707462054519	-68.75330018656062
205000.00000000003	9.219562862575804	103.0890776377457	-156.4885560040324
210000.0	9.301040668198924	86.05117608394023	-30.876856966080982
215000.0	9.142321462277245	104.4848266239708	32.38098243372234
220000.0	9.723619885700947	54.25839061918462	55.889545129356236
225000.00000000003	9.674508896616933	71.99113439233119	-171.27607424176443
230000.00000000003	9.28185459121178	83.70050233450843	37.10180617015178
235000.0	9.506145542615709	57.118949848217795	10.93368374446341
240000.0	9.60171026274647	84.06920214516535	51.128995250361
245000.0	9.51379739232784	94.70606286631015	111.90528100381773
250000.00000000003	9.160800127005897	93.20726197179583	-20.048954652275654
255000.00000000003	9.678792059680813	92.43205532288111	-42.640471595776454
259999.99999999997	9.515126850567151	90.5930589411195	-170.75009625660624
265000.0	9.112071662253504	106.81862117664333	-19.59850846018663
270000.0	9.58834028991441	71.64138326219474	45.71719167207958
275000.0	9.394107899465835	100.85497358888774	156.40850258113466
280000.0	8.976008399121532	126.76920100143909	104.77258174257622
284999.99999999994	9.109707108496751	108.03825428280732	30.143175985242628
290000.00000000006	9.065532754152583	107.80830890092115	-164.96732060295156
294999.99999999994	9.157439002654893	135.97294454508753	-5.407245695090937
300000.00000000006	9.42913438499218	77.26521910790885	87.46115683125062
304999.99999999994	9.234929962641207	100.80132745639116	57.094038894260244
310000.0	9.160765670793502	111.70541210250016	-159.77025699815488
315000.0	9.690287437944711	107.17102587597891	-39.24146510406247
320000.0	9.392552376618234	108.70385367251953	-45.36125095487861
325000.0	9.443997234559694	80.78768936515739	-19.838106123843
330000.0	9.158627091799266	101.29078233097978	-162.10250579511126
334999.99999999994	9.384901331245615	88.15266885790507	37.10112733083898
340000.00000000006	9.481215098257668	92.6551595020453	173.71594172762414
344999.99999999994	9.426325903955552	96.52727651529094	85.4530822572002
350000.00000000006	9.350830271186439	83.92549126733357	-50.52045287000989
354999.99999999994	9.13283284159235	109.92899316589198	-140.5605626856394
360000.00000000006	9.202483909298488	95.69922258062576	170.91317874128063
365000.0	9.174621585083413	109.57787706805206	162.39245328571107
370000.0	9.216240891592355	73.81899887117103	92.6841066855994
375000.0	9.261260130892346	115.65429530641794	60.301094218346236
380000.0	9.40001651683408	90.13508960608416	-174.41156728332987
385000.0	9.456473329159184	38.973084241012394	75.70396349482871
389999.99999999994	9.11442074367298	114.71103332854295	-19.430720871597575
395000.00000000006	9.190457107022235	122.73972773842507	-15.036914745085706
399999.99999999994	9.833641259370777	113.78960996268428	-12.300903546983973
405000.00000000006	9.418111728418808	74.87659918432024	-172.75241274645222
409999.99999999994	9.235582009868605	100.36020365813384	119.38899543817855
415000.0	9.461531776506376	80.2678732443871	163.8569761362098
420000.0	9.337438056364274	111.18018306973956	34.645775803218264
425000.0	9.188761002438737	96.14716517526496	-151.811241809093
430000.0	9.902117770071857	85.35330485155912	144.04281054661107
435000.0	9.252881341415023	84.55220698687337	-22.64532213864854
440000.0	9.270625252098476	105.43074845208517	115.11590593467683
444999.99999999994	9.448640615956226	79.89795496895475	-21.70072808489375
450000.00000000006	9.719862866779263	43.24702274819988	-138.2596138184412
454999.99999999994	9.530729489471343	107.97429190508636	130.96754021776894
460000.00000000006	9.350137924905296	96.12295846838813	44.10688960316793
464999.99999999994	9.176850461314459	93.56498375218287	-153.76168381361657
470000.0	8.939202640657777	134.20671307407446	19.549279234357638
475000.0	9.320595701102881	93.835860215915	-58.544386057115624
480000.0	9.558011517308007	99.77102569950159	47.967980854811955
485000.0	9.382421414415905	83.00371378129428	67.94986515669432
490000.0	9.017309372028437	119.39366118294483	-52.82597668870658
494999.99999999994	9.163855387570694	105.54698114597716	-27.664712044311454
500000.00000000006	9.24584429342242	94.8488149371508	69.41782472366422
504999.99999999994	9.381248806694721	125.62419363319947	76.05830618779031
510000.00000000006	9.174171714546034	106.2133444544787	13.301736201121878
514999.99999999994	9.798647526871106	61.978005256775184	-14.901209800772916
519999.99999999994	9.332659277225709	64.57139566986662	-35.43438149685613
525000.0	9.102882629776829	102.00003709481786	22.781324117694652
530000.0	9.61931229071978	64.69207978284132	-53.72965198260722
535000.0	9.683519507408663	60.62411654679938	79.33838501258427
540000.0	9.382430941724259	7.667907557732925	-172.52359243911172
545000.0	9.163568024735653	133.82174375117725	23.45596426929628
550000.0	9.363451358479521	87.18750286671016	-164.9452711486472
555000.0	9.283505532055127	52.81105076333401	88.10810937255305
560000.0	9.398902934611144	131.3449277334706	145.9323665589569
565000.0000000001	9.434706168731626	107.80334147863942	-137.29186571076562
570000.0000000001	9.179179210360076	126.40168278210626	-42.995186368285445
575000.0000000001	9.316697480858476	106.20169196665941	174.76147066476992
580000.0000000001	9.210623887624406	91.65949858587427	139.82177902345734
585000.0000000001	9.313976730207768	61.7529498569136	179.65155845862975
590000.0000000001	9.40730597987372	115.7526711017651	-97.25776753112915
595000.0000000001	9.202873130751701	94.47028369837419	-93.62529882433452
600000.0000000001	9.50629904661635	75.21405355302157	-157.18706446884724
605000.0000000001	9.156301922597812	102.47277929998613	150.18955523414672
610000.0000000001	9.461722900212818	115.60756015235631	59.864806879607826
615000.0	9.204053204465607	103.48480944054583	-4.603513999488027
620000.0	9.524973597277599	68.0872695790375	169.3564208266207
625000.0	9.193131698234605	115.95577018706011	-89.543963949503
630000.0	9.17298684230293	130.2459968595709	-170.48778838465572
635000.0	9.168380263795115	98.52874572725399	2.474117178669696
640000.0	9.266536514081382	82.08808806639347	103.89223248533202
645000.0	9.445163374772148	81.55270511995012	86.3763294568093
650000.0	9.2510466986414	109.91793702045746	101.69748588289569
655000.0	9.359449616251549	82.71225638177282	-28.478204741819507
660000.0	9.554682782739102	103.22340531702332	94.72421512561138
665000.0	9.25218931625056	81.88491225253529	29.67573028401554
670000.0000000001	9.716449041824296	66.23812098319692	-13.973104542426826
675000.0000000001	9.321699867935122	99.22809944626654	33.86147515960039
680000.0000000001	9.306123310468974	69.31282509778968	57.28768339302859
685000.0000000001	9.50039867656852	97.47247139371592	-87.9051052461524
690000.0000000001	9.05007469794827	113.81949276691446	139.0466834426696
695000.0000000001	9.545152755177506	70.08251658937124	-30.777873962809604
700000.0000000001	9.142317180346044	109.69443544574449	151.11988608645652
705000.0000000001	9.243063344812551	142.90826684417814	165.42703509139392
710000.0000000001	9.208033423611916	106.52210165491707	39.42101814487102
715000.0000000001	9.403293184450943	84.53715856721469	150.8052460918798
720000.0000000001	9.522012564659933	74.26266454774448	167.6503704814842
725000.0	9.152167060741357	96.1749948151028	35.60146991037391
730000.0	9.173566675087306	93.62740437670617	95.41818687079005
735000.0	9.515329290187662	61.77265368665455	-3.9456272469691145
740000.0	9.043515016212906	127.18566199310875	133.69998899381753
745000.0	9.332144560051436	99.09249958420862	-56.177246251327205
750000.0	9.38136496533169	120.29006278700791	-151.09774298762386
755000.0	9.162841410734273	153.28151275751574	56.51282941673143
760000.0	9.35041175636775	85.51230495653368	-30.784608057085507
765000.0	9.484082077392124	59.43621831422369	156.21797907287532
770000.0	9.423367575911481	72.95139043397025	-119.44970338441303
775000.0000000001	9.554916498561862	29.154787394255035	48.80007684652374
780000.0000000001	8.910275166671932	125.09849706283563	-64.4827735859043
785000.0000000001	9.246934422326905	108.87705708144279	-105.52072409688225
790000.0000000001	9.188260847010884	83.51263257949769	115.68922230062189
795000.0000000001	9.70963181268413	67.22913637419865	94.55964812548113
800000.0000000001	9.337081539130835	86.1518702826265	47.70728452473277
805000.0000000001	9.0183826929759	106.80659139197438	62.56194970659233
810000.0000000001	8.986202712491075	117.59487787085723	-72.1401854641067
815000.0000000001	9.309804367072259	105.02274574567944	73.42930650044622
820000.0000000001	9.254348631957772	123.82735391933218	111.27119051996252
825000.0000000001	9.23870965897351	130.0705656915329	-89.30657041077534
830000.0	9.33279625336963	93.61874619204013	76.33474761879768
835000.0	9.20723292454505	120.45474682558198	-165.24335617403426
840000.0	9.137468585963248	89.83891250670611	107.45607998030958
845000.0	9.311670693915335	82.50155875051625	-102.52530337519137
850000.0	9.788738768244059	79.9820547236399	-56.2387223345064
855000.0	9.293472187434316	97.35570214062562	74.53830155757261
860000.0	9.181532364369971	104.36865357603268	43.40625148265532
865000.0	9.014133286746947	138.6229079743178	-62.77590620454635
870000.0	9.281354093272137	120.40331808268554	-38.88192570429851
875000.0	9.203283020111227	111.7266986383541	-3.5863915873104912
880000.0	8.965158545667267	128.12441263681058	-56.4330726324633
885000.0000000001	9.091468740022204	102.7375400727659	57.197921913864754
890000.0000000001	8.983282762312257	118.67329835719963	-155.3283633620606
895000.0000000001	9.189318552220225	109.67988437040225	-66.40894443414577
900000.0000000001	9.41104736748473	97.18281613638811	26.384277040080566
905000.0000000001	9.510501026067082	53.4532807810271	-135.69741096102481
910000.0000000001	9.05061532839506	87.53976815662804	89.62162908370924
915000.0000000001	9.637416036381468	93.29992124137434	45.64450515593429
920000.0000000001	9.176736497363423	109.65493692539167	9.318303417086872
925000.0000000001	10.105462019697297	83.74902407321495	-126.630519192829
930000.0000000001	9.349832796229252	80.74238646742145	85.00393875568086
935000.0	9.116730308864147	88.12958425991333	-117.62643329009829
940000.0	9.159102210425324	111.08963671009434	-26.2547150345507
945000.0	9.216674565227335	88.24608967822053	19.143979650037988
950000.0	9.17152087398028	97.95847207835833	-164.92474093506988
955000.0	9.091980157586445	118.37618746924693	131.06683005242218
960000.0	9.334358109421272	107.51261549471798	18.474688468147978
965000.0	9.335406402880759	89.2139833948636	-113.32119543206683
970000.0	9.170012606102581	115.44092598786149	-40.46503600753179
975000.0	9.309759294028032	59.578945526260604	176.990191417223
980000.0	9.33524745235212	87.71469089208489	74.82526181269928
985000.0	9.184901255240755	124.4206759215364	19.16995726515309
990000.0000000001	9.245231430646253	106.72909792038908	-8.270253686219155
995000.0000000001	9.494644087315411	90.87719643364431	59.86610010808492
1000000.0000000001	9.144043280721473	96.96637940221801	-112.8393249111942
