0.0	1.5470545330461065	142.65568583148806	0.0
50.0	1.8628989662452895	107.02576287909811	40.555049663639814
100.0	1.5615245891419007	135.89150980982052	-149.19020611100916
150.0	1.8751007749416946	112.4965260577501	-144.64159457160807
200.0	1.8143917041647208	110.73767623929658	132.24000780735415
250.0	1.6887328318496362	119.90171559572566	-138.15958449927845
300.0	1.7829240937218402	110.73248181176967	-2.2821780777394585
349.99999999999994	2.014986544503951	93.44783880886753	-130.81605892136878
400.0	1.8725063407166036	99.04889356939913	-11.276623031746913
449.99999999999994	1.6295684724192752	117.10385599241552	-106.51441176654197
500.0	2.2442778915707864	78.84671738586495	173.35553872173517
550.0	1.6778626574517708	109.15102256527956	-169.40258760924922
600.0	2.1630694571896902	83.2641307272691	-88.97627581419997
650.0	2.335243571134576	78.55226996681408	172.16271964574676
699.9999999999999	2.2148625751138002	82.05637873903123	172.448978336002
749.9999999999999	1.9199528029169077	91.36416619214648	-156.949977404651
800.0	1.8262435208766843	99.63322798799996	110.25623099971764
850.0	1.8126529199275403	102.97727812138427	28.49633526348741
899.9999999999999	1.685507419525529	101.25070034360778	-140.90231144707104
949.9999999999999	2.050711221917961	83.9345782705786	171.96769132776691
1000.0	1.960181297361311	86.72796065149714	51.12229334846949
1050.0	1.8633665066016156	94.81673671435017	-96.45013043655229
1100.0	1.7317072114626009	94.00555492452136	132.72642453155055
1150.0	1.9247524571248307	85.26982929487161	-73.68971225942771
1200.0	1.8291326750295336	92.96655962424342	79.56640974499604
1250.0	1.9576167398502309	86.21999119316327	-108.30907260974648
1300.0	2.2135305533666023	74.48496019487084	49.279223320519414
1350.0	2.146315170018603	66.3688637654763	-163.44329807860063
1399.9999999999998	2.2049419212239187	65.01267658508814	-167.33833670194636
1449.9999999999998	1.9638471079635829	81.33002728799298	-87.9758498599743
1499.9999999999998	2.1367499325769064	65.84883180459005	-43.46047129323464
1549.9999999999998	1.8209453437742613	82.22228193772457	-0.9514413479064397
1600.0	2.168279295515274	64.70674882007397	47.54866666908289
1650.0	1.771467287350384	89.06349300055005	66.35383470865197
1700.0	2.143971116018862	65.75468929489516	83.1567361671038
1750.0	2.1074627279372673	68.84625967814458	65.41266986483916
1799.9999999999998	1.82782907514761	81.47086486844947	62.508088844138996
1849.9999999999998	1.9443300821041225	81.16866116275996	31.593995454736092
1899.9999999999998	2.2507733355023434	60.50360606971344	-9.88918289638492
1949.9999999999998	1.6832606191327775	85.11336316713705	-83.44537480028825
2000.0	2.013904507958143	73.99569899140967	-171.71998297883164
2050.0	2.1024108497021894	67.90975158623515	115.84774654063735
2099.9999999999995	1.956843781492907	67.62825189304212	8.123242842592946
2150.0	1.8838741569198907	78.79100120500398	-61.6723433220869
2199.9999999999995	1.8815320714315833	78.8127448018684	-152.84660178795997
2250.0	1.999844201505011	67.25722395469391	113.52847555971408
2300.0	1.9081812426030589	75.92184431456332	13.238168309951146
2349.9999999999995	1.7672860205159338	75.20955708898603	-88.48880810660454
2400.0	2.1181218685350838	63.466319283332204	167.45002171032303
2449.9999999999995	1.9158476751861735	74.73649564215258	63.48994813522416
2500.0	1.9836879239721905	66.37792781922862	-32.17795081452198
2549.9999999999995	1.987671371810341	61.46756260143841	-137.90352052829942
2600.0	1.8874640647123968	74.03428240095687	129.0313244916539
2649.9999999999995	1.754906321248281	73.55073431386246	31.413270316569072
2700.0	1.936985781703209	70.53882633290954	-52.323116628947346
2750.0	1.962007336848555	60.67494986860771	-143.0004742444018
2799.9999999999995	1.992302538767968	60.624511229256946	151.1431176055984
2850.0	1.8667657933890456	66.59730345894894	72.40242857828781
2899.9999999999995	1.9452164265238299	62.46845053784241	7.071748194180542
2950.0	1.735059788379127	70.90053956978588	-33.10889795382188
2999.9999999999995	2.134556444690657	53.99258142475296	-74.9881018481542
3050.0	1.87414599184342	59.96245494624632	-109.25083850223419
3099.9999999999995	1.8937852728840552	67.26032954979317	-130.19002604814852
3150.0000000000005	1.9571868488093127	62.365385897843815	-136.71737458192197
3200.0	1.9719965862837212	58.24739407524669	-128.97308120138558
3249.9999999999995	2.0162411829283124	55.19150833252566	-104.2123519021422
3300.0	2.064031868727625	53.91414998341399	-62.35554777803358
3349.9999999999995	2.025369722905604	55.15347615864624	-8.383531329572005
3400.0	2.0599583393010588	51.43914907023594	53.134864154906644
3449.9999999999995	2.006564648143426	51.11981745059806	142.79931168189063
3500.0	1.9598106025942725	57.73521313584246	-120.14555260184204
3550.0	1.8189330574521743	67.49724511410072	7.119889097599283
3599.9999999999995	1.8429593420752792	64.11434918639456	144.79406453422195
3650.0	1.9664672893419326	53.15931877623956	-49.89779315070112
3699.9999999999995	1.9400707620496094	49.73930880341755	128.6404647750289
3750.0	1.8919450121716734	60.20632838429057	-34.02846404636256
3799.9999999999995	1.9223042719157988	55.00897734450137	174.71635165642772
3850.0	1.9460946071928635	52.23401204310137	55.33002466640043
3899.9999999999995	1.8401861764933685	53.07037858180745	-42.35481456293192
3950.0	1.856396530945441	50.3962514575683	-130.78508038204532
4000.0	1.8929054720876775	53.61258654430387	172.16551463687026
4049.9999999999995	1.9497151463746454	45.30279814642667	127.49354927598911
4100.0	1.6824512147856368	56.31965320777079	106.84958964842997
4149.999999999999	1.999430362426614	48.19199395265593	110.08073386475056
4200.000000000001	2.035448268195873	45.30500497404484	128.7167280423586
4249.999999999999	1.8423684520735122	52.36182919763665	163.49119649137236
4300.0	1.9561256465088634	53.04566300143425	-147.84662959077838
4350.0	1.857509492519357	47.50313305331673	-60.24193536459225
4399.999999999999	1.8485971995948558	56.36305610108977	30.012775126035425
4450.000000000001	1.8803565002080727	56.438704282437726	155.28791256403255
4500.0	1.8807654683941202	48.78939326886536	-67.00905028707878
4550.0	1.8384926764988547	45.076006755798055	85.53005316455784
4600.0	1.8616407183310986	43.265126548614816	-99.94825385630364
4649.999999999999	1.8255797920110899	44.37381247401997	98.09811392566066
4700.000000000001	1.820529755482855	45.97371498646248	-42.314592360094785
4750.0	1.930922557686811	42.865935432760445	-172.12101326784833
4800.0	1.8435561697740737	43.8869317466705	73.59517736950042
4849.999999999999	1.888722348301443	45.962537941634494	-14.045505200840921
4900.000000000001	1.98249505943405	42.25515391294663	-88.37495079015905
4950.0	1.9212387159818085	49.74061165889197	-149.67952528779034
5000.0	1.907341800303273	45.90704195380551	-179.87929628274244
5050.0	1.9349482330357124	38.721037330736536	162.02188584689216
5099.999999999999	1.8848699384844558	43.70442148744806	158.40297892387386
5150.000000000001	1.9327770708372114	50.90847029636892	172.33776152764977
5200.0	1.8342580705472145	48.56090187629244	-163.14556063715332
5250.0	1.753510275269737	43.87082099346902	-117.73933815632806
5299.999999999999	1.913169108001991	43.72907037221491	-42.9022493619711
5350.000000000001	1.8590088524596629	50.93926939196225	25.48051459923838
5400.0	2.0138744710407	33.33326808481348	124.75414851479363
5450.0	1.7823549988548322	42.159997768736716	-130.89063272948238
5500.0	1.816450332235017	42.704638838229556	3.5814328114061595
5549.999999999999	1.773141727399017	51.23049237614342	145.09150058823096
5600.000000000001	1.9575765445092188	41.02522674271692	-58.8603634912455
5650.0	2.060827337350795	34.859325971333114	115.04423549334095
5700.0	1.9819891608155433	37.50835890009088	-66.62993373064641
5749.999999999999	1.9039335661360557	39.576493441466035	131.62190563647664
5800.000000000001	1.8487973865674752	37.20586630407876	-19.454523623031477
5849.999999999999	1.7720033132937674	50.7149909921269	-167.49738067286427
5900.0	1.90372171202749	34.52694085698671	70.88531651477993
5950.0	2.017820626587995	33.186892862525156	-35.648914150237616
5999.999999999999	1.7708822905526262	41.658145544012854	-161.82548892884665
6050.000000000001	1.892532508865232	32.23234126106615	92.71686743737581
6100.0	1.9159510676360758	44.54819690996833	7.536846467439744
6150.0	2.014300652095452	31.58928473776338	-78.05755133280803
6199.999999999999	1.7928791650415028	37.41221850358266	-162.8969101912003
6250.000000000001	2.0645193417342527	19.561663180860165	121.21222690709918
6299.999999999999	1.6352318884654031	45.73483047524522	77.27114713759161
6350.0	2.1299945755661747	22.305073165558746	-111.02418097815382
6400.0	1.7699580683003924	43.91597739090737	33.548982722184576
6449.999999999999	1.7813607041111756	28.15625280767387	-0.6254109153321374
6500.000000000001	1.677632609292016	46.95629416934325	-134.39186974405695
6550.0	1.0775744949578268	70.84387773272704	-57.71965268032943
6600.0	0.6772043914945454	78.88465714274139	-59.59394419336888
6649.999999999999	1.333613063208732	59.827351230844506	-178.1937232965372
6700.000000000001	0.6055230887033878	83.13632006521101	-169.9358476177189
6749.999999999999	0.6442400544561675	82.09980472447171	28.63358996423532
6800.0	1.256929718505248	48.800775536523425	-129.82356809246795
6850.0	1.2014942325498108	60.58794125677965	-104.58633462523771
6899.999999999999	1.4033281182511292	52.564566248054874	162.35473578553817
6950.000000000001	1.0658613280892422	64.9995367911793	119.91981378970416
7000.0	1.1169509101340733	62.19772136008724	-52.298533329222906
7050.0	0.7700996210309726	73.51502623963239	-120.69913813965582
7100.0	1.236690077963997	55.348463379247406	106.44889017808663
7149.999999999999	0.7628164466773197	74.89782232817383	76.66735496571087
7200.000000000001	1.0215160323767585	58.276091625932004	139.54949114659823
7250.0	0.6323510619154802	74.53701421414799	-140.28519361748985
7300.0	0.35194056730569157	105.54964610563971	-6.415698991789462
7349.999999999999	0.46893601428000425	85.98688533185882	165.16576013655262
7400.000000000001	0.657067485798351	83.99786043532644	39.96930784885348
7450.0	0.9944339340861388	58.24773102311981	59.87842059109063
7500.0	0.4957160858827079	75.7896455428326	96.41831782984332
7550.0	1.3924746955972644	50.06375661023281	-39.60422135429037
7599.999999999999	1.5110213153815213	42.014972133678235	97.45667460869811
7650.000000000001	0.7567739346484393	60.21352779639233	86.55630200127719
7700.0	1.400258402663726	42.24323628521737	76.15514295716214
7750.0	1.331298449205444	41.56709801476006	-78.88634646159474
7799.999999999999	1.4252842083848543	42.42388140924268	84.69105329691406
7850.000000000001	1.1285515783701734	54.28975404937451	-118.9591756487267
7900.0	0.748026183390857	67.84957526758144	61.49288777816865
7950.0	0.7915358204903901	72.77947005389923	2.4721892832957675
8000.0	1.6532574676178093	34.94061118351563	-42.34725784958179
8049.999999999999	1.1654162736548193	45.706717312546395	-41.91739460519301
8099.999999999999	1.0163638779091249	48.766066916031875	-30.898824130119113
8150.0	0.6705546092231768	64.68562196871896	-149.6287476773459
8200.0	1.388950314050617	48.15276412524482	1.8731986575124915
8250.0	1.517828107729889	28.427534577816505	-0.6052498784024076
8299.999999999998	1.6267891162735146	38.685547347455525	155.47891130336563
8350.000000000002	0.863248017734161	63.06632379797081	-158.47225645410347
8399.999999999998	1.325074954442991	53.257793973558194	51.34872667555411
8450.000000000002	1.3718120435599734	51.87184519192024	38.637684968613385
8499.999999999998	0.7927051276656903	64.13064099678903	-11.806108532797015
8550.0	1.2398263735199975	44.233774544557576	-20.845202958953898
8600.0	1.7765443386599251	24.72407417911342	164.64169707442628
8650.0	1.5022877022115686	47.807793817638704	6.1572850824331695
8700.0	1.5216503724758879	21.43946356126454	-143.93398423648495
8750.0	1.844676912180874	16.13418822969779	87.09838609743876
8799.999999999998	1.603379094585722	27.175664034616872	21.086980410826506
8850.000000000002	1.8201848182812619	13.615937452682964	101.28294122615505
8899.999999999998	1.3649785419370741	35.80587516460232	-11.547161467768364
8950.000000000002	1.8181337397128436	11.76581613374771	-69.88446030314277
9000.0	1.4878012497709703	29.472680181006936	-4.108097634587802
9050.0	1.5399674131752714	27.26456653736841	-134.0549722109181
9100.0	1.6838653205463645	31.53880877120794	175.12013645503458
9150.0	1.8752234490733715	12.874008791165744	112.13148609389833
9200.0	1.5886038620594247	17.285491801489133	-111.4284698280479
9249.999999999998	1.087585554570786	39.58632082951626	-17.932725202066283
9300.000000000002	0.5965397287443696	52.97392857883826	144.68741579778347
9349.999999999998	0.7250201464537466	42.36725135569874	63.058995315040065
9400.000000000002	1.5253940525812515	28.318623434184964	-24.651487131998007
9450.0	1.0674369883032593	50.7375533648498	69.51114432879668
9500.0	1.023097618638316	49.50644381465833	-92.56462926822219
9550.0	1.3110857416179418	45.35832196371866	-126.74298001051146
9600.0	0.7654562547930511	55.353781579945874	-64.94203222134846
9650.0	1.1603911249418624	47.217103469253956	-87.10487838895932
9699.999999999998	0.5214965996330926	32.65596583462922	72.92729669821972
9750.000000000002	0.41756268391206286	22.41720597098727	-93.98694461746949
9799.999999999998	1.632007234107989	27.49068086325398	24.15028869785503
9850.000000000002	0.36566891805918383	64.03198383819614	-119.03787397041482
9900.0	0.41389739428173067	56.08140930033008	-157.8761025681377
9950.0	0.2586082124315149	11.040755914345278	81.75342980580601
10000.0	0.2978701045671591	44.39607469104015	23.84477863118325
