0.0	1.5020337777855512	21.3145331711671	0.0
50.0	1.1856451900087903	21.43048091479156	-22.647273348548076
100.0	1.4575517204995403	22.402091135400195	-36.56147229296845
150.0	1.2855000000464964	25.38932961503781	-53.71472112443546
200.0	1.1763443327618175	26.0340735599664	-64.40618188056985
250.0	1.17612082079283	25.284568121194123	-71.8936416387171
300.0	1.176356475373074	24.926139631043903	-76.21656701516252
349.99999999999994	1.1915027089211727	24.158569113097347	-78.35137733779779
400.0	1.204972689082707	24.144479407606532	-75.06423556127467
449.99999999999994	1.193157126639478	24.94544158244914	-70.10404710157843
500.0	1.2198908209028554	25.11864188238426	-57.28207388047221
550.0	1.4813440109873446	22.760360360693035	-42.855437871338204
600.0	1.3184539161723527	21.16898390369838	-25.046318242416138
650.0	1.1398082876845648	18.853563164733323	-7.620600296511235
699.9999999999999	1.267874199589357	20.721652800854205	13.109982745801197
749.9999999999999	1.3063960754802204	23.558569660440273	46.58065805893481
800.0	1.1927827685361085	23.251417434654762	82.91926517601001
850.0	1.0472398385703046	34.82315753589112	161.54599166396568
899.9999999999999	1.2045111767604335	17.076484300799063	125.11146663670615
949.9999999999999	0.682736925644474	16.825608865378268	100.63068086245843
1000.0	1.0823030172143437	22.313934375713067	64.32571947643602
1050.0000000000002	1.3713384257372732	13.73301859631825	137.4204517033489
1099.9999999999998	1.520758303749865	10.624588939082603	28.004246424970653
1150.0	1.393726401801364	27.53241457300042	-16.815965949655634
1200.0	0.7676927638373535	21.73763655253586	25.619180205351647
1250.0	1.2765970549034962	10.465455014634733	128.35020239814756
1300.0	1.4683973796256122	17.04560431046208	37.35043987272362
1350.0	0.6490223838699991	37.49277881408531	150.96684149994817
1400.0000000000002	1.515917418954079	17.511369852972862	166.16256996402072
1449.9999999999998	0.7485667726627151	25.404120431564582	168.08083547731783
1500.0000000000002	1.514970973267265	15.417834490348579	175.45492678948816
1549.9999999999998	1.3290096940573224	11.86503074848741	101.0797683805828
1600.0	0.818397351697888	29.754500623441547	167.9931101201087
1650.0	1.1746485977054746	16.76624103020704	-69.88104017854293
1700.0	1.0760053781431167	33.93615082705205	150.33310421339937
1750.0	1.0839001948747449	16.56489153461365	-59.87408790029054
1800.0000000000002	1.284340335863065	15.529716460083886	-148.8138881006618
1849.9999999999998	1.4039211509298883	17.433411325337076	-52.17229408526601
1900.0000000000002	1.3707905771668676	26.60694128006125	112.32458608319779
1949.9999999999998	0.9449711833515446	24.448787377223987	60.72768335537171
2000.0	1.0261702440520053	28.937537383707536	158.55221756704074
2050.0	0.9397643157357712	36.09481083442214	21.85563043601632
2100.0000000000005	0.7242820819585588	22.383799825210314	-165.17283008781348
2150.0	0.6952856316185214	24.230700795455213	-179.17821563768425
2200.0000000000005	1.118364088175715	17.007809214721558	-142.2045803712358
2250.0	0.46702252509402775	28.231779359717343	-144.0070515823681
2300.0	1.3257792144463336	5.394858849115569	-9.161197562799055
2350.0000000000005	0.6578372734656225	14.34366144467653	-166.04752266164596
2400.0	1.0112370346921895	19.486499249258998	-174.33070839985686
2450.0000000000005	0.9023804240231534	27.648758963501624	178.25170963980932
2500.0	1.17108611010654	6.320024108616774	78.21083314986099
2550.0000000000005	1.0274078479999582	20.314192616831285	102.06168835385003
2600.0	1.5344331513154141	8.676724375622772	-7.647541909764916
2650.0000000000005	1.0807402079941628	21.0997276209897	118.92381332178266
2700.0	1.2373682324425284	27.781016834875736	145.46784744110454
2750.0	1.2233634731169263	17.63227192964522	-119.20654580946228
2800.0000000000005	1.0851488847194468	20.64930819444159	-115.6439860226004
2850.0	1.196277747104939	4.9899788477974525	107.39216535157642
2900.0000000000005	0.9444943313801059	14.752536168042734	165.55478251578916
2950.0	0.5018745822006895	21.43651406290277	40.502403588407496
3000.0000000000005	1.4564198872635818	13.111051305697565	-102.081522382286
3050.0	1.446607863496435	15.271159658383338	147.99996987732672
3100.0000000000005	1.4541300323836412	4.659563855714743	35.060320666725886
3150.0000000000005	0.5923910476831779	22.066365524607438	-163.66073386763154
3200.0	1.2996267968126392	19.473517797043	23.571933763039517
3250.0000000000005	1.1290115819273274	23.31060676871224	46.60840735011936
3300.0	0.8142343705957352	16.00503710554273	-79.30795070319718
3350.0000000000005	1.0281130915755965	20.21563336277985	135.27758859045395
3400.0	1.3208924281837395	19.83369697322329	-87.81709085746532
3450.0000000000005	0.9844369979736476	5.164360493402358	-13.443870095831642
3500.0	0.804221927090004	26.912854855514677	-77.69219459971765
3550.0	0.984166714780687	21.072778338711007	49.51452141292695
3600.0000000000005	1.3399707980511883	15.248533074490162	-95.33635497876438
3650.0	1.2378320601429365	12.691401590129294	-108.78009836382171
3700.0000000000005	0.9661744028102524	21.748612059632396	132.99904527360803
3750.0	1.109939466886338	4.844765439122742	99.14355677677746
3800.0000000000005	1.0441457280113269	15.170712802708488	178.41782459707454
3850.0	0.9545426198727596	12.181486999811305	-49.20457889589957
3900.0000000000005	0.8907084896061931	25.28018640855845	147.71530051331817
3950.0	1.005250593065276	1.8537564121617198	-95.33490300359836
4000.0	1.2109852525594014	13.509599657952464	-37.62289589678807
4049.9999999999995	0.7195868096492023	22.425500346201122	-160.31411085101257
4100.0	0.6882384550085725	19.28669025078091	-84.11550354656153
4150.000000000001	0.70096306465035	4.435863215093371	-43.346816622472595
4200.000000000001	0.6199026929868894	9.510739345574871	84.64604296141648
4250.000000000001	1.2841549442625972	17.58573325554889	-8.725518522527889
4300.0	1.0752011531010335	10.476451316493963	-113.24768818035336
4350.0	1.3992339387681823	3.6295591250352826	-90.86461012112382
4400.000000000001	1.3859946316664162	13.137793894412177	-57.17004473794915
4450.000000000001	1.1932490151587098	25.512391868950907	-33.31699294739238
4500.0	1.0776514929283523	17.52220171521449	110.5979899138499
4550.0	1.238719091031643	13.72569752569929	72.30532607938825
4600.0	0.7908266071211552	26.79073321910163	104.80647213059525
4650.000000000001	1.1054413326100154	21.095207591306295	-111.85132456610114
4700.000000000001	0.9285911885001934	30.245104987071983	-136.97002578867483
4750.0	1.2048512198246784	13.632775235593208	30.71077160142121
4800.0	0.9789319738905754	20.81179485590931	-149.6777024182378
4850.000000000001	1.0395877907507924	15.973529731974253	-16.331229473864955
4900.000000000001	1.2406169567067589	9.231916633157951	29.16740987766988
4950.0	1.1264553574092078	15.876211456396964	70.86929524789555
5000.0	1.3757733734543227	13.627878880963113	149.76010752686102
5050.0	0.6924870284293466	24.8286590883558	-6.684845324096415
5100.000000000001	1.3408416840463466	12.51020623311231	-74.96812313189915
5150.000000000001	0.8573578916018105	14.467655012999886	120.99505333977368
5200.0	1.0654093913836575	18.45859434407066	-29.659885435604973
5250.0	1.0055937841288975	5.308169831752085	19.19419223239388
5300.000000000001	0.91596992322607	10.14337692232308	151.7700987376211
5350.000000000001	0.9441102511434407	9.690292951860782	91.25367959886108
5400.0	1.1263781577748715	22.25959142521034	-29.865899196003454
5450.0	1.0397787499002176	13.51417529611391	48.41516803432523
5500.0	0.6728287201797444	15.09252544333583	-88.1776079842749
5550.000000000001	0.8026031195749737	23.507155888166267	51.263560508143065
5600.000000000001	0.7635447168562418	9.88421601302331	121.57945245951267
5650.0	1.1761188125345798	19.760739929963734	158.35550143041263
5700.0	1.3286930231091407	9.375159669297997	167.70854103461517
5750.000000000001	0.7152273041813377	24.66050672449691	10.762949469362242
5800.000000000001	1.3232113396890655	14.033155818600822	-143.2360488327837
5850.000000000001	1.3414511563494627	15.288953577768329	106.07304176386548
5900.0	1.0444960001344967	17.616618157794807	-88.88788476488142
5950.0	1.161538906685102	13.839306462344316	142.83341851648686
6000.000000000001	1.1320593816905116	15.382757041042083	-9.710761277118445
6050.000000000001	0.6543039932773083	9.544669405832023	-14.66420274370435
6100.0	1.1222158972359437	9.011424175908152	-134.35807375839508
6150.0	1.2294844474058177	15.334832115058065	156.15529375704165
6200.000000000001	1.1307960263919596	14.924413849782674	-48.64812243737329
6250.000000000001	0.9633439163431348	24.645045468799918	-132.48909238711929
6300.000000000001	0.7973471574433094	25.92442507214626	-140.39917678421227
6350.0	1.0221750581197775	21.098942534484117	114.0507538099021
6400.0	1.1894689328744013	14.76602185427694	-96.16282292827643
6450.000000000001	1.1687115914990744	16.271475103442548	93.1585346383283
6500.000000000001	1.0400502520391919	16.307585002278635	-104.66512463059082
6550.0	1.1414127765010633	21.04713551490614	-49.199839847847386
6600.0	0.9760778711025013	20.35446944255219	-116.36910263109488
6650.000000000001	1.0751792733951375	13.266531244086883	39.58797259669402
6700.000000000001	1.3167684672215194	10.66656636234352	74.03056610040926
6750.000000000001	1.2730301312937515	7.669763739470655	-29.974698265425477
6800.0	1.067355075569688	14.165010198542177	21.109819778260572
6850.0	1.296054080554434	16.285881087500222	32.95055082822817
6900.000000000001	0.8076170940988854	2.9810032442905565	97.1936275384618
6950.000000000001	1.2020153045993365	12.575205881975814	-152.2763246318357
7000.0	0.8023566813178712	11.533432474786197	102.13709727997865
7050.0	1.0808501963711266	6.923348958583929	151.52644672078924
7100.0	0.6898504440433488	8.007765284885613	6.101658055489284
7150.000000000001	0.9347850422076592	14.843288749266947	-96.66857270483969
7200.000000000001	0.9834104982714634	10.984719218009667	-103.64326292333473
7250.0	0.9649243891309199	14.657569346546083	22.186185161079795
7300.0	0.9364687322802661	20.301878775645225	-22.63963078029423
7350.000000000001	1.3603979748861394	6.572822191353223	-81.57002253571058
7400.000000000001	1.0452250739616913	9.256951206238469	61.60182567897592
7450.0	1.0419505303672574	6.691987269020217	163.9728935176751
7500.0	1.0986593784833292	12.023867599421138	-178.4865088124261
7550.0	0.8046281575829787	20.288344620474227	-173.64499040793876
7600.000000000001	0.817803805555913	17.947362592081163	-89.07633965382136
7650.000000000001	1.0597553900224819	11.903416491544053	12.099663139214877
7700.0	0.9279854490888015	15.006642014284612	-81.7504579192003
7750.0	1.0481799354722046	12.89871087229476	44.812837186963634
7800.000000000001	1.0563657075628436	10.42848560878503	33.83460212995962
7850.000000000001	0.9484731737723612	8.249304524221001	-19.168150643658766
7900.0	0.7907427207017508	18.180513083323937	-151.09580084427208
7950.0	0.725417399455059	11.591911377073165	45.98474917826925
8000.0	0.8926657180398955	14.322070173434494	-23.825104627967477
8050.000000000001	0.8195347979065472	8.25412504237565	-7.289060723022305
8099.999999999999	0.6559135934253277	10.769823963423066	91.42153707266536
8150.0	0.760427827506856	7.124541051819567	-141.27042991142514
8200.0	0.6929038125456068	8.47369191466455	-127.6450125406905
8250.0	1.0717040710958035	7.1536832516419	174.92176956319008
8300.000000000002	0.8583067641044889	16.110884557384207	29.430410133766554
8350.000000000002	0.8756376968137779	18.32735953405588	115.35033361669458
8400.000000000002	1.0376808745259167	2.2620305056104963	150.26366048786204
8450.000000000002	0.9660053047539231	1.2108557030808185	5.847548422583946
8500.000000000002	1.1193829109160027	11.304306160876955	19.968421143151783
8550.0	1.125967492931989	11.347129386423882	-170.5239334139485
8600.0	0.7002608054351239	13.71936763555491	26.39235578089545
8650.0	0.9313145092666446	5.837567126612596	95.89203052812525
8700.0	0.7903402768669103	20.771283870575903	10.28867910641887
8750.0	0.7737553065149178	13.768614918279916	-169.84920907157417
8800.000000000002	0.7282657198377331	6.830981302031395	12.927810885722199
8850.000000000002	1.0358986920296729	14.523034105929261	40.22463554705952
8900.000000000002	0.9794132347054183	19.195549365540327	25.26545501623922
8950.000000000002	1.1187928089548425	15.000278174837788	-128.81802716337793
9000.0	1.086674247775394	7.911692896096918	-24.17766298987185
9050.0	1.0062086241035975	17.024750647984526	132.5821243195008
9100.0	0.9583688276792046	13.41577253057881	-162.93119843611774
9150.0	1.0685082018298864	11.349455783915765	-158.77721587840296
9200.0	1.0301229407351504	8.31756977744548	177.45338408070202
9250.000000000002	1.3231625929134196	5.444196103099175	106.13296259655313
9300.000000000002	0.6797095547131294	12.309069556999965	-66.65381232690852
9350.000000000002	1.1533690367689227	10.821726662534626	-114.372199750529
9400.000000000002	0.8539099049987303	5.2223641118950646	-62.33808811080272
9450.0	0.8407859677375423	6.348217896828382	40.126685631720726
9500.0	1.0112873336225967	8.686641277643167	22.597362659336856
9550.0	1.028043398430581	5.92327638720063	-9.203369203331757
9600.0	0.7621275176260438	11.89244559782164	14.493160979820981
9650.0	0.8404316531477558	1.0123842060677815	-69.02912464189164
9700.000000000002	1.1696176093449517	11.289528708029877	124.7545857332742
9750.000000000002	0.819855947237632	14.623222706902512	-147.64657669933214
9800.000000000002	1.3121283145943836	7.559349790914117	-153.44828497465818
9850.000000000002	1.0618824654632246	8.739550344334598	-10.501726239574795
9900.0	1.0038046366782563	12.949651940706234	157.7431357847477
9950.0	1.1020156683279296	13.34898780490392	39.7174351272523
10000.0	1.216121996858747	14.746284054412373	-9.53528587692468
