0.0	0.0679299935763289	67.28558811305538	0.0
50.0	0.6725245263517259	73.03770468792136	-89.92480989425374
100.0	1.417878879209602	45.817525958122644	108.85180385071587
150.0	1.499622797191098	38.377559391915355	-45.38089137629576
200.0	1.3043780966866734	54.47440263868935	-43.16676815318112
250.0	1.917046816328289	28.42801970831268	72.98533121561081
300.0	1.5944082763569356	32.28076727762864	125.01490359421238
349.99999999999994	1.7641755979410472	35.71476021787855	0.9314516461294783
400.0	1.5913349514562658	46.497495673870766	-28.650065460961354
449.99999999999994	1.3881904496945914	50.054572936278625	-176.36428720812714
500.0	1.915660987086723	17.62339944087657	92.89640835826947
550.0	1.5171409015200839	36.31024693158375	-174.72608676542754
600.0	1.6726528741550255	22.168628496788628	-10.193351654174164
650.0	1.4655534814693327	31.20619290538216	-8.171744700805014
699.9999999999999	1.4818064984025	30.207451881293455	-64.4918670769474
749.9999999999999	1.763380622680641	27.333446873125315	87.99514391095302
800.0	1.6328949440792693	23.193874194809528	167.9835300899293
850.0	1.7389968553042157	37.81404959059586	178.7704025847164
899.9999999999999	1.901313670312513	13.009635877664579	-163.94573760373157
949.9999999999999	1.4483657520308735	33.91008592378339	-59.56089643533594
1000.0	1.7931876164077394	14.745482919783743	84.45429858734308
1050.0	1.5433653353208725	27.851800661731133	-130.34047321273533
1100.0	1.4989446742254569	37.384518109664796	-17.357728954962038
1150.0	1.7751444046108806	22.499066257440486	164.62915336813182
1200.0	1.3493960637807954	44.870680635270105	76.2023038791845
1250.0	0.4738945733171319	68.0516295661164	128.32578326480433
1300.0	0.6143996251369566	41.38193488913581	-8.556486135881016
1350.0	1.0972109515135937	40.93677282164971	-77.55345189495675
1400.0000000000002	1.3634178028474744	51.85294586256013	41.54581450618336
1449.9999999999998	1.0060712330598067	38.171271828550054	-134.23895055175262
1500.0000000000002	1.389341383993311	39.84026868756491	156.29093889694585
1549.9999999999998	1.2746713144961868	48.35527339959157	-130.90627746805407
1600.0	1.6856585231566923	12.384761905314718	-114.16225717870347
1650.0	1.540414781350948	20.55010174916366	129.13647095157955
1700.0	1.1852442899174838	46.904131585201206	163.67769622317536
1750.0	0.8508827242591869	52.726719676289	-63.38627283340782
1800.0000000000002	1.3930813338829666	43.04755386267825	26.54144612933739
1849.9999999999998	1.6315937948482537	34.262156878560575	-130.87095398727058
1900.0000000000002	0.9660215634794236	46.65555681622623	-72.54980419233942
1949.9999999999998	1.5004055571503416	28.935754444754572	-10.230538895893371
2000.0	1.6373504603356268	34.370342566267304	91.68143389681285
2050.0	1.3169239856564476	31.700370965122747	-97.88470277588523
2100.0000000000005	0.3073231563221698	58.76492424403876	-19.659480472869145
2150.0	1.6003976443567687	27.478209871225953	-60.70982863986519
2200.0000000000005	1.4821662124369348	22.508161534312258	132.79990110658292
2250.0	1.2863328436582593	45.29137959075948	58.7063773615716
2300.0	1.3764766034149158	44.52271590651145	14.23446650690718
2350.0000000000005	1.2973560890148412	43.69618342339386	98.51649564328179
2400.0	1.49499550558688	41.53532369545917	-66.47985730299384
2450.0000000000005	0.8656576326996155	56.4295821984687	107.39354330253559
2500.0	1.3284408236309517	34.26082710708741	-75.31467478284969
2550.0000000000005	1.0376644212200201	44.976183188891824	171.19123762539184
2600.0	1.459730189282108	31.226955737361152	132.49496933666802
2650.0000000000005	1.7042569781173502	23.264491696749054	-119.09145079100466
2700.0	1.342153509107547	19.825205893407716	38.700339067606116
2750.0	0.806786051851407	34.1500155887469	49.72234185806232
2800.0000000000005	1.2733864160801722	45.677663079261436	-43.47323505896693
2850.0	1.1118394033175902	33.68960734030182	105.28187353102481
2900.0000000000005	1.56912484170327	21.946459798154127	11.82513958395891
2950.0	1.532615333387088	38.347782001730444	22.06746594423987
3000.0000000000005	0.5223403841372585	30.428750375588244	-92.056041504794
3050.0	1.1996117966858066	36.2976899591445	-35.62981664637084
3100.0000000000005	1.2915514578854406	36.845690610248134	129.2951025220712
3150.0000000000005	1.44447362926698	36.60732425684838	-100.04924455283962
3200.0	1.5535041459682561	28.143064927704437	-140.6802711443104
3250.0000000000005	1.5608458338069182	23.150108774769457	-67.18822222804198
3300.0	1.3141434793334341	45.17225642652603	158.67079744695104
3350.0000000000005	0.853394786485014	52.079406011202366	-56.42115913078264
3400.0	1.5677608430549839	21.135280502032927	34.80570855734078
3450.0000000000005	1.3913402217515445	39.25349975050596	88.09755674046357
3500.0	0.6444108848138568	29.54106499106845	36.68002568111756
3550.0	0.742724187119535	51.69441070412337	165.19654282206798
3600.0000000000005	1.4181983751379672	17.889835036108902	-147.86751431553526
3650.0	0.965745849501628	34.65313251504719	-179.90438400007832
3700.0000000000005	1.060336256057717	42.85953723202445	47.77780217806525
3750.0	0.7257707951471011	39.80771040668671	60.740607031410455
3800.0000000000005	0.8311164192466145	43.85756930894517	158.4373013175106
3850.0	1.4072290166062804	32.68410306081595	2.904003794670532
3900.0000000000005	0.5182742414704011	18.618904817953638	-13.95146148933769
3950.0	1.607569600545525	24.453806057595923	-122.78148462687554
4000.0	1.4742505389059366	31.719349547735458	-3.814627766503537
4049.9999999999995	0.7775808154824587	47.04250789180707	47.6451288899801
4100.0	0.7551266380608636	38.910115443542296	66.2484356171008
4150.000000000001	0.470476742977968	36.21739871313854	43.354413208511374
4200.000000000001	0.7667757342350222	33.51156072624053	18.96857554734907
4250.000000000001	1.3591034517522007	37.20277168763987	170.22230763068225
4300.0	1.3945980890520029	33.83486032638543	-153.84212727529945
4350.0	0.7096906916170571	41.31068594483429	127.051065268601
4400.000000000001	1.1147137901545414	20.517064744182996	-97.41334121613981
4450.000000000001	0.7762106828717382	48.03740461547645	3.412082562596642
4500.0	1.0568845155272628	35.31169841537739	140.19607828261448
4550.0	1.2698004425004321	33.59046399046643	-108.67163608725575
4600.0	0.6108179886364019	46.80513889256896	-92.03052918210295
4650.000000000001	0.5180973632831152	47.56972484462126	116.1423879275615
4700.000000000001	1.23780207387507	36.69550921045398	-122.29114742614637
4750.0	0.7764347948423582	52.85563280878706	179.49984776822984
4800.0	1.215582589080352	30.449495520583728	57.21451578541255
4850.000000000001	1.4731510549586595	20.01167096992934	-11.21567128231275
4900.000000000001	1.1075790233570977	30.736276623040165	-43.594933316795576
4950.0	0.763195994088206	33.946204491971045	-110.34603389665102
5000.0	0.9392465184547998	37.10029449670954	164.22155185912433
5050.0	0.9902303385315754	28.83748536838543	105.9140551902166
5100.000000000001	0.843639678904031	31.5610496955415	-144.54543816885783
5150.000000000001	0.8550201491375458	6.639114777418217	-64.99486243805248
5200.0	0.5817133021931822	9.324190094162423	168.86814112044826
5250.0	0.9166978883542048	27.471575691452493	-23.018430663840988
5300.000000000001	1.2412325142690503	25.76940117503952	-35.675457152093955
5350.000000000001	1.3997919337060587	16.441392249296047	143.93322295533227
5400.0	1.1707287640990423	22.808376107813157	-60.22784083289044
5450.0	1.1676895906872025	24.57781910890515	-6.111474453241706
5500.0	1.5444574796590462	23.09366952481882	113.63689453158663
5550.000000000001	1.5752845931471362	16.343425754917135	-85.69388414443598
5600.000000000001	1.0034856051911514	18.84348268442191	-81.22829553028244
5650.0	1.2837860801940075	23.973587641860515	127.60417490741987
5700.0	1.1480271559601174	36.213222012844554	-162.45373689927757
5750.000000000001	0.7328229915931211	28.94692736882562	-17.251725822404627
5800.000000000001	1.194193712322804	16.90443540714186	-76.99676635351254
5850.000000000001	1.3247064829647588	12.620615025288664	109.78480147195805
5900.0	0.4679636257968032	32.8669943912242	-29.733096387134665
5950.0	1.050038581581413	28.87385491319581	-40.90121220191987
6000.000000000001	1.3804401764498158	25.241666214326273	-53.94616949088879
6050.000000000001	1.0282137646861722	32.525637222828614	-113.15436855933986
6100.0	0.8126939917688887	19.36235964142374	-104.64421534853096
6150.0	0.47651564147878833	13.172208658958441	-47.428151513288576
6200.000000000001	1.2463605283519799	23.7541121572694	37.97268260506185
6250.000000000001	0.8948024675854136	16.49410198360954	61.78730372206731
6300.000000000001	1.4213799132883151	12.168391071166406	150.80607739530544
6350.0	0.6996301031816476	34.14973814213611	-172.00921354123867
6400.0	1.265659241640426	24.193225095833448	-68.08296739465614
6450.000000000001	1.2383267288171715	13.551731440682905	29.081484126400156
6500.000000000001	0.8741636966950338	15.858489726094888	39.7757903779512
6550.0	0.8349243659538346	22.38953190749239	24.692494088216733
6600.0	0.9433477592020739	17.494619457372103	126.19366789412838
6650.000000000001	1.3047800869161872	23.790386519677867	168.63262508898123
6700.000000000001	1.1898149252779793	24.18998021469637	137.623060714301
6750.000000000001	0.726079536627592	4.224682267065973	10.856961815163865
6800.0	1.4887942517749952	4.072864924876953	-94.75417454532811
6850.0	0.6445686778144073	25.609262252890463	-176.63839565759116
6900.000000000001	1.2043114623233742	11.708082481140739	-61.839531319964756
6950.000000000001	0.9913967552856433	8.834616246522282	100.00194590626398
7000.0	1.2004542681303483	22.21027405915972	-60.28568114611533
7050.0	1.4103891495172765	1.2190963246146707	88.73945556710267
7100.0	1.3480886972062343	10.157887300495805	-156.77003038643835
7150.000000000001	1.3965070427900956	13.535162892064983	-42.832861096406134
7200.000000000001	1.232702411528782	23.839716120408795	-147.79722699675668
7250.0	1.191634924531351	19.024799761072515	10.342613054201934
7300.0	0.9141121112681928	27.704835396767862	72.90511716302687
7350.000000000001	0.8044575452419527	24.31425982045209	-46.37854648388878
7400.000000000001	0.6303825388349524	30.117963007019583	104.89226470234429
7450.0	1.0386490084278146	16.37594207511431	160.44335823745763
7500.0	1.1828493018006754	8.87590517652647	-111.50216452549654
7550.0	1.1297483873418996	28.809862684619475	-5.642276400819322
7600.000000000001	0.8623763824130606	2.469959425547653	149.209485723229
7650.000000000001	1.0320298621942603	17.664719350840343	-154.8950707409736
7700.0	1.3215321829393516	19.76143885400092	30.475660539284625
7750.0	1.0275247358980761	10.006461577535545	-10.797544129961727
7800.000000000001	1.3254592909481835	2.149881413695326	77.5500413100207
7850.000000000001	0.8289291950727827	12.598677785951617	-161.46904300786662
7900.0	1.2211597613162184	18.575126871143045	-54.21936727957831
7950.0	0.9463620549406458	16.227386352697703	120.06820634371272
8000.0	1.0822916512705851	16.48819318678022	41.07845338247211
8050.000000000001	1.414413267401524	20.166044122659773	-56.3526124994025
8099.999999999999	0.7371626158416892	3.759745254091972	-105.21737578140993
8150.0	1.4137237762876713	17.397614742797924	38.606521487594264
8200.0	0.8481593111491335	9.753544219044636	31.88421586938025
8250.0	0.9065719225106883	19.10878788439855	97.31809161774633
8299.999999999998	1.3998618542004964	14.262299710673101	131.11858258184063
8350.000000000002	1.2115634189601643	13.625034245893213	-86.14824445736186
8399.999999999998	1.4290904185906088	17.288146301462813	159.72934512299847
8450.000000000002	0.799611432971239	8.224875558480825	-45.28797222680908
8499.999999999998	0.5896358525727864	6.694446225861927	-43.464744291183784
8550.0	1.2048244239437327	7.434726706058565	163.7360872078722
8600.0	0.9891388299881553	14.804191233122632	43.210070999504644
8650.0	1.3855978689755384	5.602196691664793	-173.6639986586377
8700.0	0.6334549147525556	28.14530212912795	178.23400523750965
8750.0	1.2482695143015103	1.6612332013654758	-63.83661410095546
8799.999999999998	0.7501160213504484	30.47630046913067	-159.0857734910115
8850.000000000002	1.4246664450612152	4.1723479291353724	-125.65999424231907
8899.999999999998	1.3918576813502046	2.286561511147048	110.86267272149063
8950.000000000002	1.063604789701405	18.034347685807507	124.69136166625218
9000.0	1.0214775676056482	nan	91.18607938994013
9050.0	0.9293995915714257	19.057402960944646	37.89049827918078
9100.0	1.221349943563263	14.592966863544905	123.88592563573687
9150.0	0.9369125152767416	17.109103760173603	83.59623028453201
9200.0	1.019282560305791	18.258101502224093	172.7136601882304
9249.999999999998	0.9148536667766218	28.9402377190171	99.90292610513266
9300.000000000002	1.0713828320155159	17.280086997395564	-150.22683808252313
9349.999999999998	0.933083241189397	25.38413245730547	102.83817037606374
9400.000000000002	0.8896020404884556	23.1507692770326	-42.64542525195633
9450.0	0.9641545940785916	23.603082194231902	-148.48869771947977
9500.0	1.379357596024929	15.320825868794087	-112.09866537546857
9550.0	0.8733665693326794	18.904775154488586	86.96045434585331
9600.0	1.1397793895923214	15.76058393373204	-36.19542418178791
9650.0	1.1236900172953685	20.5467096821454	-170.8356870165128
9699.999999999998	0.923260592532809	26.181015971267144	167.2830097578577
9750.000000000002	1.234756513716864	11.723076073802432	-155.28741944927296
9799.999999999998	1.0940588209331383	8.54115166511158	-109.6661796228192
9850.000000000002	0.746096616358282	17.1083466148867	74.72677965865707
9900.0	1.2676412484528237	18.751868091887538	-74.0705848374912
9950.0	1.2909042813956468	21.292648897794614	-119.8109640990075
10000.0	1.0997633459248435	8.823166394888082	-29.512749638829384
