0.0	0.6888857250244615	108.1184837276833	0.0
1507.537688442211	0.655434057492898	103.38952868369572	1.1309248545051015e-05
3015.075376884422	0.6278126939556293	98.47393704858888	3.82212345733772e-05
4522.613065326632	0.6058245187547152	93.43304751811138	7.538272717005826e-05
6030.150753768844	0.5891893888484043	88.33869707067967	0.00011516126784847284
7537.688442211054	0.5775432144210301	83.26742045050202	0.00014933498398347848
9045.226130653265	0.5704478522368558	78.2936488637366	0.00017090748216323952
10552.763819095477	0.5674104065510241	73.48336121701001	0.00017565010774510983
12060.301507537688	0.5679082211771918	68.88946812630289	0.00016303435607739524
13567.8391959799	0.5714148690609349	64.54958551978224	0.00013635205435927076
15075.376884422109	0.5774230177041667	60.48611678046784	0.0001019944684746302
16582.91457286432	0.5854616326755724	56.70803608640411	6.804887896513743e-05
18090.452261306535	0.5951067554916734	53.21358294815372	4.251751433684027e-05
19597.989949748742	0.6059864422145219	49.993174985366636	3.1553788735132065e-05
21105.527638190953	0.6177811598309325	47.03207448122304	3.8103908473469694e-05
22613.06532663317	0.6302211006604456	44.312577785884294	6.125701837167178e-05
24120.603015075376	0.6430817040487588	41.81567026299456	9.644784308992927e-05
25628.14070351759	0.6561783673928344	39.522191055581835	0.0001364639157666634
27135.6783919598	0.6693610137561631	37.413596359880806	0.0001730357366495861
28643.21608040201	0.6825089222299264	35.47241806313785	0.0001986574852713233
30150.753768844224	0.6955260361489666	33.68250452726646	0.00020823812125827251
31658.291457286432	0.7083368368734062	32.02911344502915	0.0002002216320670377
33165.82914572864	0.7208827926805016	30.498909331122213	0.00017692784062123867
34673.36683417086	0.7331193486567354	29.0799034468062	0.0001440444946849292
36180.904522613055	0.745013402296103	27.7613619339902	0.00010937497191617185
37688.44221105528	0.7565412021091091	26.533699375428405	8.112264111878828e-05
39195.979899497484	0.7676866070587762	25.38836853301443	6.608180776596011e-05
40703.5175879397	0.7784396493063976	24.31775290314379	6.814224956706965e-05
42211.05527638191	0.7887953493366943	23.31506561877366	8.743264779412117e-05
43718.59296482413	0.7987527396791365	22.37425641443631	0.00012029004910890777
45226.13065326632	0.8083140604027667	21.489927394420462	0.00016007159081359867
46733.668341708544	0.8174840959188426	20.65725728984624	0.00019861384267521806
48241.20603015075	0.826269628179519	19.87193401589912	0.00022803347578204556
49748.74371859296	0.8346789860393029	19.130094721935958	0.00024245852944925945
51256.28140703518	0.8427216743657352	18.428272891630673	0.0002393222602294276
52763.819095477375	0.8504080695209614	17.763351721271547	0.00021992524670304587
54271.3567839196	0.8577491701993509	17.13252335182558	0.00018915535513847016
55778.8944723618	0.8647563944268266	16.533253029447998	0.00015439896029192956
57286.43216080402	0.8714414149441861	15.963248278825125	0.0001239347962246642
58793.96984924623	0.8778160263296417	15.420431653124345	0.00010509045421580405
60301.50753768845	0.8838920381712136	14.902917436645197	0.00010264380110413394
61809.04522613064	0.8896811894497891	14.408991083629857	0.00011776363829836587
63316.582914572864	0.8951950800827145	13.937091332900712	0.0001477574740428687
64824.120603015086	0.9004451163187063	13.485794225297612	0.00018665150301475572
66331.65829145728	0.9054424673579131	13.053799295571716	0.00022653127133416548
67839.19597989951	0.9101980311768084	12.63991663387089	0.00025925371771997355
69346.73366834172	0.9147224080416524	12.243055863787161	0.00027826866950312696
70854.27135678392	0.919025880576972	11.862215655862625	0.000280030637503075
72361.80904522614	0.923118399527769	11.496474890144533	0.000264807435441741
73869.34673366834	0.927009574502003	11.14498431198678	0.00023659804083802532
75376.88442211055	0.9307086690530649	10.80695954198147	0.0002022711140415234
76884.42211055275	0.9342245994710309	10.481674649781205	0.0001700342878332803
78391.95979899497	0.9375659366429986	10.168456887417886	0.00014764590391290813
79899.4974874372	0.9407409103374336	9.866681863861643	0.00014069384047974085
81407.0351758794	0.9437574152925178	9.575769419072019	0.00015136374333635276
82914.57286432161	0.9466230185483652	9.295180162552157	0.00017797372651604486
84422.11055276381	0.9493449675608602	9.024412043270006	0.0002153311135173799
85929.64824120603	0.9519301987534426	8.76299734382953	0.0002558757213296821
87437.18592964826	0.954385346291262	8.510499865101407	0.0002913466016913124
88944.72361809044	0.9567167509766776	8.266512311764938	0.0003146060636178388
90452.26130653267	0.9589304692499859	8.030653714852438	0.00032120775941758253
91959.79899497489	0.9610322823324339	7.802566973117181	0.00031036395117249973
93467.33668341709	0.9630277055583533	7.581916912938201	0.0002851429075816033
94974.87437185929	0.9649219979246245	7.36838804701555	0.0002517618498001935
96482.4120603015	0.9667201718429136	7.16168315122616	0.00021824445260427782
97989.94974874373	0.9684270030316304	6.961521747451313	0.00019264212917554562
99497.48743718592	0.9700470404444912	6.767639058619636	0.00018127707509775013
101005.02512562815	0.9715846161040423	6.579784615553428	0.00018731147373604647
102512.56281407036	0.9730438547074256	6.397722005668587	0.00021011324171564161
104020.10050251256	0.9744286828902498	6.221227433310051	0.0002453285577760412
105527.63819095478	0.9757428380703752	6.050089394949976	0.00028588592274637024
107035.17587939698	0.9769898768402271	5.884107769863503	0.00032353908370477165
108542.7135678392	0.9781731829195283	5.723092953714587	0.00035067478924258707
110050.25125628142	0.979295974717156	5.566865195241659	0.000362003016491197
111557.7889447236	0.9803613125715052	5.415253671841044	0.00035571283306583496
113065.32663316581	0.9813721057421906	5.268095869119268	0.0003338809547203327
114572.86432160804	0.9823311192135118	5.12523644531961	0.0003019730384267094
116080.40201005025	0.9832409803457334	4.986527431284827	0.000267719323361272
117587.93969849245	0.9841041853837872	4.851826929197952	0.0002393259299903419
119095.47738693467	0.9849231058049861	4.720999421838599	0.00022374091777632555
120603.0150753769	0.9856999944683315	4.593914893209149	0.00022505982187873066
122110.55276381908	0.9864369915214142	4.47044944337379	0.0002437088889881877
123618.09045226131	0.9871361300227168	4.35048389807242	0.00027622687905036366
125125.62814070353	0.9877993412516457	4.2339050754690915	0.0003161809859296069
126633.16582914573	0.9884284596973355	4.120604090926065	0.00035543191728513887
128140.70351758793	0.989025227738937	4.01047715167497	0.0003860300517057165
129648.24120603014	0.9895913000462914	3.9034248790449833	0.00040193837674652874
131155.77889447234	0.9901282477434796	3.7993518364870345	0.0004003361250709382
132663.31658291456	0.990637562377858	3.698166206994421	0.0003822535467830383
134170.85427135677	0.9911206597353857	3.599779725879747	0.0003523604142232421
135678.39195979902	0.9915788835289986	3.504107292713857	0.0003179257196012205
137185.92964824123	0.992013508973839	3.4110667139368736	0.0002872188434016296
138693.46733668345	0.9924257462487591	3.3205787368206754	0.0002676960445892795
140201.00502512566	0.9928167438328491	3.2325665116830278	0.000264323327685738
141708.54271356785	0.9931875916991194	3.146956212124399	0.00027853866494289604
143216.08040201006	0.9935393243461623	3.063676643178888	0.0003079084897060657
144723.61809045228	0.9938729236562424	2.9826589867317757	0.0003466388914130065
146231.15577889446	0.9941893215738243	2.9038373076971897	0.0003869035886718174
147738.69346733668	0.9944894026111406	2.8271479824039565	0.00042052117536788767
149246.2311557789	0.9947740061943846	2.7525297574893752	0.00044078247459515584
150753.7688442211	0.9950439288729975	2.679923549322167	0.00044392216990624074
152261.30653266335	0.9952999264133756	2.60927196563938	0.0004299086009141532
153768.8442211055	0.9955427158004999	2.540520167444906	0.0004025653312824109
155276.38190954772	0.9957729771631643	2.4736140684741867	0.0003685556255816162
156783.91959798994	0.9959913556336383	2.4085016174587506	0.00033605969114965014
158291.45728643218	0.9961984631430101	2.3451325374324106	0.00031295307300268065
159798.9949748744	0.9963948801502112	2.2834573904471145	0.0003049739569273872
161306.5326633166	0.9965811572953728	2.2234287402856276	0.0003145873013865873
162814.0703517588	0.9967578169707277	2.165000148742779	0.00034033659327217775
164321.608040201	0.9969253548011597	2.1081274784104	0.0003772828040892447
165829.14572864323	0.9970842410319279	2.052767341466387	0.00041795851511135815
167336.68341708544	0.9972349218253135	1.998878113343188	0.0004541015333911079
168844.22110552763	0.9973778204729273	1.94641969677473	0.00047846038239668636
170351.75879396984	0.9975133385331864	1.8953525945313483	0.00048631969785246324
171859.29648241206	0.9976418569062108	1.8456392795594931	0.00047665876717148105
173366.83417085427	0.9977637368578158	1.797243233768333	0.00045231372852157963
174874.37185929652	0.997879321001053	1.7501286918415817	0.0004193273495984652
176381.90954773867	0.9979889342423234	1.7042602807813396	0.00038559413405824205
177889.4472361809	0.9980928846948027	1.6596051788796211	0.0003593329811551584
179396.98492462313	0.9981914645564682	1.6161292805447574	0.0003469026491809711
180904.52261306535	0.9982849509511936	1.5738011282044027	0.0003517882275489524
182412.06030150756	0.9983736067290826	1.5325895379660168	0.0003736024940603565
183919.59798994978	0.9984576812214422	1.4924642919965738	0.0004082333602107191
185427.13567839196	0.9985374109484332	1.453396048655113	0.0004487423483368414
186934.67336683418	0.9986130202809131	1.415355784580173	0.00048684127924518905
188442.2110552764	0.9986847220578781	1.3783172231320227	0.000514948588829001
189949.74874371858	0.9987527181651977	1.3422524537878178	0.0005274340675691752
191457.2864321608	0.9988172000813408	1.3071369365491063	0.0005223706534761058
192964.824120603	0.9988783493948035	1.2729446442101169	0.0005014799716898196
194472.36180904522	0.9989363383001008	1.2396510817348745	0.0004700477829988231
195979.89949748747	0.9989913300747466	1.2072326063654875	0.0004357069083502618
197487.43718592968	0.9990434795383529	1.1756659552966424	0.0004067113199764042
198994.97487437184	0.999092933495943	1.1449283023391275	0.0003901258727954338
200502.51256281405	0.9991398311615135	1.1149972114554656	0.0003902656311317236
202010.0502512563	0.9991843045631253	1.0858511535565736	0.00040779172262243407
203517.5879396985	0.9992264789240887	1.0574700533685522	0.00043961266419813
205025.12562814073	0.9992664730219548	1.0298326350568496	0.0004793178820132067
206532.6633165829	0.999304399523507	1.0029190895521685	0.0005188602203032005
208040.20100502513	0.9993403652981553	0.976711363206631	0.0005503086412575692
209547.73869346734	0.9993744717103742	0.9511895845224815	0.0005673159369301763
211055.27638190956	0.9994068148947494	0.9263366249467061	0.0005668938462072824
212562.81407035174	0.9994374860168043	0.9021352314397907	0.0005498662278819523
214070.35175879396	0.9994665715222428	0.8785669241125341	0.0005205270430641476
215577.88944723617	0.9994941533759898	0.8556162446968121	0.0004861336249218935
217085.4271356784	0.9995203092930418	0.8332671723417511	0.0004549768078442511
218592.96482412063	0.9995451129600901	0.811503151188673	0.00043454436796424255
220100.50251256285	0.9995686342488194	0.7903084704447452	0.0004300036815829143
221608.040201005	0.9995909394193099	0.7696682016727032	0.00044305873636845625
223115.57788944725	0.9996120913122718	0.7495678151301065	0.00047153727881011747
224623.11557788946	0.999632149530292	0.7299930960891419	0.0005098608095451853
226130.65326633168	0.999651170607217	0.7109302037581708	0.0005502790023628511
227638.1909547739	0.9996692081659468	0.6923657133470001	0.0005845812354710408
229145.72864321608	0.9996863130663658	0.674286609780473	0.0006059056014348063
230653.2663316583	0.9997025335440688	0.6566802405485472	0.0006102478393911012
232160.8040201005	0.9997179153407831	0.6395342394883617	0.0005973385510138137
233668.34170854272	0.9997325018299275	0.6228364618369444	0.0005706982625439828
235175.8793969849	0.9997463341360527	0.6065750241113381	0.000536866011591522
236683.41708542712	0.9997594512498655	0.5907385128961756	0.0005039778983489442
238190.95477386934	0.9997718901399549	0.5753161646466385	0.0004799930739692556
239698.49246231158	0.9997836858592702	0.5602975345386233	0.00047091617466833463
241206.0301507538	0.9997948716472169	0.5456716821691243	0.000479407664601506
242713.567839196	0.9998054790263549	0.5314272237173897	0.0005042027037380327
244221.10552763817	0.9998155378938345	0.5175540632728262	0.0005405352749730493
245728.6432160804	0.9998250766067862	0.5040439530210279	0.0005812265332556581
247236.18090452263	0.9998341220617584	0.4908875089121052	0.000618004460892857
248743.71859296484	0.9998426997694625	0.4780734624284099	0.0006432805548373347
250251.25628140706	0.9998508339241607	0.46559349598487576	0.0006522485279274955
251758.79396984924	0.9998585474695258	0.45344119360540885	0.0006438159705901911
253266.33165829146	0.9998658621618166	0.44160578313756366	0.0006203083543045817
254773.86934673367	0.9998727986288838	0.4300781942348379	0.0005875387377562304
256281.40703517586	0.9998793764279988	0.41885378931492295	0.0005537148849459816
257788.94472361807	0.9998856141017686	0.4079219162141718	0.0005267010756263702
259296.48241206023	0.9998915292315375	0.3972742523692945	0.0005131061558911058
260804.0201005025	0.9998971384888125	0.38690709515108623	0.0005169457902170204
262311.5577889447	0.9999024576829947	0.3768086262779482	0.0005376421478895568
263819.09547738684	0.9999075018080383	0.3669740337440828	0.0005715721607578996
265326.6331658291	0.9999122850850962	0.3573977257862777	0.0006120378382607318
266834.1708542713	0.9999168210027718	0.3480685018891003	0.0006504279093792999
268341.70854271355	0.9999211223546554	0.33898569207935253	0.0006795189786565457
269849.24623115576	0.9999252012742589	0.3301379508159511	0.0006931030598138287
271356.7839195979	0.9999290692680295	0.3215216515883696	0.0006891558661319125
272864.3216080402	0.9999327372471947	0.31313155578492397	0.000669255128530359
274371.85929648235	0.9999362155574226	0.30495792772639724	0.0006381529271970998
275879.3969849246	0.9999395140072758	0.297001281991186	0.0006039377302705721
277386.9346733668	0.9999426418959231	0.2892486081493403	0.0005741464780127307
278894.47236180905	0.9999456080411283	0.2817019170848889	0.0005567383671598479
280402.0100502512	0.9999484208033645	0.2743493823166459	0.0005555931385228936
281909.5477386934	0.9999510881106776	0.2671906350275543	0.000572152200010289
283417.0854271357	0.9999536174818818	0.26021792866573445	0.0006031445563711962
284924.62311557785	0.9999560160481819	0.2534267745648993	0.0006425406958599756
286432.16080402	0.9999582905738313	0.24681425883416694	0.0006824594591326136
287939.6984924623	0.9999604474738083	0.24037183864440384	0.0007144983708873367
289447.23618090444	0.9999624928330727	0.23410079370360348	0.000732771171833267
290954.7738693467	0.9999644324221346	0.22798945661595296	0.0007333115095983189
292462.3115577889	0.9999662717122672	0.2220421632221046	0.0007174484641970428
293969.8492462311	0.9999680158917255	0.21624518773645243	0.0006885006463561265
295477.38693467336	0.9999696698796317	0.21060486204579576	0.0006544764492590041
296984.9246231155	0.9999712383397353	0.20510625480407607	0.0006225447746414505
298492.4623115578	0.9999727256935041	0.19975695372200467	0.0006014887080463937
299999.99999999994	0.9999741361338389	0.19454137074789862	0.000595527792187061
