0.0	1.7945475366924395	157.04033524535726	0.0
50.0	1.7566045243782404	158.82028900389636	-84.37280445510439
100.0	1.7609804655164107	156.6067500795938	-158.72858308618876
150.0	1.7227161056972158	156.80772503302202	145.35562969790453
200.0	1.7125809677785546	158.43313703047642	95.18674206270548
250.0	1.702380642675674	158.03149397191575	58.289408581544855
300.0	1.6746367827882205	157.07851414688798	38.85188338966142
349.99999999999994	1.6930757509646823	156.86791218596872	34.757663576686056
400.0	1.6461449061463145	156.60656573021373	39.84503675139286
449.99999999999994	1.6401643960912748	157.32654906545136	61.18256243623277
500.0	1.6469759023150499	157.8422224618231	97.90460159509581
550.0	1.6410469983126215	156.1622451894129	144.9170147132483
600.0	1.5887470499349852	155.27970667853143	-161.12661844169511
650.0	1.6055000485213557	157.5647403298393	-84.85116878696937
699.9999999999999	1.5717083005226786	154.58121518416593	-0.10963625245085695
749.9999999999999	1.5825638798003316	157.5090168856724	102.56251965836849
800.0	1.5665082660638372	155.10547918510076	-147.72477626733135
850.0	1.5487450987336988	154.38839408153558	-16.691401989925883
899.9999999999999	1.5480659282469198	155.98609819523287	125.89568792059585
949.9999999999999	1.5325659919372658	156.36507166818006	-82.94812636400923
1000.0	1.4832426904771243	156.60106658987806	83.74807619261986
1050.0000000000002	1.4621041734204687	156.63235585229697	-97.28738085702724
1099.9999999999998	1.4932104266741186	156.31296352638608	96.79983827768511
1150.0	1.4409596394499928	155.15784887297988	-56.74853689682203
1200.0	1.4328048780377618	153.92213200108068	150.3283257986304
1250.0	1.4517529106832647	152.1091060471049	-17.034688761492315
1300.0	1.6630413968565825	128.9098170778558	77.19845797382659
1350.0	2.0635674056054607	92.6959974416405	-61.2401677924179
1400.0000000000002	2.1923451331980925	85.6042602964207	91.54224125342142
1449.9999999999998	1.5537274312825549	126.65094491940128	-53.69549351062507
1500.0000000000002	1.8501077548901146	99.90845866052614	-16.83627736429434
1549.9999999999998	1.9350686656008922	101.75814990477866	9.409035306213008
1600.0	2.3784263728113357	74.67835080427174	-7.6095336033310605
1650.0	1.5424698754714856	120.55800196996456	-171.58032095250329
1700.0	2.1224682076542605	83.81603484056474	-101.59650056581148
1750.0	2.2408115076412294	81.74304364541216	167.65751655905294
1800.0000000000002	1.862955773311139	101.06587794989372	145.55042020094575
1849.9999999999998	2.3129809971951194	69.79064947457174	-49.09336028425557
1900.0000000000002	1.6263145996494708	114.90752971382855	-100.38314200225823
1949.9999999999998	2.0509182526534295	93.4149014055913	44.032863608898815
2000.0	1.7352898147817073	104.89839894646025	-3.229747239581097
2050.0	1.6111101908477912	112.25285387348484	31.54088281846291
2100.0000000000005	2.173648627175851	80.80022102717992	103.9728102136145
2150.0	2.5411112918464194	59.85284942618015	163.51651939220145
2200.0000000000005	2.44218838165094	59.13882113135039	123.74241766711893
2250.0	2.389124559494307	68.8094176336946	44.44714479147344
2300.0	1.8729091518111451	96.19340055567518	-39.077473555108284
2350.0000000000005	2.010869717673089	87.00385992396878	-161.77752031415068
2400.0	2.0595860929809104	79.0288925292687	109.78222136340801
2450.0000000000005	2.040842963541888	77.40822403542707	-105.87352670229278
2500.0	1.5737904274636025	104.41896401412363	17.35978672921227
2550.0000000000005	1.7205484007713339	98.3094624611149	-148.04511369121232
2600.0	2.145273570295716	74.04453907307787	-39.567439836904995
2650.0000000000005	2.137457110880714	68.71017310930188	148.4750040695891
2700.0	2.1613681514150116	71.53602527374699	-72.83341263157091
2750.0	1.9259067831327912	83.7726751144199	-0.16686325968640758
2800.0000000000005	2.3119597079571195	62.91009023956287	146.87010113910176
2850.0	2.3712722534560933	52.046560846252966	34.0747192042182
2900.0000000000005	2.1919342433747855	62.573452189481735	-173.81992124741566
2950.0	2.4913428130834236	51.73874600474775	-54.44068981381494
3000.0000000000005	2.2926163698380986	57.68472636476414	146.23085712523184
3050.0	2.0737425693305225	65.03444628780322	-56.417081817899195
3100.0000000000005	2.3635330471401637	53.231601960940885	-100.3518546486572
3150.0000000000005	1.7601779505033601	82.79425503298837	-29.98785761542035
3200.0	1.9937334838288847	77.46396143478405	-91.30089833124028
3250.0000000000005	1.977903385972579	68.67282887915998	-59.36732395334228
3300.0	2.1290708837280863	62.654871793149304	-25.554058147861564
3350.0000000000005	2.164625623757056	63.98864123329124	3.2202638267612507
3400.0	2.099479783400496	68.12433717844134	26.783181394803723
3450.0000000000005	1.8265640584779033	80.77589961259774	43.73418242802157
3500.0	1.6015274853516799	89.12107981293326	60.25171810586001
3550.0	1.762618162876515	81.08268497721453	83.35845557263023
3600.0000000000005	1.939934782847058	69.26063936599424	102.62088407731882
3650.0	2.061913569583616	60.47564907677925	119.35732322136727
3700.0000000000005	1.77652320866354	80.00350058994744	136.53664158051166
3750.0	1.7845147603782472	74.38183929646462	152.69168644892144
3800.0000000000005	2.3003061009961443	53.46137923666146	124.18099823931533
3850.0	1.9941365272230118	61.28063087279441	130.29820716747784
3900.0000000000005	2.033010229513013	63.30066374969203	143.17804812922495
3950.0	1.9547581761729145	62.727633982717336	135.0433626771855
4000.0	2.0655324766750733	64.54106500578091	86.08938372158788
4049.9999999999995	2.2814633762273897	49.14529783668624	66.08447094059342
4100.0	1.8706756237344648	66.02820882170349	16.290736557826563
4150.000000000001	1.7413439563342712	76.61988252603182	-103.03176581384145
4200.000000000001	2.0919230056145626	57.75287856266673	-173.0118955749769
4250.000000000001	1.906158900059148	71.23791003655434	66.92468966233714
4300.0	2.0118897408820944	56.23883556314965	8.001492366704246
4350.0	2.006477679394249	53.35115741181765	-160.04338016941708
4400.000000000001	2.262927829399602	52.250556687459486	-26.322070218351453
4450.000000000001	1.9969933188743032	58.41453587189014	-147.5066013078294
4500.0	1.714053668524465	74.59193654162885	133.54614678136474
4550.0	1.8286103082764968	65.89132052796475	117.63268664913454
4600.0	2.2745101410562953	48.093886620972775	-127.79927396513307
4650.000000000001	2.1170772699560905	47.862941100091234	80.50091950275024
4700.000000000001	1.6879067156132124	70.49462476573845	-42.305145864399016
4750.0	1.8721461524822556	67.37578539412947	107.46969604507764
4800.0	2.102003822833273	48.688853515941815	-139.09802552826892
4850.000000000001	2.194098088990579	41.3627967376455	-11.779053962609593
4900.000000000001	2.022062142300511	50.889286498097	90.23647313172918
4950.0	2.38919071368835	34.181234514989335	89.86776528065717
5000.0	2.1693627840310716	51.490208500061016	128.0058662561893
5050.0	1.955156024847003	51.97027748131138	173.0303325810467
5100.000000000001	2.2843192118538864	33.98915971789303	-99.99617640717558
5150.000000000001	2.113704800240952	52.58159771885386	-7.475631581042643
5200.0	2.084066069600525	52.68051309193845	44.37446114792698
5250.0	1.9078757015568661	59.21888961758402	87.34805430752608
5300.000000000001	2.207868801487173	35.852674518571156	109.91292518718942
5350.000000000001	1.6651865591580681	67.80348472996926	130.79039719577216
5400.0	2.1334260611815234	41.378712921367985	-171.59567505281458
5450.0	1.7795746610917411	57.43363983232704	-165.99602990323814
5500.0	1.6472532726271003	65.38974459823103	-130.72229929560538
5550.000000000001	2.238779409542121	34.46995810139711	-97.25432439943077
5600.000000000001	1.6674144371851407	58.909115143409835	-17.370073182348555
5650.0	2.2122470130610923	40.04816226079374	-3.0950151707092646
5700.0	1.9062215677318333	47.32134662139785	-23.312935481466983
5750.000000000001	2.173246886984622	45.58759309507789	-39.84258971107748
5800.000000000001	1.9851229550894145	47.85132405673042	-97.42958248453843
5850.000000000001	1.705292044611327	60.69693475221662	-124.415060851153
5900.0	2.187675116041656	33.03002588153943	158.98314416830056
5950.0	2.061930045018455	37.947403169760946	33.968715441304454
6000.000000000001	2.3014459891629624	37.14157011587287	-20.499750749239134
6050.000000000001	2.2664740855645715	32.05607492500559	-32.046839191690076
6100.0	2.1099235408761894	40.71338741434635	-116.20249637286337
6150.0	1.6207018352637987	60.143257669624	-135.68685053242422
6200.000000000001	1.9584064260070708	38.48304454718078	144.27082728168858
6250.000000000001	2.155321518676962	34.96483182909485	53.991676123894614
6300.000000000001	2.155590147047062	27.427447033721787	-116.22922717951134
6350.0	2.0105759085422807	44.560440304046416	100.15092211954081
6400.0	1.820510088446751	46.17492643455116	5.001017905352184
6450.000000000001	1.9013934464111777	41.34120793999076	-118.99387683748586
6500.000000000001	2.0474353610356264	32.44903079874208	169.12013814971428
6550.0	2.153615683621028	27.174737752657624	55.314333389280485
6600.0	2.0216385503580714	40.97445582527712	-77.97426685710178
6650.000000000001	1.9507615169987016	38.62360241132645	167.50925378733476
6700.000000000001	1.7626008829396225	50.15361040953997	-3.316894076531992
6750.000000000001	1.798349040763229	45.09448956694883	-170.43807934620224
6800.0	1.7176322032586888	52.80490920982542	79.69835376337676
6850.0	2.2489029962299085	29.65102238512139	-49.110015125873225
6900.000000000001	1.977119256453849	39.249027052384065	117.01059856190376
6950.000000000001	2.0313139411928858	41.917502364705534	-48.51957341976525
7000.0	1.7977927344723397	43.14315597034273	-113.49290983796332
7050.0	2.159870304521885	26.007634063244392	61.35572976731339
7100.0	2.130021036374141	29.156213069537547	-61.74033262572635
7150.000000000001	1.8863081367690209	36.121825410814935	-92.16038170196227
7200.000000000001	2.0008557843085004	32.71499904467251	153.42526370990294
7250.0	2.1035721340166704	27.184063468606595	-40.981853793423674
7300.0	2.1458269863348582	26.140516752557634	166.43174342895767
7350.000000000001	2.2509055574239656	20.83208786549255	-34.433264852087156
7400.000000000001	1.9644353472769214	26.606496255361485	21.91584922741244
7450.0	1.9320421711774476	28.58663081765907	-177.7596709419709
7500.0	2.0738492174329424	27.255551923428822	10.422624150190108
7550.0	2.052905840111659	29.630885497316843	173.16487110416048
7600.000000000001	1.6985226830380213	47.5118634416881	109.80552122787503
7650.000000000001	1.8945662723957728	29.27407187950051	-124.72505743746285
7700.0	1.8621377494860238	34.22677285377893	-21.9791542535758
7750.0	1.9736258213575428	26.85975213542759	121.07961014214519
7800.000000000001	2.1831853071438783	22.81721847206463	-168.3871532255206
7850.000000000001	1.6525372019815256	43.57289575567359	140.58006462592292
7900.0	2.1764168786334284	16.314280642762693	-41.88369019906196
7950.0	1.6162915851853075	46.26365568635777	144.92378654733503
8000.0	2.120008904891474	21.26644030614056	58.77956351665673
8050.000000000001	1.9962624893781054	31.079185410741598	-117.18812537962043
8099.999999999999	2.0788282278664627	20.247487636225966	-102.08026554156882
8150.0	2.0346202515226266	26.29709920926487	-104.06245317492238
8200.0	1.981573847878856	21.098887090578565	-163.91163563084118
8250.0	2.034181036124412	23.891719614630926	134.22190599020158
8300.000000000002	2.1108815629359303	16.49531389318837	82.95606169425302
8350.000000000002	2.0722978464622277	10.948613374480734	1.7231379837137022
8400.000000000002	1.871847987348167	34.5578679569288	-70.87051862661113
8450.000000000002	2.126509549385018	13.981588561201756	-170.73342971273877
8500.000000000002	1.998027167040078	9.972772760981798	-114.24776332791961
8550.0	2.157873027839051	13.119472136267117	178.81781991396127
8600.0	1.8750023917221375	27.3003132787906	-41.41860869022313
8650.0	1.9765470842112474	18.58457840021251	-57.14335902265234
8700.0	1.8414314424619378	28.006357830316645	76.0720026417728
8750.0	1.517577363776317	42.42212950649549	100.65138756477161
8800.000000000002	1.9729305189373383	24.341361433868205	11.255351779930397
8850.000000000002	2.123399177996216	8.793913184208543	-45.38526371702392
8900.000000000002	1.568058891317646	38.54946962411506	-146.77707844337667
8950.000000000002	2.001422430401266	16.00779092362474	-147.89999357040736
9000.0	1.909245493378934	20.75330944428009	-118.72594438533909
9050.0	1.6133769331755607	39.50443140773291	11.40803898386835
9100.0	1.8464508820263965	21.303276551942062	-169.03443706727356
9150.0	1.9248020457013657	17.105444228867775	-50.14862116600734
9200.0	1.6675591728280796	36.960542170218844	-173.4631667634431
9250.000000000002	1.8426939769135395	23.813694910415958	130.1896922449668
9300.000000000002	2.08784548516826	3.556287913629264	26.23713976526759
9350.000000000002	1.6814967652994715	26.89484909736823	96.33532399575805
9400.000000000002	1.585973045497245	38.6636913162807	-162.25299621873702
9450.0	1.8788675300441062	17.589488530981185	31.161798595853842
9500.0	1.990431027217279	13.738276855840551	155.035404046777
9550.0	1.8120133859628096	25.770611297345468	95.89317847661127
9600.0	1.6581494796825715	34.307918033199485	103.50063174957396
9650.0	1.5111626225225248	37.7862245417383	-178.57831048270103
9700.000000000002	1.5588742837461285	33.708313018603114	-13.274293316634127
9750.000000000002	1.667395434435192	36.89530575647228	-145.95277139776883
9800.000000000002	1.5449704488873124	36.66016700768084	168.5701722276093
9850.000000000002	1.7555900883901328	28.186705454294422	-172.63062273645016
9900.0	1.8755156721936774	16.755022427081794	-44.45519360108397
9950.0	1.8491100268593121	16.357771904503455	61.148601170108904
10000.0	1.5068606586278508	30.33035144642147	86.13954186230215
