0.0	1.2274188412774782	73.80716869976429	0.0
50.0	1.0964674067547076	88.78211290924374	128.35462014370773
100.0	1.085322120220247	87.95751781061165	-10.74706621146522
150.0	1.240720339624251	77.21672857122442	-178.27862951228872
200.0	1.22523001514631	80.16935748207777	85.72422326623408
250.0	0.754780434111652	100.67130939973744	163.8088854983971
300.0	0.6207289948522258	102.14322912715656	146.70520291376945
350.00000000000006	0.652795620569763	109.76736013043958	164.62346395535246
400.0	0.7416240740069896	101.6503521525867	-93.19449033478497
450.00000000000006	0.48943203394750523	122.69629654982415	-140.50225044937173
500.0	0.38908145721698434	138.7512685242567	85.12062261998832
549.9999999999999	0.5049238720625621	126.65822609461905	58.912260681671995
600.0	0.4314427921836937	119.78334362226931	160.59310429241296
650.0	0.4290202731390637	121.60971828323225	-39.542448221225456
699.9999999999999	0.3379294448150862	128.19463367051233	163.19431791649757
749.9999999999999	0.5630121345307086	113.5049192593057	133.5996733942168
800.0	0.6889471301540112	82.75604611787216	-154.80729469767553
850.0	1.1733191141463084	67.3189278146157	49.70907776357347
899.9999999999999	1.2775533188572965	57.74394928752578	-167.65623768638486
949.9999999999999	0.8265548976520252	86.2627349232115	-163.32269417602197
1000.0	0.878037592522854	85.83860674696479	-51.9762746290287
1050.0	0.8867521593681552	78.72564269351486	125.4301340269089
1100.0	0.9622539719706885	88.06392530357337	7.732465821318201
1150.0	1.208285059926816	66.25001467712717	-108.67634041980253
1200.0	1.0904618749086001	77.66697752302689	-17.564919337962955
1250.0	1.0707303788403282	72.75499050704018	92.18178339331165
1300.0	0.8889020947802689	86.49743491897169	2.6346738086341235
1350.0	0.9520294420052958	67.54239833247202	39.916952137378686
1399.9999999999998	1.0145725597299182	61.877834123855806	144.14440403734238
1449.9999999999998	1.047487114719648	62.25839567667778	-146.4216050524471
1499.9999999999998	1.046312748751106	68.53468630919795	-58.6052080429805
1549.9999999999998	0.9130874128700749	62.45948256604101	43.813720934278805
1600.0	1.2936493513098855	64.93447525015561	96.4880300177129
1650.0	1.2796788752415833	55.867944048237945	112.8669498538233
1700.0	1.1560075818413706	64.85297676466284	-131.51395848013715
1750.0	1.6276144807774375	43.222357205095115	32.66404400340891
1799.9999999999998	1.5606828536004385	52.72848756368446	95.63683020704339
1849.9999999999998	0.7471357942522399	78.6525455224669	86.83914483670152
1899.9999999999998	1.2540935798296429	59.295091273155506	-160.40852333164702
1949.9999999999998	1.185862534473682	55.40103147595468	120.37487074154333
2000.0	0.5641058284978241	70.4634905104058	42.081012756480796
2050.0	0.9740316099669387	65.1550430426849	110.36290641000872
2099.9999999999995	0.7110294211548801	79.11440114888106	-102.33304511492476
2150.0	1.2575960220984257	47.313851666168055	41.008537895460535
2199.9999999999995	1.2890416131086102	54.63023879671224	150.16633276544266
2250.0	1.103677281330533	69.517883714542	-48.972135484704594
2300.0	1.2746220244482132	50.02328834693103	99.46964928161817
2349.9999999999995	1.199083130886956	50.77433489171382	-88.26893768423363
2400.0	1.4919343430760206	35.81718125803959	-6.215229151618714
2449.9999999999995	0.497748840490982	71.65138126081756	-120.70417118370237
2500.0	1.5883985588400513	39.5851763991639	-31.668674499147194
2549.9999999999995	1.51494322133861	35.34169997325905	179.09407500135268
2600.0	1.2886420862971077	50.81646027012188	-109.65782909213233
2649.9999999999995	1.3053990877042962	50.54428456932587	178.59293548770242
2700.0	1.4422381203940544	41.41275366328547	127.4978077851618
2750.0	1.600095804762748	43.87348184252566	107.085018085442
2799.9999999999995	1.340284699105783	57.90203856985768	171.99708380141965
2850.0	1.4462349428981895	50.66727160028994	145.7404486845369
2899.9999999999995	1.7083035478947743	34.278548015684805	57.77332179723512
2950.0	1.613170572317134	40.41662126201996	-46.15836888801307
2999.9999999999995	1.5765884148806266	42.807986355928406	-172.39637502387856
3050.0	1.5010103818335663	39.80474265695099	73.88479510091436
3099.9999999999995	1.3033659478881119	59.93493227996083	15.319523300367523
3150.0000000000005	1.6381178368928804	38.94687542523538	-93.15596641872804
3200.0	1.5571634292749235	37.804283123720005	-88.94382377649065
3249.9999999999995	1.565836490602352	42.472687060760705	-95.4775371271962
3300.0	1.6745729313359974	40.23010867145615	-119.16221454780104
3349.9999999999995	1.659463772828784	39.567630864926244	-142.65929443224564
3400.0	1.7262377682178354	34.31865053900543	-157.40361042017983
3449.9999999999995	1.699505103357948	35.511571815032404	133.31657757499735
3500.0	1.7130159452644396	33.153505750237436	102.55919330565752
3550.0	1.63724765632358	43.22130210858916	35.93436416557336
3599.9999999999995	1.4864762087090666	45.58420152779174	-59.87919961686589
3650.0	1.6472197806359292	34.455262212464795	-144.0370208366125
3699.9999999999995	1.7981777154676832	27.816632800380134	88.85814419803836
3750.0	1.7040464986545103	26.762065749111898	-35.56680378289751
3799.9999999999995	1.7386224476413428	32.155764614374924	-178.3934951352805
3850.0	1.7450885724278766	30.239644269776047	24.654713990755308
3899.9999999999995	1.6552180361129576	44.465645630711535	-137.90195843945202
3950.0	1.554345753759796	36.11257319702201	56.64914212197707
4000.0	1.653284221655406	35.101572060407776	-118.8534078187521
4049.9999999999995	1.5317837507831242	38.21225657940775	60.98937917584928
4100.0	1.6734193947700113	41.401864398857946	-143.0198120076595
4149.999999999999	1.5525034747688606	39.850090681030515	-16.42569225087005
4200.000000000001	1.5899786689590962	38.757014574449606	137.41715356142302
4249.999999999999	1.6518895433622598	36.36568191056337	-71.88909386639696
4300.0	1.8160687360909058	30.770294906919716	-120.26433169818007
4350.0	1.654432206254582	32.53223370407507	76.24689922320368
4399.999999999999	1.583854144657668	45.780522121238384	-30.467039490927906
4450.000000000001	1.399385302502552	44.314261051198756	-117.0075330149743
4500.0	1.6468192316845551	34.88942932665084	141.96417141693865
4550.0	1.7643522023266356	41.8408836008462	-29.49706503309922
4600.0	1.4908452317108036	40.70680987301574	-45.76577554412183
4649.999999999999	1.0411247277636138	53.662625688706015	146.2695162253427
4700.000000000001	0.6407333034091047	78.88462320573078	20.22133903873437
4750.0	0.4530526163512166	91.23000713331453	-7.727221897617992
4800.0	1.446971595479657	47.44197639586722	-50.23021451342292
4849.999999999999	1.7610581716053957	34.03502450466894	-144.24526452100315
4900.000000000001	1.291013737792309	53.269120828201565	146.54083870485405
4950.0	1.4225871794276477	42.737496383568995	-79.93840557699924
5000.0	0.9600523121793731	50.884750787713344	177.6831262530541
5050.0	1.7046158184675055	38.518702301841024	-84.9106068313978
5099.999999999999	1.5910875840823044	31.594281024772762	35.21493847758491
5150.000000000001	0.21920886554332963	31.969366077805294	168.20927442033923
5200.0	0.660329940378096	59.47701840025889	9.301823574682503
5250.0	0.46596730034404776	70.15943511489156	144.68199604134705
5299.999999999999	0.6025537166220548	78.08283498464247	-103.22972381487644
5350.000000000001	1.1855058909157146	41.62104151020599	27.267713059061137
5400.0	1.0509515003182295	43.38917992387325	13.322814695096959
5450.0	1.5798486325721282	36.937054293138836	-82.04089569706052
5500.0	1.8531763529398584	14.866526959659646	119.14475759238462
5549.999999999999	1.440278825204738	51.1569025386728	-26.973265987844137
5600.000000000001	1.3788367294337263	44.57380178126482	97.58570139657424
5650.0	1.14593319556156	53.71812518755036	41.84212047771499
5700.0	0.9504883333606569	64.14643757216915	53.659767398579355
5749.999999999999	1.3570343383924368	52.60450238439297	122.70223776203977
5800.000000000001	0.6888162037710956	66.99753819000331	77.08367301704578
5849.999999999999	0.8240544044106711	56.61229757081747	140.66523905528697
5900.0	1.1778024554546656	47.831504656359115	-94.7751702845701
5950.0	0.6682314869051383	69.57300759804528	-91.58234330946995
5999.999999999999	0.7442523734845721	60.37676767106336	24.614705121104443
6050.000000000001	0.8834583252779644	48.201199663963095	48.43788585659367
6100.0	1.6454682754693288	16.449943180849804	128.98392952261358
6150.0	1.6576597018516985	14.646200174476252	21.877853372168644
6199.999999999999	0.7923811763143435	52.23239274959034	82.62254951171398
6250.000000000001	1.4067168364534475	42.588725918271024	80.1186636694237
6299.999999999999	1.0455118475588108	49.6007974419104	153.49691444874807
6350.0	0.8676048626325942	46.64948278574846	-119.35866734565037
6400.0	1.127061734609584	43.333274294877654	107.39449155676623
6449.999999999999	0.7415016418105532	52.239568437553004	-108.6968536912087
6500.000000000001	1.0360226529901888	40.57946184055514	-103.84185104449583
6550.0	1.3580303023972684	44.10858212019506	167.82856007001362
6600.0	1.6286981497413173	22.083443862668922	111.6428689517119
6649.999999999999	1.5493369454988846	28.04003968220568	-108.27909485061132
6700.000000000001	1.5179365951330275	32.03303135359127	-146.51236696962354
6749.999999999999	0.6888815647051071	55.0504151398674	23.387996329921364
6800.0	1.2115107841853094	28.203669903809338	114.82267627384212
6850.0	1.3761848541250852	46.69991182563428	4.191529404355088
6899.999999999999	1.1995877354975926	33.435866922414476	72.65164888178165
6950.000000000001	0.4970181875772838	63.348514136817876	106.44397101993594
7000.0	1.2098548083787533	43.0442466101523	96.36831284185098
7050.0	0.6960877062548829	39.99731434447461	66.3565982252105
7100.0	1.6356188208828486	21.334823781265225	108.20002400282887
7149.999999999999	1.366352622364623	19.607787791267434	71.76842179649542
7200.000000000001	1.5577452170789359	16.01296336776473	-15.454698784083112
7250.0	0.3701681362888547	60.064160845384606	-61.45085293484295
7300.0	0.3968147740638394	41.80640497133532	-164.82053625027342
7349.999999999999	1.3570638437565152	33.23843668222058	-7.143603727259581
7400.000000000001	1.144788446182946	45.08980465879909	-167.9532909701674
7450.0	1.5790756586699142	19.970153187149272	-17.42611318923283
7500.0	1.4575468543387673	26.03399260698628	67.81738014347977
7550.0	0.7737764979058933	44.86507634497797	-174.41857653643535
7599.999999999999	0.7362091308689995	46.65900386499784	-167.66666847462727
7650.000000000001	1.2227133067670668	35.646779985819855	-124.13467666910589
7700.0	1.3022430254802608	48.91043279523244	-23.472487467101462
7750.0	0.9734375154330899	49.13902910471759	62.98702784078192
7799.999999999999	0.6541604196613832	57.44751907307336	165.94822223277774
7850.000000000001	1.634115538117241	19.890880348485876	-116.61004154621834
7900.0	0.9694022873662094	53.390853877647814	20.268332448169993
7950.0	0.7053380984326661	56.16652845163367	176.32018655834665
8000.0	1.0194111851078553	36.59086220764741	-102.75002311967444
8049.999999999999	0.8717290798616173	54.85515493402531	-7.316895667711367
8099.999999999999	0.7398447814212153	59.45053380965747	-164.96983764330432
8150.0	1.2826389112544665	32.00858218258068	152.22809207379973
8200.0	1.3715674195569099	25.495436715971703	166.29173975453924
8250.0	1.3749516111401159	41.209612428099064	163.98433878190903
8300.000000000002	1.2869371889271615	37.06151507703853	102.6647045425996
8350.000000000002	1.440190259571633	20.397597726167216	-6.576450865309019
8400.000000000002	0.5657873911170432	37.42720425180953	-125.38363679097388
8450.000000000002	0.929603717137703	38.80585680487598	-136.09755023486784
8500.000000000002	1.074990987870434	39.82485943555499	-174.90656989745148
8550.0	0.8217546433024497	22.48505130652297	-33.48758787564476
8600.0	1.030100082981572	44.851463697817664	148.3143028271634
8650.0	0.8976735519297421	23.746800784516196	65.45609146958913
8700.0	1.0911565762459943	39.62679619174898	-11.828241501322841
8750.0	1.5252030022685654	20.588506730751245	-77.5881238440296
8800.000000000002	1.2611421864127104	37.31735899462601	-87.11940153425496
8850.000000000002	1.416181246226385	37.49902591281119	-31.174639141278725
8900.000000000002	0.5638444514000741	52.94803511465972	135.95013255733366
8950.000000000002	1.6216404691834116	20.698825172835882	96.63502200064657
9000.0	1.4432495959113234	21.649136984868516	179.04961593241572
9050.0	1.5194283116719196	16.57588586707278	155.3802176016912
9100.0	1.4961013175719509	34.93014625308098	-170.39135780556165
9150.0	1.5062755666771324	12.170303617834678	-39.1877326857139
9200.0	1.1938216854139851	40.209114156465816	-159.92380093368064
9250.000000000002	1.101984796178332	19.62021101064634	82.95831522168275
9300.000000000002	1.32231091822578	35.474295091892266	-19.096929903765893
9350.000000000002	1.303869210419993	20.798573896067	63.235699440696386
9400.000000000002	0.9236815002602672	37.90791462046206	-7.4762468137897065
9450.0	1.5205630235463072	23.432850636416507	-96.94275128478512
9500.0	1.2044669215328283	25.363867386715167	91.1080636101583
9550.0	1.0721439225537297	38.42175024671054	144.64487258982717
9600.0	0.6937686218911804	22.25096983234013	75.7622633792858
9650.0	1.5638532391603217	10.186999569056162	14.23205623931555
9700.000000000002	0.7257953187343036	40.419562171594286	115.52781442460292
9750.000000000002	1.1213708814022658	22.229191655628856	54.20548156938562
9800.000000000002	1.399795145114311	7.606894467438439	-79.52681562127812
9850.000000000002	1.0494035059280384	18.212755525817386	65.26657628451883
9900.0	0.812471498148687	48.560088341792834	25.434290765177774
9950.0	1.576304547277687	25.89961035715303	89.75625296048396
10000.0	1.0916606096115917	35.53799303378824	113.07031107922055
