0.0	0.07130844332496666	111.1384331675946	0.0
1507.537688442211	0.07025104811898353	67.22130986702733	1.0917722395106649e-05
3015.075376884422	0.09984597428376109	39.1806236498632	3.754162425280371e-05
4522.613065326632	0.13929194353388014	26.169331629771946	7.448044642776176e-05
6030.150753768844	0.18039190522982637	19.368775915554266	0.00011406881202205805
7537.688442211054	0.2208508398908322	15.296529531481402	0.00014805619786305846
9045.226130653265	0.2599344607775068	12.60879593201938	0.0001694256561692761
10552.763819095477	0.29739068580407524	10.70871698696127	0.00017393828219209453
12060.301507537688	0.33314678936815184	9.296358691975092	0.0001610725700659116
13567.8391959799	0.3672061843486748	8.205895366640215	0.00013413073130825526
15075.376884422109	0.39960737224347503	7.338625303397627	9.95179292174884e-05
16582.91457286432	0.4304056043904099	6.632285403424361	6.534243261249098e-05
18090.452261306535	0.45966394029364105	6.045720639023467	3.9596908022883925e-05
19597.989949748742	0.48744859333441554	5.550666978056287	2.8436749258240948e-05
21105.527638190953	0.5138263910815485	5.127084762857887	3.4820535790451254e-05
22613.06532663317	0.5388633463451113	4.760377548132952	5.782576213829541e-05
24120.603015075376	0.5626238423958844	4.4396657089552365	9.284460019556939e-05
25628.14070351759	0.5851701722893792	4.156676868128494	0.00013269909566479503
27135.6783919598	0.6065622893682602	3.9050105940401494	0.00016920497226359873
28643.21608040201	0.6268576870920047	3.6796379308887177	0.00019468460963784724
30150.753768844224	0.6461113596343084	3.476553702198695	0.0002039972268086102
31658.291457286432	0.6643758135476575	3.292529170368726	0.00019580823353148935
33165.82914572864	0.681701111842615	3.1249324238212988	0.00017247269619783233
34673.36683417086	0.6981349385143162	2.971596468833172	0.00013931828355775487
36180.904522613055	0.7137226756582284	2.830721980654162	0.00010457947679890148
37688.44221105528	0.7285074879610742	2.7008015822951705	7.637686669172546e-05
39195.979899497484	0.7425304110616923	2.5805631403063174	6.116486771200611e-05
40703.5175879397	0.7558304413833852	2.4689261828283153	6.289942595624319e-05
42211.05527638191	0.7684446258121416	2.364967180421	8.204935031699473e-05
43718.59296482413	0.7804081501102221	2.2678919980670256	0.00011526518028417305
45226.13065326632	0.7917544253184996	2.1770132008611434	0.00015502108481602812
46733.668341708544	0.8025151716556106	2.091734267048819	0.00019335331862020203
48241.20603015075	0.8127204996015236	2.0115342350152523	0.0002222054787554625
49748.74371859296	0.8223989879825412	1.9359575432915683	0.00023734702772339384
51256.28140703518	0.831577758965584	1.8646002755317161	0.00023369716004190063
52763.819095477375	0.840282549932985	1.797108419847713	0.00021477788880345107
54271.3567839196	0.8485377822546972	1.733165344781796	0.0001840091755392993
55778.8944723618	0.8563666270028083	1.672490057530537	0.0001489429262240731
57286.43216080402	0.8637910676753883	1.6148317144006383	0.00011852602586847492
58793.96984924623	0.8708319600086825	1.5599642479244713	9.883271549397657e-05
60301.50753768845	0.8775090889665746	1.5076864175628184	9.689524606012282e-05
61809.04522613064	0.883841223001348	1.4578149440265493	0.00011291665518674103
63316.582914572864	0.8898461656846769	1.4101839922157018	0.00014294831133043368
64824.120603015086	0.895540804810893	1.3646439280763334	0.0001809608079809376
66331.65829145728	0.900941159076223	1.3210606732112924	0.00022173370844164397
67839.19597989951	0.9060624224391265	1.2793091283599627	0.0002547415297817369
69346.73366834172	0.9109190062673383	1.2392756125661117	0.00027183668470384106
70854.27135678392	0.9155245793721294	1.200859843477076	0.00027385808687395283
72361.80904522614	0.9198921060346881	1.1639667117413401	0.00026023585830612045
73869.34673366834	0.9240338821188776	1.1285075264707758	0.0002314493245917915
75376.88442211055	0.9279615693656823	1.0944039742614546	0.00019712995424098052
76884.42211055275	0.9316862279558666	1.0615810228610425	0.00016332827562603157
78391.95979899497	0.9352183474258987	1.0299732795318104	0.00014264151932183246
79899.4974874372	0.9385678760154398	0.99951520764504	0.0001363378172190471
81407.0351758794	0.9417442485223096	0.9701469295634783	0.00014486205456248135
82914.57286432161	0.9447564127357624	0.9418173346549493	0.00017156159972117637
84422.11055276381	0.9476128545180655	0.91447660861541	0.0002126475995808365
85929.64824120603	0.9503216215994694	0.8880714492179248	0.0002497439130136255
87437.18592964826	0.9528903461514798	0.8625662062769979	0.00028849806118277037
88944.72361809044	0.9553262662007729	0.837912217031003	0.00030873526006449775
90452.26130653267	0.957636245942029	0.814077165435407	0.0003155767098199056
91959.79899497489	0.9598267950080006	0.791024728216037	0.0003076843594973363
93467.33668341709	0.9619040867506412	0.7687175075821794	0.0002808611736446229
94974.87437185929	0.9638739755850457	0.7471291823517292	0.0002514230295049843
96482.4120603015	0.9657420134442704	0.7262225963396912	0.00021354337095117008
97989.94974874373	0.9675134653898463	0.70597723753257	0.0001891371053816703
99497.48743718592	0.9691933244215141	0.6863625729122266	0.00017664927394814414
101005.02512562815	0.9707863255257314	0.6673572774102952	0.00018658087885046207
102512.56281407036	0.9722969590006493	0.6489312109587048	0.0002060917625506366
104020.10050251256	0.9737294830940895	0.631068931049859	0.00024381446904164387
105527.63819095478	0.9750879359882543	0.6137454426324286	0.0002857791191797037
107035.17587939698	0.9763761471655572	0.5969415697357385	0.0003250320435445131
108542.7135678392	0.9775977481862805	0.5806389842742845	0.0003551465891050317
110050.25125628142	0.9787561829093997	0.5648149009623413	0.00036227084713907296
111557.7889447236	0.9798547171854542	0.5494621243992679	0.0003612629729921176
113065.32663316581	0.9808964480497079	0.5345556104825291	0.00034010068392896807
114572.86432160804	0.981884312441843	0.520078393341884	0.0003009898796126422
116080.40201005025	0.9828210954764307	0.506024737043413	0.0002679107491026144
117587.93969849245	0.9837094382880447	0.49237628077022966	0.0002422629445304677
119095.47738693467	0.9845518454727087	0.4791178258485013	0.00022634051989566802
120603.0150753769	0.9853506921453983	0.4662397604448162	0.00023256944778595446
122110.55276381908	0.9861082306338427	0.45372468717619885	0.0002515707433550666
123618.09045226131	0.9868265968261626	0.4415613359196856	0.00028114516844646924
125125.62814070353	0.9875078161900492	0.4297406726280395	0.00031920408803158735
126633.16582914573	0.9881538094802418	0.4182548602497647	0.00036243272578660176
128140.70351758793	0.9887663981503478	0.4070906390260322	0.0003976281753022999
129648.24120603014	0.9893473094842287	0.3962354977208891	0.0004149306180139234
131155.77889447234	0.9898981814622558	0.38567913699559314	0.0004104362518366961
132663.31658291456	0.9904205673754725	0.3754135496607319	0.0003864489191448323
134170.85427135677	0.9909159402026279	0.36544046460502866	0.0003683328201782859
135678.39195979902	0.9913856967612147	0.3557356529014486	0.0003334260458729862
137185.92964824123	0.9918311616443328	0.3462984963497401	0.00030575271064414234
138693.46733668345	0.9922535909545757	0.3371117089396167	0.00027455345435425726
140201.00502512566	0.9926541758457589	0.3281848366608287	0.000276010731279108
141708.54271356785	0.9930340458820256	0.31949686128871485	0.0002861264350964358
143216.08040201006	0.9933942722225229	0.3110502714840245	0.00032286559037327005
144723.61809045228	0.9937358706421	0.3028262186372936	0.0003556321224323324
146231.15577889446	0.9940598043947274	0.2948350486207799	0.00040919744689675054
147738.69346733668	0.9943669869289709	0.28704841238007345	0.00043573697651610603
149246.2311557789	0.9946582844622344	0.2794814058003991	0.00046548172010230657
150753.7688442211	0.9949345184223564	0.27210616586652053	0.0004577619475352602
152261.30653266335	0.9951964677624034	0.2649383020544577	0.000448755913417987
153768.8442211055	0.9954448711561052	0.2579610698837469	0.0004215624010877998
155276.38190954772	0.9956804290799228	0.25117412060796396	0.0003963521479745787
156783.91959798994	0.9959038057882035	0.24456056149771946	0.0003563950304588668
158291.45728643218	0.9961156311857807	0.23812950652443124	0.00033837987237726036
159798.9949748744	0.9963165026049862	0.23186409789141527	0.00032140239105639943
161306.5326633166	0.9965069864897892	0.22577402091891383	0.0003379710792705522
162814.0703517588	0.9966876199938496	0.21984767129683694	0.00037144656112982245
164321.608040201	0.9968589124952804	0.21407190466603218	0.0004071538107662272
165829.14572864323	0.9970213470330869	0.20844902608672683	0.0004429441000135191
167336.68341708544	0.9971753816689749	0.2029837333706386	0.0004892490757919081
168844.22110552763	0.997321450778978	0.19765403092658113	0.0005052129877329404
170351.75879396984	0.997459966277618	0.19247322934949876	0.0005236187948755387
171859.29648241206	0.9975913187789314	0.1874186198478051	0.0005008352209899019
173366.83417085427	0.9977158786978778	0.18250481410366412	0.0004763835597732404
174874.37185929652	0.9978339972940347	0.17772833008509636	0.000456953774955229
176381.90954773867	0.9979460076621993	0.17307188161550274	0.00042282887025250817
177889.4472361809	0.9980522256721623	0.16853162206126213	0.0003891506078899743
179396.98492462313	0.9981529508590958	0.16411586903221032	0.0003722842014469985
180904.52261306535	0.9982484672682809	0.15982608283979222	0.0003940275754836999
182412.06030150756	0.998339044256828	0.15564333553448448	0.00042164112180545797
183919.59798994978	0.9984249372534467	0.15156525033867213	0.00045102014257776085
185427.13567839196	0.9985063884784887	0.14758938226848944	0.00047822019457484377
186934.67336683418	0.9985836276272938	0.1437356471341252	0.0005366583135423926
188442.2110552764	0.998656872517488	0.1399745933244477	0.0005619927925189121
189949.74874371858	0.9987263297030552	0.1363131529516524	0.0005814637934826531
191457.2864321608	0.9987921950569942	0.13273714421499289	0.0005552742652147828
192964.824120603	0.9988546543229003	0.1292762334564068	0.0005562566533938384
194472.36180904522	0.9989138836390274	0.1259015917289323	0.0005405193918619672
195979.89949748747	0.9989700500350543	0.12261027342235971	0.000510355132873399
197487.43718592968	0.9990233119025523	0.11940505922115	0.00048342693374745264
198994.97487437184	0.9990738194423735	0.11628209218650952	0.000464547605522198
200502.51256281405	0.9991217150875084	0.11323326371655999	0.00044852164289740877
202010.0502512563	0.9991671339058605	0.11026424111368494	0.0004534392378333353
203517.5879396985	0.9992102039806189	0.10739703029327524	0.0005172614256215582
205025.12562814073	0.999251046771729	0.1045903233334153	0.0005531188891310791
206532.6633165829	0.9992897774581596	0.10184461719879104	0.000575121165536292
208040.20100502513	0.9993265052632274	0.09920070847289153	0.0006382129611313144
209547.73869346734	0.9993613337621863	0.09659254546220868	0.0006297119837941162
211055.27638190956	0.9993943611741137	0.09407681246223486	0.0006409999958377714
212562.81407035174	0.9994256806386842	0.09162714544184092	0.0006479689143535028
214070.35175879396	0.9994553804789942	0.08921307582995205	0.0005779983823274146
215577.88944723617	0.9994835444505918	0.0868903154639299	0.0005563801040514041
217085.4271356784	0.9995102519778325	0.08463651013084307	0.0005619633357582275
218592.96482412063	0.999535578377543	0.08242397748155082	0.0005434424514432561
220100.50251256285	0.9995595950715972	0.08025964827566104	0.0005169546771538922
221608.040201005	0.9995823697886062	0.07815455030668896	0.000510832527362171
223115.57788944725	0.9996039667545555	0.07610983631072485	0.0005312761324450186
224623.11557788946	0.9996244468743014	0.07412153891411576	0.0005690275145950298
226130.65326633168	0.9996438679033721	0.07218569195896035	0.0006111936964680477
227638.1909547739	0.9996622846104981	0.07029981776588462	0.0006469079804811169
229145.72864321608	0.9996797489324103	0.06846293254326097	0.0006696056674683206
230653.2663316583	0.9996963101202248	0.06667546631961388	0.0006783679468789514
232160.8040201005	0.9997120148777875	0.06493883031078207	0.0006777020272898727
233668.34170854272	0.999726907493984	0.06325343327324329	0.0006734419088859975
235175.8793969849	0.999741029967288	0.06161484141080707	0.0006646560862377665
236683.41708542712	0.9997544221239282	0.060011848434731487	0.0006397497136615898
238190.95477386934	0.9997671217307342	0.058434095738455344	0.0005914808203380836
239698.49246231158	0.9997791646014799	0.056888559925822264	0.0005465194913771016
241206.0301507538	0.9997905846978314	0.05540072598639273	0.0005597093399402063
242713.567839196	0.99980141422507	0.053977868456345564	0.0006369257333322768
244221.10552763817	0.9998116837232662	0.052580818152253773	0.0006916309369461301
245728.6432160804	0.9998214221532791	0.05118275569914312	0.0006777257529161273
247236.18090452263	0.999830656978342	0.049834206616147604	0.0007012500224104012
248743.71859296484	0.9998394142415804	0.048564892307193	0.0007975700510515289
250251.25628140706	0.9998477186392689	0.04729795242830197	0.000798156094222421
251758.79396984924	0.999855593590411	0.04602863892013901	0.0007231057317553006
253266.33165829146	0.9998630613034187	0.04485130244818719	0.0007639538359219061
254773.86934673367	0.9998701428378697	0.043696825735136474	0.0007548488962645435
256281.40703517586	0.9998768581640245	0.042515127514559076	0.000637218966144512
257788.94472361807	0.9998832262194604	0.04143327084371713	0.000684952912773411
259296.48241206023	0.9998892649625408	0.040361401125561795	0.0006780690105633603
260804.0201005025	0.9998949914233433	0.03926724048220916	0.0006044157581789945
262311.5577889447	0.9999004217507843	0.03828799222499701	0.0007329798175843539
263819.09547738684	0.9999055712589016	0.0372647289150429	0.0007001696111885146
265326.6331658291	0.9999104544697053	0.03628199000802405	0.0007404742534711612
266834.1708542713	0.9999150851543386	0.035374905174151816	0.0008563698217658555
268341.70854271355	0.9999194763717593	0.03439768363397438	0.0007700896440578231
269849.24623115576	0.9999236405055637	0.03354941818727649	0.0009073724079386634
271356.7839195979	0.9999275892987294	0.032643471776774	0.0008183451149413
272864.3216080402	0.9999313338873577	0.03179504727792677	0.0008330643596623318
274371.85929648235	0.9999348848317117	0.030988885841715857	0.000835524578994249
275879.3969849246	0.9999382521456528	0.030134302752275806	0.000716964088407908
277386.9346733668	0.9999414453248497	0.029407815960719768	0.000818191162619661
278894.47236180905	0.9999444733748166	0.028575031837365154	0.0006527795455813755
280402.0100502512	0.9999473448348614	0.02789200115892432	0.0008091339711729867
281909.5477386934	0.9999500678025851	0.02711028078038182	0.0006854210096431257
283417.0854271357	0.9999526499568339	0.026443463210347535	0.0008386196894475103
284924.62311557785	0.9999550985794073	0.02572819444016825	0.0007925974978807219
286432.16080402	0.999957420576004	0.025065589778184363	0.0008880585334629674
287939.6984924623	0.9999596224944395	0.024418569968613923	0.0009065446428764521
289447.23618090444	0.9999617105447227	0.023759289490925213	0.0009083213707149753
290954.7738693467	0.9999636906155452	0.023174538375868796	0.0009639762730101168
292462.3115577889	0.9999655682904068	0.022522804044300897	0.0008684083321441022
293969.8492462311	0.9999673488646265	0.02199182950967837	0.0009511956456354876
295477.38693467336	0.9999690373596638	0.02135275875030556	0.0007876124454569296
296984.9246231155	0.9999706385372867	0.02086758427704748	0.0009106662507335206
298492.4623115578	0.9999721569126843	0.020245168842323795	0.000722695797875872
299999.99999999994	0.9999735967681043	0.019799490557271423	0.0009037822424189229
