0.0	0.07356607973432383	80.5144950762471	0.0
50.0	0.20681233060518378	102.07272740592107	-81.42830318459038
100.0	1.0866463205891908	56.391844643337414	-103.91706297251395
150.0	0.46312779249009123	83.4676070673868	-47.31130188203499
200.0	0.8505838943606364	82.85464759522687	-169.8808651651873
250.0	0.8112069969044297	80.98175414262512	-148.7890472889963
300.0	0.8956405120414536	68.6225676158703	-39.40953499062838
349.99999999999994	1.1404932267964238	63.99120641130302	36.49125331324751
400.0	1.0219771460827267	57.51208358816055	130.1842639369851
449.99999999999994	1.1375242839779365	60.28321273543042	-176.43968828098858
500.0	0.9271572119851775	73.77027900561166	-110.92028951942402
550.0	1.1444893738914497	63.61176598417328	161.04309697163112
600.0	1.1982930468274637	49.12724307527274	-170.9392876695596
650.0	1.067875519570477	66.32347703954271	-14.468510606913835
699.9999999999999	1.0490036889683636	55.18192373034086	60.35642069307196
749.9999999999999	0.5353276946977258	88.52213603896283	3.8432260430900973
800.0	0.47015096786394794	70.83646524833193	-35.711040372899205
850.0	0.5053323099597705	89.67319075887082	1.5405949501242386
899.9999999999999	1.5462691127946138	42.21168601439721	-112.4002384175115
949.9999999999999	1.3353357997580158	45.300990502798584	-173.42542955447527
1000.0	0.8681225263511162	51.6336180323824	-9.053606096399516
1050.0	1.1472101978324105	62.407741879054534	-12.250977370538893
1100.0	0.9413882529181758	72.9496552984015	-173.12809263080567
1150.0	0.9103391313569826	67.44707116743318	-86.42998139242849
1200.0	0.8799495290067512	76.0746287551459	46.41806870207032
1250.0	0.8545385605383048	61.62585437974317	-18.411497055486123
1300.0	0.7989597677807555	66.79137783264092	-66.1528898411683
1350.0	1.0454942064451977	65.04872546103982	8.167904605101192
1400.0000000000002	1.2531336663914754	55.74668674235273	88.15338027044274
1449.9999999999998	0.9635314661941483	52.86450415129984	132.61528411372285
1500.0000000000002	0.8954335914721891	63.430256037514	13.136056147415095
1549.9999999999998	1.1351966084666518	61.01130282861939	-35.63689292347883
1600.0	1.3585183438926174	40.19677087198903	-161.40401545765096
1650.0	0.755058927544085	61.9103927662235	8.651603895337491
1700.0	1.2648038609406598	52.23879051320097	124.67933837295317
1750.0	0.965700639774611	63.557164912709695	-136.49308683079985
1800.0000000000002	1.380157881323188	43.5026510872509	-30.004142489286224
1849.9999999999998	1.2804045738830825	51.956103810739116	-77.79430004798883
1900.0000000000002	1.3412593732608085	46.864145178944256	-111.54842504884647
1949.9999999999998	1.3662121996313643	45.958467244057694	-167.14446233993576
2000.0	1.416976122740609	48.20549022101737	145.9414438130297
2050.0	1.2160842068290845	54.06768289042228	118.52492446938834
2100.0000000000005	1.1132881511834416	50.61324853790194	-83.68444405754641
2150.0	0.32071045093754097	48.04385361617609	-51.08755356152559
2200.0000000000005	0.354555130571679	70.61841431212248	145.08022294064236
2250.0	1.1471367909884482	56.796425731768764	32.38627718373059
2300.0	1.0142668743298617	60.43847064700165	-167.73632828494678
2350.0000000000005	1.3833393677959789	48.50167424352964	-179.2983869931187
2400.0	0.782879824857044	66.37670740839309	0.6736021457693754
2450.0000000000005	0.3608404197875143	44.390272481103516	-109.67791054946198
2500.0	0.4012868579876941	75.40006222063701	-91.84637555182728
2550.0000000000005	1.4697677206338904	36.898331224577966	89.43235473130787
2600.0	0.811751252653718	62.35731996338912	155.6755094759931
2650.0000000000005	1.174312103629924	47.6419596731852	20.891716072955433
2700.0	1.512914742817568	36.028078318736505	118.06688877466912
2750.0	1.0575195534433013	45.466171544988924	33.429424973896005
2800.0000000000005	0.6827685630813762	73.27054840130675	-175.6268624981461
2850.0	0.5797738608289408	50.90699261254128	31.840345674381545
2900.0000000000005	0.4007074284942615	43.96601839744558	47.46390588473269
2950.0	1.4035914663936542	33.78105003219402	-142.25482397584432
3000.0000000000005	1.5605262424439876	39.891661444589026	116.81675346766082
3050.0	1.7059209401643216	30.423438141350704	-94.85648641126014
3100.0000000000005	1.519158358163422	38.075315930197746	-84.05469951292619
3150.0000000000005	0.8740349359425238	60.34193616205365	46.35022057550589
3200.0	0.8037585096208659	50.353200824095175	-104.88602623857365
3250.0000000000005	0.4841409416750998	64.66872385920173	-177.69691242580203
3300.0	0.8141315218322019	56.74570388725324	145.1497588918266
3350.0000000000005	1.3013124577012516	51.523279013839606	-41.4738017549443
3400.0	1.4344515368718638	44.59668889546154	77.18156901265768
3450.0000000000005	0.5305527868610973	45.52502333903582	-157.33288337692517
3500.0	0.9283497337913438	48.92482865329451	138.50518201295998
3550.0	1.2892002349250042	34.651672663588016	131.44993723965783
3600.0000000000005	1.0041634270468607	40.88134078549919	-103.1543459756117
3650.0	1.1822140182462448	53.72576916873803	-35.16801756533517
3700.0000000000005	0.8905091913523487	38.71005561296976	-69.45410394191303
3750.0	0.6089549935752561	36.66018729763924	85.71117608921877
3800.0000000000005	0.4446941952274029	59.75748869936307	-27.068541122932682
3850.0	1.7241745453262005	27.482617171241245	-93.40500316680631
3900.0000000000005	1.5086244200336927	24.662363974497012	-12.588888223449691
3950.0	0.5408734289133171	45.334037729601626	-112.86706265001361
4000.0	0.2685395504378899	57.56019765478722	-71.17702750789137
4049.9999999999995	0.299646122382949	16.03683882688862	-153.35696249813827
4100.0	0.40248686600387307	26.077993589333087	131.85913626290267
4150.000000000001	0.3740777002298444	29.867107249086214	-172.4550564633965
4200.000000000001	0.24005809732839703	15.15066351465032	-24.934232692743272
4250.000000000001	0.4646519279879876	48.48431008515488	29.47202465700496
4300.0	0.8598501396575472	33.980561703582765	4.308535287261892
4350.0	0.5715732905880746	44.259819198006134	90.99674518833778
4400.000000000001	1.234346522842629	22.455142314311146	95.13548593012315
4450.000000000001	1.1720529145224607	33.44447888404677	-151.4205593396533
4500.0	1.151041909819719	35.510105951658225	163.3939560762294
4550.0	1.1822065058289666	37.78590518374275	107.32161916246532
4600.0	1.2105169696803921	30.729837904465857	-118.88318080782764
4650.000000000001	0.8507210618099104	51.42095424159109	-69.28732060788471
4700.000000000001	0.8021969952478063	38.998986630200186	-4.6515348266220915
4750.0	1.0224917863309289	40.66683308136806	117.32974873722601
4800.0	1.2374375729391391	27.38188426724931	-154.1843065622788
4850.000000000001	1.589116108933119	6.133177615860267	95.01348610963943
4900.000000000001	1.4848987007023629	17.587766231524675	-42.50865771822673
4950.0	1.4064493325609055	11.166554937549737	34.243084563320274
5000.0	1.3696862828993366	23.236264595529786	163.89979007054345
5050.0	1.707940764280333	16.957602617961644	69.72705308195356
5100.000000000001	1.1454397407898012	26.65053213362345	-100.74538658575125
5150.000000000001	1.5195604704737775	25.08826858301414	17.975045695920876
5200.0	0.5376277875901891	26.770675453154166	-113.2251904516476
5250.0	1.5172485261863018	28.883244609387724	154.46612224540596
5300.000000000001	0.8246049284560768	39.58123789810356	-59.41843778889584
5350.000000000001	1.1128734196273729	37.967248349272445	77.6296684936655
5400.0	1.204993119208819	44.27606144343224	46.65906331847211
5450.0	1.2927163000926665	21.78076576716435	-2.8341136060323713
5500.0	0.9035873299003835	29.399345730318224	42.12607440583592
5550.000000000001	1.252154126101898	42.268654773573346	-38.07433342351622
5600.000000000001	1.0716053825729595	23.517781589210447	89.90293283788067
5650.0	1.3102892629729936	17.273985419733393	171.59164437932677
5700.0	0.6598508056658554	51.647272072688914	-10.5750667355127
5750.000000000001	0.7574660851128608	42.26854205446095	138.67887604388915
5800.000000000001	1.2910568473320923	18.157831524623518	-109.5413425068063
5850.000000000001	0.5867958935315564	21.01143091497296	54.64415437227387
5900.0	1.1398659709157632	24.363110182020783	124.56351427592787
5950.0	0.6637151992226684	33.82627304635014	-108.00090443661787
6000.000000000001	0.9388535629126147	34.70358195506808	143.55686991893523
6050.000000000001	0.8525051074051302	40.09704312926389	133.08442905456857
6100.0	0.643229287644165	30.76105992624968	64.74728815153794
6150.0	0.7505517480815246	20.52178428463431	41.60768752281119
6200.000000000001	0.5311709535728617	49.52129484083315	-161.9725753013655
6250.000000000001	1.134504110719942	20.938987579134228	137.18297979824163
6300.000000000001	1.5004219668860534	4.956264585650548	-89.2800579509334
6350.0	1.007846434436572	44.06385635220138	-1.8274025574632549
6400.0	1.0435370336144063	20.96836295077573	80.08392472117478
6450.000000000001	1.3567682076569663	27.313694926402704	138.43612577491913
6500.000000000001	0.7604624321683354	36.45745721355387	7.293496128846139
6550.0	1.3413054200314487	30.754601038431726	125.9740508263298
6600.0	0.9230889079270111	36.86622610035829	-91.32892745539768
6650.000000000001	1.3035870574586645	16.67039065610541	4.3461972583559625
6700.000000000001	1.5745517877185817	4.406419722511672	-138.61587184234358
6750.000000000001	0.7464283000633478	24.88202197507096	62.00722800633445
6800.0	0.9760036554779687	35.30516428928317	175.07305226773758
6850.0	0.615525308154263	46.618341502040934	-111.17753535513916
6900.000000000001	1.0442007187267235	11.309525734940541	121.17052770193642
6950.000000000001	1.0998024997319071	11.92089737115456	143.50454618256632
7000.0	1.4625967960703403	6.1901554733091615	-3.0096219029624645
7050.0	0.8860096396180986	34.141138845314025	-66.02054826062066
7100.0	1.1188558358270833	34.69271031270311	108.03404360397117
7150.000000000001	0.9812409700680859	12.683916131801695	46.48312682203863
7200.000000000001	0.8886915351666053	26.004952276796644	-106.39262523241172
7250.0	0.5687439826932481	36.78072562723909	29.78203812282239
7300.0	1.1607649626878382	31.86489664267474	89.71704904091227
7350.000000000001	0.7710061532448041	20.0232169945016	-52.163485417587786
7400.000000000001	1.4225527109301979	32.56201774004149	53.93129603978954
7450.0	1.0819686006071292	31.466438710946992	-140.8989153219432
7500.0	0.9298020342903572	42.22254018116308	-114.4925779581795
7550.0	1.091977082774708	39.023414625795056	140.97200547683929
7600.000000000001	0.9526194087829438	29.15469835938188	36.38408707519066
7650.000000000001	0.6138261979363775	42.89379732436069	168.361553572207
7700.0	0.7626730750224511	25.258805352077196	49.7366211967488
7750.0	1.3364143904285903	14.793705990415013	4.770606176852223
7800.000000000001	0.8796134065062017	32.934316770583656	-101.40596462673857
7850.000000000001	1.050261098183959	36.83766406489344	111.0898318482612
7900.0	1.1761609333352063	25.320542994436845	127.44381492629526
7950.0	1.4218218645811178	25.793723461565833	-134.09800617238545
8000.0	1.2980391729077436	24.207925744074604	49.58323577588794
8050.000000000001	1.3991684240619828	28.076762212905678	-164.59920962079593
8099.999999999999	1.3113564556091402	31.413737203806996	-53.70288897420751
8150.0	1.1113218020709705	32.54387814184878	-45.08868071292535
8200.0	0.8519521413645291	36.919040756015335	168.4067084260673
8250.0	1.4818286854720608	3.554920273975205	-133.7312499428842
8299.999999999998	1.2579792085950874	17.364854765526285	44.11303471778622
8350.000000000002	0.8753937628093152	20.976550544977787	-162.5744482537495
8399.999999999998	1.473627653161737	11.97894771010468	-33.8798695453913
8450.000000000002	0.7903510896636642	13.93298194830767	-41.13833301233766
8499.999999999998	1.3527190981739106	17.122683706089234	78.805860650788
8550.0	1.2924113022230497	18.18848270578215	-29.135233558861934
8600.0	0.5953689371035213	13.61764232991197	-165.41382776964457
8650.0	1.454505328100145	6.586410664029711	-178.25259304592777
8700.0	1.5829538860932963	6.22826034995843	-136.13080343586748
8750.0	0.7750277120005953	12.53600309258948	107.5325120912903
8799.999999999998	1.2325732674198988	19.83637899124222	119.90945306505832
8850.000000000002	0.8223902382147774	21.733088640882244	-123.16600545594287
8899.999999999998	0.8024961631155866	34.897107030842264	-63.743298574004285
8950.000000000002	1.3275116396517999	9.684045638123626	124.94746870676866
9000.0	1.3069395047104773	25.698914879063043	68.37583337933893
9050.0	0.8835090119623343	32.71895706378226	53.85867290833724
9100.0	1.1891820880875905	18.719464530168977	31.19167162828985
9150.0	1.3638135627673447	19.813575895026737	12.407710815154683
9200.0	0.6205910505098751	18.78600624411057	49.01181976635935
9249.999999999998	1.3025995448118033	24.533063774983813	-133.1663795962865
9300.000000000002	0.9494832128342827	20.900818085993674	141.43522674166553
9349.999999999998	0.7477743344002313	24.808806175678278	52.08479017498127
9400.000000000002	1.2528522064595242	9.932323520795695	74.3990020435667
9450.0	1.282669298029296	19.319536241306132	-153.51448158087217
9500.0	1.3920366953678445	5.27548268369756	70.59051133394034
9550.0	1.2223470748697591	25.125713140621414	87.72714290389577
9600.0	1.2800760091896253	20.210781590270788	96.28357469739117
9650.0	1.1892372882246571	25.44765472044539	-35.60777592332536
9699.999999999998	1.4775804646464068	18.522692188082523	-4.056674587194395
9750.000000000002	1.328825732986777	2.143603526408147	-43.70072972898987
9799.999999999998	0.8365125081124042	17.71410427272271	-76.87211582619604
9850.000000000002	1.0449181519837158	18.237788982953234	-108.27030025667243
9900.0	0.9652646114220113	30.606435471654418	-121.86437331753451
9950.0	1.2432221538188424	16.53222103977021	-42.76306533340505
10000.0	1.40301536442891	14.190457239255313	-172.2036020796314
