0.0	1.8689025744473002	23.97139981220987	0.0
1507.537688442211	1.827466440580996	23.869519689665008	1.4347241251507165e-05
3015.075376884422	1.7879647266131673	23.753798142426177	4.438190167894104e-05
4522.613065326632	1.7503065151326536	23.624528009041153	8.471470787962601e-05
6030.150753768844	1.7144054312539951	23.48203905085523	0.00012765572537807373
7537.688442211054	1.6801794062341797	23.326696094031977	0.00016505947361545312
9045.226130653265	1.6475504468382955	23.15889656465902	0.00018992097854006375
10552.763819095477	1.616444411702523	22.979067739365366	0.0001980125912652896
12060.301507537688	1.586790796431267	22.78766357521266	0.0001887899995051299
13567.8391959799	1.558522529304237	22.585161432420907	0.00016548323227234701
15075.376884422109	1.5315757791688989	22.37205878142723	0.0001344581450265173
16582.91457286432	1.505889776458457	22.14887008969032	0.00010374721089583294
18090.452261306535	1.4814066474473198	21.916123938333303	8.127474378051096e-05
19597.989949748742	1.4580712609983957	21.674360538920098	7.321438148446559e-05
21105.527638190953	1.4358310863556456	21.424129360512463	8.246751864360771e-05
22613.06532663317	1.414636060135715	21.16598713091262	0.00010814543116034963
24120.603015075376	1.3944384606426588	20.900495789454123	0.00014572910512468008
25628.14070351759	1.3751927879485306	20.6282203614561	0.00018802142827651253
27135.6783919598	1.3568556487463748	20.349726813230195	0.00022679985752225172
28643.21608040201	1.3393856456384747	20.065579605863213	0.00025459355454732457
30150.753768844224	1.322743271114439	19.77633913826941	0.0002663235470214925
31658.291457286432	1.306890806876792	19.482559154842377	0.00026043116537648127
33165.82914572864	1.2917922293173119	19.18478420940196	0.0002392271713194241
34673.36683417086	1.277413121813183	18.883547290115274	0.00020836811347314067
36180.904522613055	1.2637205942027774	18.579367887208488	0.00017564359634402756
37688.44221105528	1.2506832093131004	18.272750322210094	0.00014923149493148734
39195.979899497484	1.2382709159308272	17.964182606115198	0.00013590803383346838
40703.5175879397	1.2264549872423556	17.65413569398246	0.0001395604048921806
42211.05527638191	1.2152079635475819	17.343063052897907	0.00016033870758972083
43718.59296482413	1.2045035980582441	17.03140021736843	0.0001945812908293634
45226.13065326632	1.1943168047955264	16.719564750943732	0.00023567743358523038
46733.668341708544	1.1846236079457781	16.407955810218777	0.0002754836098210722
48241.20603015075	1.1754010924336686	16.096953815784914	0.00030613157571531035
49748.74371859296	1.1666273558387596	15.786920021932273	0.0003217692754973205
51256.28140703518	1.1582814620400974	15.47819585070814	0.00031982192527362543
52763.819095477375	1.1503433970839905	15.17110260417361	0.00030159706779144544
54271.3567839196	1.1427940277243698	14.865940961766148	0.0002719686046345498
55778.8944723618	1.1356150629113209	14.56299082777205	0.0002383029151410698
57286.43216080402	1.1287890182527596	14.262511718866582	0.00020887434693171473
58793.96984924623	1.1222991832103781	13.964742951797396	0.00019099748305674525
60301.50753768845	1.1161295905737534	13.66990459522728	0.00018945355647479432
61809.04522613064	1.1102649876327413	13.37819818765348	0.00020541063433895997
63316.582914572864	1.1046908084586884	13.089807838273313	0.00023618239501122518
64824.120603015086	1.0993931468043001	12.804901200779925	0.0002758209162397195
66331.65829145728	1.09435872931021	12.523630096926903	0.0003164017628530297
67839.19597989951	1.0895748889202055	12.246131588091599	0.0003498134229385019
69346.73366834172	1.08502953860682	11.972528142973642	0.00036950001962339556
70854.27135678392	1.0807111456537213	11.702928205633839	0.00037192590973325997
72361.80904522614	1.0766087068126398	11.437426504881952	0.00035735157691160475
73869.34673366834	1.0727117246320874	11.176104421458183	0.0003297768160943706
75376.88442211055	1.06901018516946	10.919030378077897	0.0002960588143890224
76884.42211055275	1.0654945371633957	10.666260407297814	0.00026440169037778895
78391.95979899497	1.0621556725987011	10.417838946378643	0.00024255957986688776
79899.4974874372	1.058984908471356	10.17379958821711	0.00023611722021212248
81407.0351758794	1.0559739694840973	9.934166058902093	0.0002472620887915163
82914.57286432161	1.0531149713831662	9.698953356757047	0.00027432043380436834
84422.11055276381	1.0504004046872701	9.468168295649695	0.00031209090376648174
85929.64824120603	1.0478231186428086	9.241810823317701	0.0003530389139815547
87437.18592964826	1.0453763053469585	9.019873997049894	0.00038889830339794125
88944.72361809044	1.0430534840832952	8.802345043734816	0.00041254010612660455
90452.26130653267	1.0408484859947897	8.58920529622801	0.0004195115314119844
91959.79899497489	1.0387554392605913	8.380430699581863	0.00040903431190753096
93467.33668341709	1.0367687549409705	8.175991837334385	0.00038416643283212216
94974.87437185929	1.0348831136135417	7.975854229756859	0.0003511280163564555
96482.4120603015	1.0330934528575435	7.7799786890001	0.00031794307891179404
97989.94974874373	1.0313949555662558	7.588321587764064	0.00029265522536631
99497.48743718592	1.0297830390011369	7.400835577367879	0.000281578538072881
101005.02512562815	1.028253344452916	7.21747006096964	0.00028789581137008335
102512.56281407036	1.0268017273596204	7.038171598145936	0.00031095083798872864
104020.10050251256	1.0254242477443236	6.862884708660928	0.0003464078769183543
105527.63819095478	1.0241171608737167	6.691552151880315	0.0003871948477868662
107035.17587939698	1.0228769080916786	6.524115382779377	0.0004250689624071097
108542.7135678392	1.0217001078343768	6.360514715019848	0.0004524274428627495
110050.25125628142	1.0205835468785016	6.2006892885014135	0.00046397070835557674
111557.7889447236	1.0195241718996508	6.044577500016219	0.0004578976619136592
113065.32663316581	1.0185190814218568	5.892116454110736	0.0004362602072322215
114572.86432160804	1.0175655182223327	5.743242606680737	0.0004045594325915048
116080.40201005025	1.0166608622241788	5.5978912189616175	0.00037048738835328775
117587.93969849245	1.0158026238725282	5.455997080231465	0.000342278762359101
119095.47738693467	1.0149884379532776	5.317494314209184	0.0003268661868823959
120603.0150753769	1.0142160577869097	5.182316558680929	0.0003283499013839206
122110.55276381908	1.0134833497189044	5.050398059001849	0.0003471485444164255
123618.09045226131	1.012788287831125	4.921672612779963	0.0003798190164174392
125125.62814070353	1.0121289488154908	4.796075068225716	0.00041989897772209863
126633.16582914573	1.011503506976527	4.673540965845537	0.00045929101521246477
128140.70351758793	1.010910229357363	4.55400609656897	0.0004900186829910185
129648.24120603014	1.0103474710065727	4.437407680518177	0.0005060557074145704
131155.77889447234	1.0098136704206757	4.323682984977861	0.0005045637873745081
132663.31658291456	1.0093073451993453	4.212770476780204	0.0004866016025202157
134170.85427135677	1.0088270879479775	4.1046088826350635	0.00045683487806254486
135678.39195979902	1.0083715624447185	3.9991373498360425	0.0004225210069263783
137185.92964824123	1.007939500072813	3.8962957065158563	0.00039193220241773974
138693.46733668345	1.007529696500055	3.796024144570034	0.00037250168416851775
140201.00502512566	1.0071410085731818	3.6982639066014937	0.0003692306879362819
141708.54271356785	1.0067723513870406	3.6029567816909056	0.0003835405003249605
143216.08040201006	1.0064226954872595	3.5100455699851034	0.00041298631978657174
144723.61809045228	1.0060910641744598	3.419474388445834	0.0004518045978749868
146231.15577889446	1.0057765308872415	3.331188259240737	0.0004921499837241357
147738.69346733668	1.0054782166578922	3.2451335378535737	0.0005258473967109417
149246.2311557789	1.0051952876446497	3.1612576486466435	0.0005461821846002452
150753.7688442211	1.0049269527564475	3.0795091713369205	0.0005493865148528086
152261.30653266335	1.0046724613866125	2.9998378280036104	0.000535467305536593
153768.8442211055	1.0044311012738258	2.922193713223272	0.0005081757795841822
155276.38190954772	1.0042021964997674	2.846528351410172	0.0004742366056049982
156783.91959798994	1.0039851056267435	2.7727936487701785	0.0004418171673001804
158291.45728643218	1.0037792199662714	2.7009425607136435	0.0004187676048969961
159798.9949748744	1.003583961965425	2.630928647077253	0.0004108549854040776
161306.5326633166	1.0033987836888967	2.56270630226625	0.0004205145178329519
162814.0703517588	1.003223165377759	2.496231585366708	0.000446349197880012
164321.608040201	1.0030566140657562	2.4314604552498307	0.0004833373395117356
165829.14572864323	1.0028986622404334	2.3683511274059623	0.0005240642434652752
167336.68341708544	1.0027488665435824	2.3068623872598866	0.000560263752468394
168844.22110552763	1.0026068065120142	2.2469537613710635	0.000584650939421322
170351.75879396984	1.0024720833635181	2.1885863698947023	0.0005925680222108236
171859.29648241206	1.0023443188375831	2.131721671121965	0.0005829584969042072
173366.83417085427	1.0022231540993083	2.0763226290153	0.000558655147602244
174874.37185929652	1.0021082487116864	2.0223525771043365	0.0005257054511690936
176381.90954773867	1.0019992796792505	1.9697751049230847	0.0004920334343292703
177889.4472361809	1.0018959405608667	1.918555731982777	0.0004657882894571234
179396.98492462313	1.001797940642717	1.8686591591075508	0.00045340470375839745
180904.52261306535	1.0017050041637934	1.8200523611772248	0.00045834310216927586
182412.06030150756	1.0016168695834535	1.7727020741355366	0.0004801939629795521
183919.59798994978	1.0015332888803996	1.7265761078128419	0.0005148398718592232
185427.13567839196	1.001454026875708	1.6816434467400412	0.0005553629747791421
186934.67336683418	1.0013788605773448	1.6378738173796887	0.0005935481161481173
188442.2110552764	1.0013075785440193	1.5952367933673166	0.0006216330732514909
189949.74874371858	1.0012399802719698	1.5537050366057792	0.0006342085467952506
191457.2864321608	1.0011758756082594	1.5132490928502844	0.0006291220704681515
192964.824120603	1.0011150841941086	1.4738426618392955	0.0006082469123973134
194472.36180904522	1.0010574349429882	1.435458919786378	0.0005768629269877862
195979.89949748747	1.001002765554282	1.398071394769606	0.0005425588807237869
197487.43718592968	1.0009509220609514	1.3616544971196958	0.0005135837611985594
198994.97487437184	1.0009017584102955	1.3261831791494216	0.0004970101804165566
200502.51256281405	1.000855136070902	1.2916329337134678	0.0004971769633308743
202010.0502512563	1.0008109236634077	1.2579801144895955	0.0005147517677501086
203517.5879396985	1.0007689966068585	1.2252018120944799	0.0005465811208912102
205025.12562814073	1.0007292367791274	1.1932745664315676	0.0005863079021578005
206532.6633165829	1.0006915321877203	1.1621764659242508	0.0006258753661165906
208040.20100502513	1.0006557766512791	1.1318873591237912	0.0006573399099840056
209547.73869346734	1.000621869491132	1.1023846022318848	0.0006743575873818142
211055.27638190956	1.000589715235671	1.0736501243417682	0.0006739949600709376
212562.81407035174	1.000559223339614	1.0456623531743532	0.0006569148000273061
214070.35175879396	1.0005303079202794	1.0184031657192678	0.000627637818105904
215577.88944723617	1.0005028875109556	0.9918541181014537	0.0005933093424249247
217085.4271356784	1.0004768848323446	0.9659955232494982	0.0005621129326230757
218592.96482412063	1.0004522265798437	0.9408100549062132	0.0005416460286591357
220100.50251256285	1.0004288432253348	0.9162807617285492	0.0005371319815944766
221608.040201005	1.0004066688310884	0.8923902413318512	0.0005502396453228812
223115.57788944725	1.0003856408721594	0.8691214885545158	0.000578761631338656
224623.11557788946	1.000365700066556	0.8464582507718422	0.0006171121196788327
226130.65326633168	1.0003467902106609	0.8243848804001586	0.0006575460667287175
227638.1909547739	1.0003288580194722	0.8028861813395647	0.0006918575957885075
229145.72864321608	1.0003118529726176	0.7819473557647411	0.0007131861760176463
230653.2663316583	1.0002957271660742	0.7615539872883393	0.0007175282922755594
232160.8040201005	1.0002804351704813	0.7416920159193263	0.0007046193861709405
233668.34170854272	1.0002659338986841	0.722347699005069	0.0006779915298744456
235175.8793969849	1.0002521824808546	0.7035075741620238	0.0006441946977630466
236683.41708542712	1.0002391421486068	0.6851584566965907	0.0006113546639831609
238190.95477386934	1.0002267761282126	0.667287506220245	0.0005873872705942625
239698.49246231158	1.0002150495403614	0.6498823432793269	0.0005782624404573743
241206.0301507538	1.0002039293064082	0.632931073420238	0.0005866933801592591
242713.567839196	1.000193384059512	0.6164220313189819	0.0006115279928813353
244221.10552763817	1.000183384059645	0.6003433714185331	0.0006479790696458436
245728.6432160804	1.000173901111541	0.5846831646616976	0.0006886766467794312
247236.18090452263	1.0001649084846793	0.5694303664761553	0.000725338582730543
248743.71859296484	1.000156380836514	0.554575389912852	0.0007506329334002483
250251.25628140706	1.0001482941378879	0.5401086472728662	0.0007597241946582144
251758.79396984924	1.0001406256022045	0.5260189487009445	0.0007512437415412482
253266.33165829146	1.0001333536189547	0.5122954886832827	0.0007276842878007758
254773.86934673367	1.0001264576902011	0.498930354120844	0.0006950015934252791
256281.40703517586	1.0001199183721892	0.4859152368712408	0.0006611454466628578
257788.94472361807	1.0001137172216978	0.47323870342596674	0.0006341371058692248
259296.48241206023	1.000107836745388	0.46089177816536636	0.0006205913965797538
260804.0201005025	1.000102260353175	0.4488686039287369	0.0006243384399601039
262311.5577889447	1.0000969723126323	0.4371588256802425	0.0006451568758158217
263819.09547738684	1.0000919577073573	0.42575253383701006	0.0006790433895884851
265326.6331658291	1.0000872023953424	0.41464543339560006	0.0007194258176343867
266834.1708542713	1.0000826929696165	0.4038280057049637	0.0007580272213376486
268341.70854271355	1.0000784167195442	0.3932905351593566	0.0007868975199421075
269849.24623115576	1.0000743615937027	0.38303017696295383	0.0008006135502164331
271356.7839195979	1.0000705161641774	0.3730368129123927	0.000796702520932755
272864.3216080402	1.0000668695935593	0.3633025219385458	0.0007766319324977847
274371.85929648235	1.000063411602802	0.35382511517306453	0.0007457742100653559
275879.3969849246	1.0000601324416178	0.34459274220535013	0.0007113373902980828
277386.9346733668	1.0000570228609131	0.3356015760746374	0.0006817058491183896
278894.47236180905	1.0000540740888202	0.3268470050795086	0.0006642197376377801
280402.0100502512	1.0000512778053932	0.3183175245397549	0.0006631078390870054
281909.5477386934	1.0000486261207373	0.3100136298215288	0.0006796521393701414
283417.0854271357	1.0000461115538837	0.3019248124161815	0.0007106746807523822
284924.62311557785	1.0000437270122389	0.2940461273252142	0.0007500320011510217
286432.16080402	1.0000414657722705	0.28637575493634443	0.0007899859718774055
287939.6984924623	1.0000393214590388	0.2789014391081684	0.0008220334642101544
289447.23618090444	1.0000372880292514	0.27162585401397504	0.0008402284898907068
290954.7738693467	1.000035359752374	0.2645376598901734	0.0008409431313684212
292462.3115577889	1.000033531193385	0.25763469959055696	0.000824811317080263
293969.8492462311	1.000031797197984	0.2509138777806583	0.0007962172790967427
295477.38693467336	1.0000301528770976	0.24436464560603438	0.0007617861731675937
296984.9246231155	1.0000285935932527	0.23799115551733208	0.0007302826872644248
298492.4623115578	1.0000271149473612	0.23177927328586592	0.0007088131932391841
299999.99999999994	1.0000257127676913	0.22573314413699525	0.0007032247421108651
