0.0	0.28368490751916364	10.997783237833254	0.0
50.0	0.48013594060424475	15.055864634292883	-60.3576853827661
100.0	0.32458855342922655	22.06786911684376	-77.16428467732797
150.0	0.5222305464479303	16.913322696385556	-23.604487139057813
200.0	1.3153291150324302	24.738615510296718	151.00575510700628
250.0	1.3194601356917883	17.23083927379006	-58.180656746487536
300.0	1.3811221754824388	19.151946978044595	132.0828685071594
349.99999999999994	0.9516732000315306	11.35492800983614	77.11529677755429
400.0	1.3883643854498147	16.202101045330977	-143.83447708828507
449.99999999999994	0.7889748398358042	32.8154944260056	100.92680049847203
500.0	1.1635261115943034	29.014173479178737	83.73499568533889
550.0	1.2386828275062867	29.498350611063653	-49.616290946932864
600.0	0.7349865385664697	22.907903840566593	68.02070151806251
650.0	1.01567444936688	26.44146785068461	99.20062735859258
699.9999999999999	0.8964950551383428	27.84076981741216	168.95788072119674
749.9999999999999	0.6491701837505964	5.966722283008424	-25.841460415269893
800.0	1.3044947265605455	24.205893762547156	133.0539403204588
850.0	1.2692178243634225	18.04692047688617	-89.6360620811991
899.9999999999999	1.009447991045437	37.318477494841865	171.37806801660824
949.9999999999999	1.2607255759833547	20.115435697255073	114.98249711506287
1000.0	1.4280250701579376	15.2063324638439	1.5419305860701653
1050.0	0.8936275465564023	19.742510707355933	-48.40353159043703
1100.0	0.6882041553854649	25.866906876522222	-78.42948063738889
1150.0	1.1013126384859542	34.24521757506908	-161.0525863935694
1200.0	1.1596270829597106	27.628940423522444	128.15437269569443
1250.0	1.436899715978189	9.42698464563001	-176.80266455013478
1300.0	1.3509634332992673	17.18342494834855	-61.85872035307468
1350.0	1.0238031753543624	11.215845008674307	80.56841304273298
1400.0000000000002	0.5592027981002914	31.488593872357924	-94.53127079654688
1449.9999999999998	1.101554253209651	26.837227317492392	43.2028306727801
1500.0000000000002	0.7699160517964824	3.06658037842306	12.347261760953568
1549.9999999999998	0.8296663851122283	25.46772783405738	15.774368130061335
1600.0	1.4724732216113263	5.36854565183243	125.03973262340331
1650.0	1.570960009590907	10.797031253510712	14.774329301743071
1700.0	1.4452594634542437	18.140528170760614	-179.34174955352287
1750.0	1.5175573772014115	11.392276613768836	-86.45775650317582
1800.0000000000002	1.1890537056792294	11.566476964217355	104.91401901146455
1849.9999999999998	0.7852258844598583	27.116383979105212	-81.17406036533038
1900.0000000000002	1.2063889393570837	22.931549193257986	126.32896816751337
1949.9999999999998	0.5119107465435822	18.486751914887062	-39.30730720439542
2000.0	1.1950984893257548	18.798577076471748	46.569894038130684
2050.0	1.0276367224100618	17.19260616680075	-87.34793866156214
2100.0000000000005	1.3339907442741483	22.449710417896764	155.92807499398455
2150.0	0.9492046876368015	22.258965635691435	174.65543533713733
2200.0000000000005	0.7355238184404799	34.936555473775265	-70.0865581889869
2250.0	1.179151793079686	17.11735315987657	-59.25276182539487
2300.0	0.8689983177539031	27.899190909173313	75.35144664512538
2350.0000000000005	1.0444496707576354	34.576478399412494	50.6062395568666
2400.0	1.099913781804377	28.44400146613191	-94.25655688483354
2450.0000000000005	1.1425268425013513	25.478362573409157	56.38715354766293
2500.0	1.0889265903566745	26.502677868431274	-96.72556772772911
2550.0000000000005	0.8721902652121709	27.525062240757027	41.50728783914072
2600.0	0.9797648643363025	32.1752352651114	-112.29992593363585
2650.0000000000005	1.044378426069922	30.272138415270256	86.70433240037445
2700.0	1.218993860646908	26.636295694082637	-61.73494255818669
2750.0	1.1767997860084187	20.57929037990222	130.1164205686084
2800.0000000000005	1.071571188824176	14.066761200474897	23.757338745012458
2850.0	1.1447987771202583	8.297238393407389	-55.42214876783198
2900.0000000000005	1.2820362335655164	14.540278385976759	109.35191945668244
2950.0	0.8154926374651161	22.68579538572247	-80.93037643188728
3000.0000000000005	1.227533546343629	16.705681833546087	-95.63810552578995
3050.0	1.0926840006107865	25.470816208476077	-22.836045234856375
3100.0000000000005	0.7991720297204791	31.560607137013804	-64.0059855023338
3150.0000000000005	0.8195455429855556	30.63321314537887	-49.31578220908914
3200.0	0.884824099224106	31.309976334413104	-54.82020233395878
3250.0000000000005	1.1696461354562655	11.710682392272872	29.23649835723019
3300.0	1.1744372581818094	24.296477683619443	-134.55295215211123
3350.0000000000005	0.9718242603661459	22.4104536088072	-43.33059223058461
3400.0	1.0685067887229005	24.801526852875558	-174.33972733433345
3450.0000000000005	1.157594542725366	23.156622235272714	-66.62498222555263
3500.0	0.9055095380866126	30.101827778252527	110.7375421240479
3550.0	0.7634972675960805	22.860118027035032	-127.95118444230853
3600.0000000000005	1.234309575290326	19.38144003259304	-4.481262998511394
3650.0	1.0760033999537186	24.196976997765216	-130.4530830498447
3700.0000000000005	0.7726052473451258	28.62618362949596	-178.17655878898591
3750.0	0.7792595047580173	22.792099116004852	-87.57638003830975
3800.0000000000005	0.6812865438914009	20.404321896191004	-26.05375147818162
3850.0	0.7226570991071106	24.271860711741027	130.0269031377572
3900.0000000000005	1.0071971263215913	21.762370207830944	172.95256889315237
3950.0	1.1398206518941887	11.378089598329609	-111.32609536591703
4000.0	0.7441203123646121	22.515942302666843	1.8586658789024366
4049.9999999999995	0.8609523366587147	9.056860046305266	79.52196271481876
4100.0	0.976623831066685	16.591041833517128	-89.86527775489533
4150.000000000001	1.1216015888400106	24.023878987403567	22.594952219954855
4200.000000000001	0.8628353884627983	21.792220803630258	-151.9609328743589
4250.000000000001	0.8377953261069426	28.34443159477859	-9.094167223570944
4300.0	0.7326851593430533	12.884374755017337	108.4753827154562
4350.0	0.98869175108713	16.037067359117003	-54.572067335327645
4400.000000000001	0.9203292744990565	14.392513284807148	116.65505656773966
4450.000000000001	0.7137086533018454	21.838900080406436	139.8058486575908
4500.0	1.0631502816613951	13.627900279009769	170.57040681139148
4550.0	0.8395349174253597	16.846035768975916	-97.89992940702015
4600.0	0.5745215319134698	7.131441985031926	27.612034964146893
4650.000000000001	1.2307274301634081	7.641489085355064	-61.545400221082495
4700.000000000001	1.2356764709655692	14.93496390320779	-167.88274939786152
4750.0	1.1558560531046622	4.197035124266064	-151.85399834993234
4800.0	1.053030083597	7.798397067786226	147.52555960473842
4850.000000000001	0.8431193101153347	8.941027081395498	34.53018232888477
4900.000000000001	1.1532284432103486	6.307445581837231	86.52168607239231
4950.0	1.248535303878721	7.04091008730559	-93.62231339929654
5000.0	1.3641138046540042	10.677517076303888	-109.2947868578476
5050.0	1.270220017548327	10.30086249793179	-121.09412302390353
5100.000000000001	1.1409731551804112	8.82986983389999	162.82488777624818
5150.000000000001	0.9281776679357039	20.831791557436816	27.671575072810906
5200.0	0.8091190598895368	7.930072579585315	-59.52801345412305
5250.0	1.0884723082895666	19.360204377184374	132.44074301322027
5300.000000000001	1.1382699177836417	15.561719400952038	54.35126542023083
5350.000000000001	1.136323691308052	12.218929569626125	130.98555863988116
5400.0	1.1415275301208023	12.76297526723377	113.2690014946946
5450.0	1.0692030945031314	8.716275646855957	56.36923605328869
5500.0	0.9681554507491587	18.92873770472409	15.681977735665852
5550.000000000001	0.9570140393417523	10.493495376597664	170.2750812662835
5600.000000000001	1.1545115181948693	8.300199123291062	-124.76730536836992
5650.0	0.6891552078904375	14.209520437164395	141.52907517373046
5700.0	1.186671856795281	13.509443489927097	50.06008068164322
5750.000000000001	0.9803959468889346	11.413347529202305	-28.246435342684013
5800.000000000001	0.9986196775520233	14.297813528558004	34.12441828630713
5850.000000000001	1.2264798295873913	11.716514149200497	-133.31891494051087
5900.0	1.0629882349514415	10.429408676658618	88.69069434673774
5950.0	1.0987158523646514	11.512563256330667	-35.33620457931436
6000.000000000001	1.0911630808422448	3.8385334754618055	58.19933456593203
6050.000000000001	1.072176400923718	10.40555219682045	28.306719084766918
6100.0	1.0008129735943778	4.456296395058872	-37.99937180230126
6150.0	1.3006586884908955	7.621890161574191	-38.6980958295745
6200.000000000001	1.154317424115152	8.85357729945994	-82.29162236501693
6250.000000000001	1.202007161638834	15.613536903183098	163.59115807668505
6300.000000000001	0.8144437622954874	12.989902369325907	-110.13722772347526
6350.0	1.025376887069053	14.998419450606974	-153.45730871186154
6400.0	1.0247834016671522	19.414902873512094	8.37277339396103
6450.000000000001	0.9031925121797363	16.268117381045123	154.41187248615915
6500.000000000001	1.0574737603776665	7.7866647267604785	-33.68572947233971
6550.0	0.9089519262828766	19.310545586360135	174.10214338045438
6600.0	0.9740101945846936	15.45103099989816	68.49151706362763
6650.000000000001	0.9898103746086809	15.835752622198813	4.2448237449900486
6700.000000000001	0.8179714896142416	6.584881480088904	-11.02469477972975
6750.000000000001	1.0650404787703032	16.414637222163247	5.623703922793531
6800.0	1.0498433795937716	9.609020605422852	-10.5673001690152
6850.0	1.0716379685645394	15.866059256598914	6.240402865819941
6900.000000000001	1.012663166802099	8.564009665807076	34.931827438383024
6950.000000000001	0.9851052452347261	7.363655422351136	-151.0064602713898
7000.0	0.9958365694432278	11.35800054354029	119.84712581731368
7050.0	1.0121305752935457	9.012095630929041	-38.3719777755624
7100.0	0.950366948946579	6.1571173895134566	-45.37394173474109
7150.000000000001	0.8759877680580794	1.187101944882624	49.208617785912296
7200.000000000001	1.0990447234128378	0.7660110144912543	172.04035518908955
7250.0	1.0228261513889298	12.141752686633302	172.9053965779066
7300.0	1.1626926521310152	3.460195971365275	-118.39726868483264
7350.000000000001	0.9922887889483886	10.701640684072554	38.856956813649944
7400.000000000001	1.0168894711649668	8.403464965697662	-28.518053691277114
7450.0	1.1389513308421155	7.448009475788588	152.04858259788037
7500.0	0.8999628997181611	14.106921413599911	-0.41646701974742406
7550.0	0.9698515206401394	11.614198618319287	67.62607113772046
7600.000000000001	0.8098844671811395	7.281858196365943	61.05066155911099
7650.000000000001	0.9976116344510249	12.118208101716903	52.07400989561374
7700.0	0.7866391972111465	2.1094843019433127	-33.35858871563831
7750.0	1.1259441939615167	9.503347758355273	-75.16476090353362
7800.000000000001	1.1216492112257597	4.765188053224906	122.68331860397903
7850.000000000001	0.7836713259736828	7.864573634600624	95.78514245145165
7900.0	0.9154522039601451	5.226216677116064	147.72692982555964
7950.0	1.196450887867269	9.841092013791767	-43.44344070185915
8000.0	1.1873104767506715	10.714637712017828	-35.80608293419284
8050.000000000001	0.9670235288821569	11.85236561044795	71.06678719189874
8099.999999999999	1.0166992538302242	11.188558487702025	101.89635341734414
8150.0	0.9960649442070443	8.5985132658901	156.171432360085
8200.0	1.0004238469514466	11.604137976734878	-48.38964612454759
8250.0	0.8521698366923682	6.878185220356945	67.18754337476517
8299.999999999998	1.082703658530305	3.74051615336902	-22.093106345221972
8350.000000000002	1.0818933619887303	4.266535227381218	-67.82747702392665
8399.999999999998	1.0686652477073202	6.607070295517981	-154.23454280372758
8450.000000000002	1.0128107393840198	10.131330788880614	77.08403748330419
8499.999999999998	0.92641093630398	5.47973947731049	133.36283583756705
8550.0	1.0895405343485982	6.962140791733854	138.43856004099047
8600.0	1.2138731995455918	6.364973231647483	-6.834921398441643
8650.0	1.2226114727852269	7.135377123069469	-175.38660591778813
8700.0	0.971758297763027	3.3102873146871037	125.73225673153573
8750.0	0.8604496604922212	12.66647924893435	-163.6130141835163
8799.999999999998	1.1807597623287722	6.064868069406856	28.39737919820518
8850.000000000002	0.8711859547254548	3.3587196767820613	-64.74035944114736
8899.999999999998	1.1964845856570854	6.841147517668042	21.189745357576378
8950.000000000002	0.8799778132794237	13.85951807153801	-179.11810225335572
9000.0	1.1920665620066548	4.651149367425096	-19.784424909662214
9050.0	0.8703432801239399	3.440654457779684	83.96732486114955
9100.0	1.134823137679802	4.949626692127426	-76.08605983024111
9150.0	0.9185245905850077	9.795405171571247	133.58691877845925
9200.0	1.0845390020519865	6.698786939434665	-66.28620237887269
9249.999999999998	1.0130045107475123	11.303033532302855	15.830979792457537
9300.000000000002	0.9466187558787631	9.99549697694765	169.9082901842715
9349.999999999998	1.0505011385781027	7.03709356527856	-107.10491730687004
9400.000000000002	0.9945416611310974	8.169731888380792	39.99581190179108
9450.0	0.994150412954782	1.2739335981126751	-179.74682203068565
9500.0	1.0672917382453284	4.654885897211709	-105.78459805542695
9550.0	0.9110707372066912	6.209301249182073	106.28049650727658
9600.0	1.1512123196465813	2.7357134413859794	172.88332954453878
9650.0	0.8657430438562013	10.38354004367339	-50.02871041649311
9699.999999999998	1.1075247550340819	7.230978067631238	19.01944824639918
9750.000000000002	0.9952613097004779	9.027154035137228	137.72154058166586
9799.999999999998	0.9321966826509291	10.786945154711017	-160.10687077610356
9850.000000000002	1.1762764261450942	5.444663587171408	-71.33114910866426
9900.0	0.9384853877928043	10.199010846850083	18.53302992411571
9950.0	0.8586453758624121	6.601460793659641	62.97277941015657
10000.0	1.0301197434573188	2.150106208751564	-173.6876567889221
