0.0	1.074331580581109	104.06240714107163	0.0
50.0	1.1223791971297978	112.05057950790561	78.72252471222217
100.0	0.9692933295255697	115.97531346749946	105.57792655114652
150.0	1.1596523715027822	107.15675496374126	94.59845086118796
200.0	0.9672473746607824	111.39635814544937	44.592327349111386
250.0	1.0066300131330912	101.45499706744482	4.0222987524557166
300.0	0.9611448186856637	106.48124688617189	-40.14598074733462
349.99999999999994	0.8750680687616557	113.81603301489663	-60.97994158947233
400.0	0.8081225953246771	118.7723791258439	86.25446427185886
449.99999999999994	1.1079404063546356	99.51533363386399	76.22149741303937
500.0	0.8777104756566025	115.76696283174878	-18.92112335914492
550.0	0.9611905150839264	99.9621101306959	13.814148717329681
600.0	1.0144051369188267	97.44538894763049	160.48452006548442
650.0	1.0180616214247056	100.27683985701208	-65.02370635905606
699.9999999999999	0.9940842794526713	105.58507367100641	-165.7642793026709
749.9999999999999	0.9788015149399576	100.21352178527945	-166.16025448367057
800.0	0.9240118306956069	105.19670714551324	-95.74910432388121
850.0	1.2217759509249053	78.12832304582616	-176.96441701562028
899.9999999999999	1.1726591752718956	79.7422679595585	-156.43496748992112
949.9999999999999	1.1233683663415457	86.43181174018952	116.93731661228952
1000.0	1.2158094231193834	82.81151661115824	31.50320357711948
1050.0000000000002	1.0486851745524943	87.34185438901736	125.00697800233726
1099.9999999999998	0.8210842739883749	97.34206956197423	-21.00113374904796
1150.0	1.379994286542464	73.10469880303413	108.07667629353077
1200.0	1.3966402690504642	79.15195805640697	-122.95840562753519
1250.0	1.4492976898617882	67.36157451017796	-49.76553864786716
1300.0	1.5215029097034183	58.16016812321703	-13.727488012891314
1350.0	1.5629771351553263	54.90107715068443	19.91139629161453
1400.0000000000002	1.4268356625137044	65.05482180198474	53.674596150221745
1449.9999999999998	1.2873976301240924	72.50136172478216	123.13915967583075
1500.0000000000002	1.1908484613990686	77.09706273400248	19.37855460130204
1549.9999999999998	1.1717786917656097	87.26012178754921	39.41712507564102
1600.0	1.200774993600544	74.8790368712288	-109.17063952862301
1650.0	1.1479485410096835	76.22080529340612	93.95584840482908
1700.0	0.9074909475208977	95.15515346638443	-38.96729964795136
1750.0	1.3076295673051417	64.61036558110172	-34.70356969066707
1800.0000000000002	0.6665973278431635	104.63628806194293	43.10849155303627
1849.9999999999998	1.388575070330185	64.82981415294788	166.6702221536037
1900.0000000000002	0.8240814320063968	101.80590209698323	-38.72973703652763
1949.9999999999998	0.6339098460814705	113.40129655993576	91.77757626932674
2000.0	0.49021937206260685	125.93204184709579	-109.48959533507463
2050.0	0.429285030020742	111.67425543894964	116.80271672289429
2100.0000000000005	0.9896382541718935	80.00057809228097	-51.96461116789968
2150.0	1.2898542016625911	68.55950911672683	125.25871187017621
2200.0000000000005	1.208127893243584	67.5222769812334	-126.45647529216033
2250.0	1.2468105940790233	61.047352895921804	167.65284988240825
2300.0	1.241749240943826	70.07272762425254	-97.44320583943457
2350.0000000000005	0.8242970593157295	83.21340541549343	96.331834822322
2400.0	0.965977405892795	82.95187380778431	-2.383957066757761
2450.0000000000005	1.3153890001470279	56.225392454713074	-16.41699549080845
2500.0	0.8453030180945851	87.74405756056356	-40.02835047469175
2550.0000000000005	1.2822734749224927	62.72050908462635	-87.47011108444508
2600.0	1.1582189922145523	62.39022796239811	-171.00402404407546
2650.0000000000005	1.2854567378656798	66.87174402377633	30.72342246590955
2700.0	1.0072092918146183	66.80152720017377	-27.15659262985036
2750.0	0.9872634473228524	74.83254520094772	-49.6088521386712
2800.0000000000005	0.9751528925603302	70.6962397158667	-77.17076855918211
2850.0	1.0970418212258248	69.63172589436252	-81.75532088358551
2900.0000000000005	1.3946808854006416	60.16796562085572	-52.1697608220989
2950.0	0.8685675036220696	78.46305982959052	-53.47597246341207
3000.0000000000005	1.10463014446806	58.507699420566155	-19.03084797968723
3050.0	0.87272670641011	78.75241337951432	-100.84578890758071
3100.0000000000005	1.1578573608366733	72.65097277921753	66.02377836018518
3150.0000000000005	0.7234637997034733	79.83243386933445	138.08984167458166
3200.0	1.287342837266687	67.41146765816364	126.59388663522927
3250.0000000000005	0.8622930029444632	80.61953687198258	14.31206943110348
3300.0	0.7306695018101016	93.48085446854222	-86.27480722574728
3350.0000000000005	1.4300814401172883	46.78601639789692	-122.34078082528217
3400.0	1.730428095775262	33.18620338875512	38.447955355255274
3450.0000000000005	1.249607883181789	61.91839203459898	-170.10265492835575
3500.0	1.7151692408958856	41.45417230337607	-104.71629931009298
3550.0	1.8175378299172649	40.889872319458696	43.98157128322799
3600.0000000000005	1.6980876297950098	50.01492841489007	-142.42599321736273
3650.0	2.1232214873978354	7.976458767120572	165.88302266949236
3700.0000000000005	1.7103676449170482	44.12328934108342	-168.16713949289507
3750.0	1.8399846496731516	24.02624366534922	-105.53033533201727
3800.0000000000005	1.8803504170663163	27.738429813344315	-81.84568717987528
3850.0	1.6481166615991567	43.72185464743129	4.110629136819735
3900.0000000000005	1.7136368818002543	37.44918937774144	126.86939846449928
3950.0	1.5723125169003558	37.397423083296005	9.736311690062207
4000.0	1.6034675414549	48.778483858583364	75.01157056979866
4049.9999999999995	1.0801910498868	67.77380432144524	-33.35644232985488
4100.0	0.8075562846607341	55.082109963448204	170.29922986138993
4150.000000000001	1.1165533149092277	51.21589472782844	152.18645342282193
4200.000000000001	0.8674945810313147	69.26889342995281	-134.60218035948515
4250.000000000001	0.9083357741527206	71.84976341533259	-56.58283567082444
4300.0	0.9472153345486931	55.547091431579815	-57.1370969860658
4350.0	1.1358428673090826	56.59313187327048	96.88533059971334
4400.000000000001	1.41353819986107	49.0804916094326	-134.6083953629868
4450.000000000001	1.4039544455415975	41.87337458018877	-20.224104968573172
4500.0	0.5730495748802752	71.95046446747136	50.2448253167446
4550.0	1.1357995409665662	58.6890737688571	-128.12658757092032
4600.0	0.8534192197037598	70.99076631669264	3.9160642904815077
4650.000000000001	1.3771495282853279	51.356277457354565	-121.76687489994272
4700.000000000001	0.8532657976188309	48.77492708866409	-145.84378256840984
4750.0	1.0672656455367453	51.88831661650504	149.70234857411592
4800.0	0.9396423972523746	47.81019983947324	-65.13687236767498
4850.000000000001	0.9553878136932495	59.53294984781533	154.51813558398635
4900.000000000001	1.2121943261022317	54.2485992907052	21.70314952486465
4950.0	1.4294958098410033	46.4033124600233	-64.68072903341594
5000.0	1.2435620968548717	49.792503158968515	-175.38585776416394
5050.0	1.616713379327026	26.04876373212409	147.12274507965319
5100.000000000001	1.7620076638470217	27.689710873383362	-136.27336185501608
5150.000000000001	1.9807200122832715	6.000166501490035	-171.45390753929456
5200.0	1.689342437144957	15.980793348386342	-55.72380123082211
5250.0	1.4234917667135911	33.39173291867766	156.14028196578897
5300.000000000001	1.4900466518208173	32.44404255788871	-39.022331477747244
5350.000000000001	1.2996440762384902	37.78205973292304	82.00519812614986
5400.0	1.4401607308803133	28.41969366094846	-155.41902923967658
5450.0	1.9205526807395175	7.314324898715258	-94.20322237879576
5500.0	1.479790170714969	40.27705126820617	28.572004532631468
5550.000000000001	1.8359675889663913	16.690759439473993	-13.897490156495422
5600.000000000001	1.4877326175493055	45.22404609424982	-33.11537983141487
5650.0	1.7731753614085206	9.572110934626885	140.6516841314015
5700.0	1.6823851009785593	38.37062054608032	52.555008297372524
5750.000000000001	1.5850577016493328	31.025118149239304	38.87538703303704
5800.000000000001	0.493694189150203	72.66760271060069	61.867178582242126
5850.000000000001	1.3386177595656716	40.117004068135266	87.76902369916056
5900.0	1.2027059768903439	32.04449930824688	131.19644091075475
5950.0	1.2490354898252685	35.21292409869025	174.2498418577682
6000.000000000001	0.5389809730111603	48.32694802646631	52.36637499271145
6050.000000000001	0.5812774679107439	49.624866201300215	114.28836104211229
6100.0	0.5518481382778864	54.96002389939845	125.83022586773696
6150.0	0.538021044142948	67.48709601590345	-131.4993095320874
6200.000000000001	0.5305238689388468	58.801645721827974	55.14626056886917
6250.000000000001	1.3168113532440011	48.90749337454304	-166.95780703068465
6300.000000000001	1.134415682412886	40.82993799963039	59.84959004107293
6350.0	1.4397100081166878	40.20106100924468	-53.17490611456025
6400.0	1.5141945993100894	35.18039134167309	-107.29879714314151
6450.000000000001	0.5495321285299726	61.264788249077654	118.28183522243097
6500.000000000001	1.160181271172725	45.85803029207476	-20.36549310192004
6550.0	1.4062294068240864	27.342958823745374	-137.99074137088778
6600.0	1.609533755679821	18.452182258288605	175.4915139158403
6650.000000000001	1.2674018029940024	34.13884532500246	171.15775617051222
6700.000000000001	1.4592356590764102	45.841672897879626	-19.20807709934536
6750.000000000001	1.565821115945783	24.247651063704847	56.88635061402453
6800.0	1.536751197971313	38.7816203112176	9.14066493855271
6850.0	1.4540854786769324	45.60624565126351	5.412792436329814
6900.000000000001	0.7901040646668951	56.71179670195639	56.041813245276806
6950.000000000001	1.6933657826998485	18.71843737764388	83.40392815603181
7000.0	0.2949380669000796	75.56709417067158	155.90735539402644
7050.0	1.5154554310561115	40.60496099780279	163.52071774864785
7100.0	0.7083911492950412	42.627389567608134	-28.535801273387992
7150.000000000001	1.4850529958131107	42.42598022631211	-72.06257736311586
7200.000000000001	0.8522813273841696	57.41416134014247	-1.8040832378118419
7250.0	0.7188668343314998	62.401456572166985	136.48547414790386
7300.0	1.4948258438456807	37.538412084652286	-109.26210079804181
7350.000000000001	1.4623699925284905	39.44853202674645	-115.32748562073527
7400.000000000001	1.391852731896691	34.11013126768274	-158.65816510190353
7450.0	1.0695701491371512	46.738707864587894	-77.52546776474138
7500.0	1.1288030550186958	41.9514900104969	33.549751517840086
7550.0	0.9534532210455064	51.94217226172638	-107.39186982437805
7600.000000000001	0.4163178463052373	60.40801732656577	97.51804673024286
7650.000000000001	0.45600568376622064	23.325420998141766	-85.39674046102002
7700.0	1.1126941744039456	37.857775217323045	-165.5874023358753
7750.0	0.4084326712360277	24.30484282829067	-179.4710036486602
7800.000000000001	0.8082500936843383	39.79664538185865	101.9171472383745
7850.000000000001	0.7755291922897709	58.91259621623849	-73.13485316780859
7900.0	0.49270215075045104	61.342622998549935	-79.02757352653161
7950.0	0.41122981520824636	39.79411178402359	153.39795278023476
8000.0	1.2868170896851194	41.58903121150256	-33.25918892595197
8050.000000000001	1.6346879452084526	14.96775095586645	53.349999925716055
8099.999999999999	1.4902156180225485	19.46303125552786	-120.77089891120053
8150.0	1.2857060674332599	48.97503627676098	12.852918524471079
8200.0	0.7187369990323127	49.184024473667414	-57.65397580506955
8250.0	1.019529198489865	49.07887390859346	171.77997200598023
8300.000000000002	1.4326062868607918	33.2151326121227	-92.88323217609324
8350.000000000002	1.4704204724275995	22.123635354659225	-109.05277280760681
8400.000000000002	1.1380162933807805	33.17240497348744	24.915045977126876
8450.000000000002	1.330578629493095	35.54015198595415	-114.71246991700204
8500.000000000002	1.2885450332568582	36.58158094503419	-136.16847564445573
8550.0	1.317876938952832	31.986590143313016	161.07203793318513
8600.0	0.8481676181246094	57.29938855543682	57.5199963704141
8650.0	0.9297487964311302	37.45262438629735	-100.92317666465121
8700.0	0.47944341324569906	54.469708381271985	101.97773115032598
8750.0	0.8181630466982328	47.25056980240724	-169.42774484625406
8800.000000000002	1.4503036107119252	29.675013130016932	-89.96854945610492
8850.000000000002	0.6744878407032685	34.26203197827543	15.909582255167106
8900.000000000002	0.6767427769108589	30.40109399701106	-154.0121221228518
8950.000000000002	1.3035400521570288	41.28290081002964	-39.41607541891801
9000.0	1.0967851214794901	38.66825751435728	43.3871687943922
9050.0	1.0221850137262705	53.145546613147204	-174.64087328833003
9100.0	1.259446312490101	44.35116932933733	132.79318437196753
9150.0	1.2722850296519481	45.44509142806246	-131.15122154900436
9200.0	1.1327463814228889	38.78725328552725	-143.09665906802115
9250.000000000002	1.3508896152594212	36.71819867227164	-88.72122902436134
9300.000000000002	1.1744361833057815	39.902904525530076	-16.003821336441025
9350.000000000002	0.8608624021585671	32.71146951626601	29.26391943160408
9400.000000000002	1.1088508201944065	42.48236689121487	-116.91426579679685
9450.0	1.1380282166044975	28.15993924311801	-29.161148022609225
9500.0	1.349041139362928	36.606883685883076	-105.2938065090308
9550.0	1.3950504678494795	26.99389029806475	-56.72022919787649
9600.0	0.7275623588029045	41.049562768080136	-105.50723440813394
9650.0	1.262834702701791	15.258926468101524	-143.44180309088082
9700.000000000002	0.8410913567514308	42.04990009518451	-45.57326786323029
9750.000000000002	0.44707571875343544	13.64803826106278	-51.30527097240499
9800.000000000002	0.7874727614971008	49.72907721178308	73.4085239449219
9850.000000000002	0.6341800621937318	45.90213208585426	-94.60195751300084
9900.0	1.174271337844245	28.914010982403006	159.1697784571398
9950.0	1.5992832353448643	5.691015135277799	54.45371805956182
10000.0	0.7222691834514133	35.26404408273129	-132.7823338998759
