0.0	1.05638897179197	17.176080931012876	0.0
50.0	0.9596118895748137	18.123716498822397	35.43707545748263
100.0	1.0559110415512702	19.508701042526805	59.15171742007216
150.0	0.978679725306799	21.62115940675309	79.43897981449248
200.0	1.0399640525242662	20.499907539605495	96.17799800052177
250.0	1.002836074473697	20.304684134221027	108.91329205971174
300.0	1.0044846035611552	19.046988751006527	126.19265462735027
349.99999999999994	1.0355712847476144	17.34075723714223	136.60802978199695
400.0	0.9673757974253618	17.725414310521927	151.7676908149249
449.99999999999994	1.0540590910634025	15.69848708618716	160.56594167597413
500.0	0.9677978518889114	16.979783875579734	169.40432919013384
550.0	1.021685914534226	15.358004162246033	174.98786846726122
600.0	1.0190733652984012	16.17017512023579	176.96095708090593
650.0	0.9673109593298181	15.29305545913311	177.08362839605726
699.9999999999999	1.046864262593592	15.560825251747017	174.56315712999887
749.9999999999999	0.9833940709691568	15.065223793365474	166.9297697390551
800.0	0.9935295266032266	16.06238463758546	161.37648447958466
850.0	1.0474567477270447	15.29413486668328	148.59672595913406
899.9999999999999	0.9702733522001026	17.04609765840322	138.511445604967
949.9999999999999	1.014072471475312	17.257039555697748	125.32861479827099
1000.0	1.0391131232225435	17.59533097545471	112.05715208842034
1050.0	0.9782257415719013	19.003440871476457	97.55661181994617
1100.0	1.0115319003773398	18.23485975985813	82.58784774617784
1150.0	1.0478949098477113	17.006629887247925	66.63138322080813
1200.0	0.9770430485059176	16.553878868102288	42.87441873045266
1250.0	0.9950258597679301	13.94096544170566	17.845482751125104
1300.0	1.041569247163232	14.398020328196896	-15.924127202297466
1350.0	0.9955605574625375	15.638092862584012	-50.69140813545752
1400.0000000000002	0.9783317827819511	17.440314839044184	-75.36550682740902
1449.9999999999998	1.0422456920013095	16.958471778399215	-99.68035262687738
1500.0000000000002	1.0244026413089709	15.4655221615504	-132.98491401415762
1549.9999999999998	0.9707529012255959	13.11207176212148	-171.77222295591312
1600.0	0.9965145799131183	14.71088223044432	144.31538252818024
1650.0	1.04814711867465	16.257074122449033	105.95396900775877
1700.0	1.0103271896498118	16.274500299576204	71.70371600420943
1750.0	0.9714971140200344	13.531251834787097	34.21046657568333
1800.0000000000002	1.001558074609939	13.688344142512713	-20.254017738523597
1849.9999999999998	1.0452178674154862	15.462476174867092	-68.46878256808807
1900.0000000000002	1.0128598673890044	15.736930602344191	-108.05377637535022
1949.9999999999998	0.9734331181500945	12.70681627885874	-153.29473788064624
2000.0	0.9907181884704616	13.752821739298582	145.47636274676373
2050.0	1.0391698644247018	15.61497881388239	97.39151344273132
2100.0000000000005	1.0280078125769725	14.152463837109256	49.465674843780334
2150.0	0.9871945342302563	11.925015476404193	-14.546763426381062
2200.0000000000005	0.9760905887172356	15.069008587346227	-71.36445326080356
2250.0	1.0099007953558068	14.056626850182182	-115.94366941755733
2300.0	1.031869814154928	12.150629144219767	175.65173901932036
2350.0000000000005	1.0272518253018024	14.43429616230723	109.65724488066087
2400.0	0.9903241450589441	14.25006827041382	56.983502685854006
2450.0000000000005	0.9742800006453892	11.492901567121692	-13.963766839899684
2500.0	0.9991981397508293	14.303623344125574	-78.8563776821223
2550.0000000000005	1.0291338622471256	12.201504959751109	-132.58492613020906
2600.0	1.0264247234862276	12.04926476632241	146.39422209255915
2650.0000000000005	1.0109110825530176	14.237062203169787	85.3740668015804
2700.0	0.979770207702003	12.027850396791766	15.592194933586057
2750.0	0.983161593777527	13.716377822403778	-63.14828816167536
2800.0000000000005	1.0048583916486118	13.05997954874941	-125.82849712749297
2850.0	1.0248512117237263	11.360308854284831	149.7840310426159
2900.0000000000005	1.0318449867474788	13.411911764146268	80.68505299782372
2950.0	1.0108680203204277	10.264745554421998	5.354835764574377
3000.0000000000005	0.9909692835753573	13.106633676954132	-77.90782436039231
3050.0	0.977327362586529	10.916950142086497	-142.8308782183511
3100.0000000000005	0.9853283851528273	11.887369274571636	122.77616376130621
3150.0000000000005	1.0053071964985687	11.691722246811421	58.741654911096234
3200.0	1.0206643947456442	10.59963479408547	-37.69423428994436
3250.0000000000005	1.0299305669185566	12.052000502385066	-107.19387883875297
3300.0	1.0155166812050744	10.091532782168793	158.6392145816752
3350.0000000000005	1.004151304627467	12.387542189357504	82.89899505078128
3400.0	0.9829338698421529	9.828930398204362	-9.052225281031154
3450.0000000000005	0.9830768990919324	12.504327132077616	-90.18520430805941
3500.0	0.9837133226475672	9.449322277764741	179.1048860516262
3550.0	1.0010825865506199	12.169422450737299	92.86176776421316
3600.0000000000005	1.012402945989305	9.09529967413671	1.958801606161703
3650.0	1.0240871724187075	11.75307066134304	-87.6388965516775
3700.0000000000005	1.0238646465211918	8.885454744131346	179.3358510776486
3750.0	1.0182622145001954	11.509957487086275	89.30590811420215
3800.0000000000005	1.0061527280144829	8.717858326257707	-8.070862502723473
3850.0	0.9941896697508463	11.363498172979183	-96.83650006599561
3900.0000000000005	0.9856890183967627	8.616694258669483	159.99180051740083
3950.0	0.9811055297814512	11.095904405353432	73.510590905382
4000.0	0.9849018885367457	8.932436215248854	-35.00142391679139
4049.9999999999995	0.989591117671615	10.601726048694447	-119.65233894331679
4100.0	1.0016204926008052	9.636816582086233	129.45101482772233
4150.000000000001	1.008921610769653	9.920461257147112	43.818958512206855
4200.000000000001	1.0194932661695872	10.332459174877055	-66.2018232064566
4250.000000000001	1.0211459940443226	9.189003133580178	-156.8717358660772
4300.0	1.0254978779420623	10.657863348329428	97.67163338466149
4350.0	1.017947215323548	8.738908730592021	-2.851580210957453
4400.000000000001	1.0178345627656087	10.241705467940998	-99.81884735445055
4450.000000000001	1.0044344933032059	8.801858736689598	147.0494180514466
4500.0	1.0025061239202497	8.967156618721607	57.52373049851867
4550.0	0.9929085766421525	9.384481286720298	-63.94524808304022
4600.0	0.988230812191695	7.747662489620443	-157.0061595118923
4650.000000000001	0.9887987357967581	10.058439860898517	87.93449514633433
4700.000000000001	0.9834353139799029	8.163668267203551	-18.437107228093886
4750.0	0.9876901285190135	9.751524906890346	-117.93546721167851
4800.0	0.9887926169746861	9.413402339530185	127.72124729929472
4850.000000000001	0.9886892018517258	8.060414310061057	29.92169908094583
4900.000000000001	0.9945358269325252	9.594528561751211	-82.66508551884921
4950.0	0.9962250338211306	7.0433126206389005	160.65165733297385
5000.0	0.997885666817671	8.625086941017916	61.021022433266864
5050.0	1.0067415105173514	8.479686648642478	-65.11790005916451
5100.000000000001	1.0061739462147137	7.83067743076642	-165.16178213514078
5150.000000000001	1.0126569946037776	9.219264037829237	83.40800517138112
5200.0	1.0124851355559106	8.05398480723303	-33.99535689761866
5250.0	1.0156100439507398	7.442261854911667	-133.1321357559299
5300.000000000001	1.01271204362086	8.56613660619264	101.23395315609292
5350.000000000001	1.016805246417508	6.428815582270378	-14.589300082130505
5400.0	1.0165534833584977	8.293924605732027	-121.95802350265981
5450.0	1.01811313612933	8.302276774647876	114.89512892373104
5500.0	1.0159202918143855	7.202109075947465	7.567912841260033
5550.000000000001	1.019073509654276	8.113953779640173	-101.96782684230628
5600.000000000001	1.0130835249305832	7.300751841102054	126.78370441712565
5650.0	1.0138120698411734	6.264907149629432	21.566464275832793
5700.0	1.0168990035342562	8.250821372264483	-102.0427903174507
5750.000000000001	1.0146090089540127	7.420971215511017	137.1397197098089
5800.000000000001	1.0125392819548353	6.931259641942055	31.063149077326006
5850.000000000001	1.0141033167120463	7.878789005903057	-88.25048093591539
5900.0	1.0126029246986847	6.2500041569312375	139.01325510533172
5950.0	1.0093948505111658	6.558836984004771	33.32047900036014
6000.000000000001	1.014173564484922	7.910444656881217	-93.68840762476451
6050.000000000001	1.0126231127014849	7.035173352749686	146.4746763643321
6100.0	1.0118537815040545	6.189733008806767	38.619106464176134
6150.0	1.0086313748528917	7.367910776118683	-89.93054939427714
6200.000000000001	1.0127144020280636	5.993209323765601	137.06823532774595
6250.000000000001	1.011852474018285	6.683661754165684	29.020866692075536
6300.000000000001	1.0134034315301805	7.471480547806267	-92.22048708823712
6350.0	1.0091477008446683	6.427541573238803	138.83454951654727
6400.0	1.0127242046304565	5.266763913232751	27.47261615787355
6450.000000000001	1.012652970970264	7.110613386715354	-104.56847263239696
6500.000000000001	1.012498995126561	6.6089327596523635	127.97700096987964
6550.0	1.0112318986076547	5.945684555080512	15.02883208695431
6600.0	1.0140577592671154	6.509348709517979	-102.61422069406012
6650.000000000001	1.0128110006713573	6.113440460353686	113.34646755901517
6700.000000000001	1.010407921218399	5.523324438758743	-2.651965974579948
6750.000000000001	1.0131305133274096	6.608211452086381	-120.73697565436203
6800.0	1.0131870639252867	6.690469519909038	111.57983395788328
6850.0	1.0117841725724064	4.709290508798765	-20.11614617780137
6900.000000000001	1.007868156061815	5.799025905663933	-136.4513781738915
6950.000000000001	1.0111875480846348	6.653568930293729	90.66214835083163
7000.0	1.0092088583506593	5.976957629423074	-34.116567619785734
7050.0	1.008637456022338	4.682524011973644	-148.48909469353327
7100.0	1.0035696994380634	6.162719821406866	75.05181104140266
7150.000000000001	1.0042753332354148	5.864825600166149	-60.201706481328095
7200.000000000001	1.0029288611302052	5.514107378695336	-177.09995720550768
7250.0	1.0026532482948003	5.4751884561308	67.80939733686624
7300.0	0.9974966651986219	5.77466754456161	-80.58916866439482
7350.000000000001	0.9952968533327805	5.019364231361753	152.30821456764272
7400.000000000001	0.9960180653238807	5.623184276892023	35.73457247175648
7450.0	0.9961504292718057	5.92903843780755	-87.53500071577872
7500.0	0.9927072420322343	4.852991745836723	123.28891608810572
7550.0	0.9899314226051176	4.761143717044147	5.684432872586688
7600.000000000001	0.9923524388286111	5.8233126723672	-119.03600505897322
7650.000000000001	0.9936895706040973	5.817966079345118	112.34487740039005
7700.0	0.9939430043082247	3.94167241010372	-29.09927840213809
7750.0	0.9927927470642054	4.983854261446544	-147.56310164593884
7800.000000000001	0.9960998831694553	5.780660520528614	81.2674814435584
7850.000000000001	0.9976943467907033	5.314440891915096	-49.369488975496125
7900.0	1.0019754007907602	3.51513424361815	-178.51036389618713
7950.0	1.0025544161827256	5.226477216111848	51.36499512628581
8000.0	1.005167155954085	5.531357572334243	-80.35157789571727
8050.000000000001	1.004378484950136	4.641941751905552	148.4617105296177
8099.999999999999	1.0088125839568916	3.6135017062513097	27.60379450812368
8150.0	1.0103951523399444	5.276771750523241	-114.47048096173035
8200.0	1.0097109066581396	5.262720389783326	117.08841972548929
8250.0	1.0054350803559535	3.955529382300276	-13.523799402308168
8300.000000000002	1.0049139719268783	3.9604542802389995	-135.14207891735907
8350.000000000002	1.0069441581084382	5.15319946720052	77.83212969118037
8400.000000000002	1.0038276857266826	5.040922705834974	-47.27380437541947
8450.000000000002	0.9985344781113986	3.4182479050449444	-175.01133574073867
8500.000000000002	0.9941538217146567	4.291294840386456	55.03255290894297
8550.0	0.9963529232497075	4.958488443610244	-90.21574900462498
8600.0	0.9957666008696258	4.753967435785896	145.66220824825967
8650.0	0.9947726171812442	3.113384243868205	22.29994534755327
8700.0	0.9923130138597988	4.493271345773286	-118.86448752424003
8750.0	0.9951817643356929	4.743208535782854	101.98799713195537
8800.000000000002	0.9973490321075752	4.298338667788847	-23.911567852216294
8850.000000000002	1.002236957043345	3.0418651351098225	-144.72444532500538
8900.000000000002	1.0034623718164688	4.550627915259625	65.59375627327515
8950.000000000002	1.0050923310916693	4.578031159711458	-65.48375704373304
9000.0	1.0040510520835564	3.6670653367548405	164.47165715710545
9050.0	1.0069701935584345	3.16662670616985	42.05210462168379
9100.0	1.0091707111115347	4.509009369634408	-109.35341899285912
9150.0	1.0068418732803934	4.494448732076927	125.68459040822516
9200.0	1.0012565854857425	2.993732630628224	-8.684648270920178
9250.000000000002	0.9975288758924431	3.4387592190835083	-136.41285315595366
9300.000000000002	0.9992626379463639	4.418509695902587	77.5943366930935
9350.000000000002	0.9980214664573828	4.329440237575696	-46.832214632530096
9400.000000000002	0.9956636314582727	2.480564669353868	176.3643503456081
9450.0	0.9927614755804628	3.729781996213376	43.18219163131625
9500.0	0.9953794713199863	4.273004459166351	-93.92158610034564
9550.0	0.9978284453308252	3.929432013945578	136.25348913843038
9600.0	1.002863507786431	2.261180813955936	-0.8660285819022208
9650.0	1.0040441046514703	3.9337125072961454	-136.7851821373854
9700.000000000002	1.0052387553619802	4.093265786526377	95.75081587078392
9750.000000000002	1.0030335293683494	3.351126479240381	-45.603064780685614
9800.000000000002	1.0056058561772867	2.4085861813836513	-179.842877744082
9850.000000000002	1.0065800860068033	3.978572064327758	45.324137292832745
9900.0	1.0040371784329094	3.9421221912575404	-75.99000533074476
9950.0	0.9974740729419783	2.8437294034628935	127.71989307994161
10000.0	0.9944275924075753	2.8095105124845063	0.39511673260735
