0.0	1.4779129709787342	4.917791332105839	0.0
5000.0	1.1646601669846717	4.029927214780148	136.54377611145802
10000.0	0.9475251136852162	17.57412547023865	-57.477361389980466
15000.0	1.2281595104862537	14.374480669109802	68.37506353054572
20000.0	1.0815982585789743	18.342653756172865	-10.813981597351129
25000.000000000004	0.7852825476318777	19.158955636807647	129.9923054637389
30000.0	1.124455128113428	7.085962786364103	71.35736488049761
35000.0	0.9362502773428361	8.366608192856633	-137.00405292929824
40000.0	1.2261901947804432	7.790437010650909	-128.84156040243386
44999.99999999999	0.796756870318483	10.899278419359282	39.81396633320067
49999.99999999999	0.7986011308396214	11.553893662863208	-160.62154276326524
55000.0	0.9849143525096994	5.254427594290994	-157.37707609894053
60000.0	1.03429368996343	7.080250647027738	178.9571321563307
64999.99999999999	1.1965826649016478	6.427651647276865	86.09620015168605
70000.0	1.1317932761319263	4.1693157354580475	-161.11539300279168
75000.00000000001	0.7814714525251866	1.444206743901478	-168.76919727611275
80000.0	0.959371072648843	3.282918615519902	35.45123653251835
85000.00000000001	0.9314803245381207	6.71189388847556	155.51344141225087
90000.00000000001	0.8899903828103204	5.294972935545355	125.05647657433354
95000.0	0.9492845394408334	8.664961399509389	124.84087490473249
100000.00000000001	1.1431333554814125	4.853122191744733	137.3148364116707
105000.0	1.1787018779878233	4.573982887847404	30.346898623901755
110000.0	1.0794209348003385	7.176087146876239	-16.523468142558702
115000.00000000001	1.0024884563111909	6.046587086769394	16.916505557153787
120000.0	1.0419248241373187	2.008371985875267	-156.34989527570505
125000.00000000001	0.9468637843835463	4.92930230549083	10.642980780992053
129999.99999999999	0.9526764469694268	4.36257030538203	151.7112321073548
135000.0	0.9812180131039949	3.0901239229277953	-11.525675882659094
140000.0	0.9519000894671628	2.4798129314167596	150.02174425506277
144999.99999999997	0.9715768535954366	6.477447021823689	175.98102777976555
150000.00000000003	0.9796918060848295	3.73436074837192	-111.74332091244008
155000.0	1.1071879019254982	3.2426230327758856	-171.3107172053724
160000.0	0.9996706655284685	4.5657737275110915	-172.88238654103105
165000.0	1.0083173350812729	3.2893391378020778	21.974711049126707
169999.99999999997	1.030992685888104	1.6449883228033002	173.58860222749715
175000.00000000003	1.0229649146555073	3.0028224923793467	-173.78597400224075
179999.99999999997	0.905201858956002	3.774679322461915	145.91631295744196
185000.0	0.9402477174525318	2.386901751000732	-18.023253893079946
190000.0	1.1318347316905477	3.0754342323383153	149.62978880363298
194999.99999999997	0.963191290343397	4.574867799236212	156.52063516739582
200000.00000000003	0.9468535511363347	0.14431502354874884	78.21609867141653
204999.99999999997	0.936531078146096	4.22188001113553	147.8717540780186
210000.0	1.06132265600203	1.3222954388007269	172.26214674631706
215000.0	0.9136376230015947	3.463949009177311	176.9704224188278
220000.0	1.0338497434019591	1.4474340295173223	65.34360236815937
224999.99999999997	1.0035968838051421	2.2349134566282753	165.53827338777143
230000.00000000003	0.9492180509206323	1.8755214150590225	42.16569866552907
235000.0	0.9548051776259262	4.818307268312947	-13.417397367600794
240000.0	0.904878075126512	0.6073643744289122	-94.41710979796888
245000.0	1.0562120698123802	3.8895727539613434	-173.1878446849905
249999.99999999997	1.050783022396308	1.7410616769852587	10.953025173175332
255000.00000000003	0.8978485009726922	0.960565928565276	-91.88768575247
259999.99999999997	1.1054089728120817	2.0556343849797445	178.06665681665245
265000.0	1.0859918210238977	2.4465012154006707	162.19776796714535
270000.0	1.066867520337882	3.6923478137114154	3.7873131318908375
275000.0	1.0256466884634265	5.281886374514489	-175.416977172544
280000.0	1.0790923877809124	4.5547215580276985	-4.270158241198467
284999.99999999994	1.0083878389910248	1.0329821179066254	-69.96398083112086
290000.00000000006	1.010951343926371	3.9192680661463855	-11.175338305939514
294999.99999999994	1.0431699207743272	3.599715146145959	167.02790009082244
300000.00000000006	1.0475920250553683	3.13261967394977	-29.18864294551092
304999.99999999994	0.893790921644494	3.724920154394488	-140.7938515336979
310000.0	0.8840011157251662	3.815927769916586	-141.5451341896472
315000.0	0.8946273225816243	3.1608151006148866	-146.3851199495435
320000.0	0.946569022905683	2.875942650709576	-138.06948395262623
325000.0	1.1819154009409283	2.595793566623371	151.72548351470516
330000.0	0.9700332340548464	2.8497087305470767	47.81355115363604
334999.99999999994	1.0667993843162376	3.7640736338913765	168.9636253641952
340000.00000000006	1.0414332505512383	3.0239468208898823	76.61104814673543
344999.99999999994	1.0080180369385148	3.5376439865989675	-105.4898421873632
350000.00000000006	1.0520097899965717	7.774675778024767	-10.274568119563613
354999.99999999994	1.1334293454899649	4.441974569676788	-146.77296561263105
360000.00000000006	1.0492292609492126	3.7936943857755354	115.04342608322085
365000.0	1.0689317105815326	4.048461776264932	-42.43237569868899
370000.0	1.0223882141502738	7.000765690105351	-8.706994963404947
375000.0	1.1195907933387643	5.225363004941034	26.008604145236898
380000.0	1.0377012950535323	2.7840501486746825	114.21077833730983
385000.0	1.105204851668185	2.1317556875478427	15.305017903752061
389999.99999999994	0.9547035363335942	2.154854133502628	-57.487859947379626
395000.00000000006	0.9166416840784993	4.694314392007353	-101.16816724844328
399999.99999999994	1.0740437894141737	6.098545227714064	-18.63450590896631
405000.00000000006	1.0407332883548532	8.323990315824638	5.02309307219259
409999.99999999994	1.072572858229254	5.521848236054002	-24.16602903187652
415000.0	1.0432454434925509	6.78972053032084	120.83342002004154
420000.0	1.0021828813696374	5.054499408790307	33.1103312468367
425000.0	0.9391107478870753	8.404565802827232	62.83634682838132
430000.0	0.946964139107833	5.238817336540107	-11.356328985434306
435000.0	0.9307130645140225	6.399918049261051	-38.39281157773679
440000.0	0.9243070326804249	9.08546805880968	-109.24369393823369
444999.99999999994	1.0276512480879083	14.060535803835544	-5.289451448730349
450000.00000000006	1.235635363270539	1.2455637340302448	-163.12304943547676
454999.99999999994	0.8952233871059777	7.302511221121028	177.91620358302697
460000.00000000006	0.9509506861211472	1.7876278437268203	7.390470539336685
464999.99999999994	0.9517252370704641	7.9107894259120055	98.17446388803555
470000.0	1.1061715567699422	5.432872463795082	-129.89540059117002
475000.0	0.9797301440545215	9.444194075349982	128.09527167878917
480000.0	0.9799462188390172	5.854544113727963	-92.31867822497033
485000.0	1.1213652294122844	6.632046808816056	-175.56399378185196
490000.0	0.9480766748039946	8.159611746756289	140.94570629071623
494999.99999999994	1.009896229605422	6.5350247113585525	45.996137892216524
500000.00000000006	0.927064340631119	6.3790281536235485	-98.42712074795746
504999.99999999994	1.051320356436817	4.815461679071977	-123.55576011607009
510000.00000000006	1.0413418094121751	3.2882687668232617	142.82248100956735
514999.99999999994	1.0065488366862552	8.60870124834873	-13.15024063764074
519999.99999999994	0.9670177851012257	4.157924347225391	73.38299835491287
525000.0	0.9319063706384996	5.606537052291295	76.50626501917272
530000.0	1.0730212750837476	3.009672937035188	157.25349033155354
535000.0	0.9908366394286776	8.515041463264385	166.5278375998501
540000.0	0.917105922690263	2.1550797684280023	51.47748424571114
545000.0	1.1558780926778065	2.140652791830607	-127.33518997284351
550000.0	1.1392099682465153	2.196544918841913	-142.9553567161119
555000.0	1.0685915328166418	2.388266553199925	106.5091031202695
560000.0	1.136631213059378	0.20167413355929978	-82.42346354877353
565000.0000000001	1.0530963476578679	1.4476530348915289	149.91008988879457
570000.0000000001	0.911513979462371	5.3896191074878965	-172.56466235795776
575000.0000000001	1.1046264928076404	2.4000216078788563	-28.49003424334693
580000.0000000001	1.0299512039575314	0.9114404160874795	173.41807933880224
585000.0000000001	1.0217852979434838	5.170600036198249	-148.27901755295622
590000.0000000001	1.0767865254670352	4.625884562416665	29.76149463841082
595000.0000000001	0.9356419702956493	5.118530618242681	47.857852310416746
600000.0000000001	1.0693857057875122	5.997704201426573	-144.4568845840076
605000.0000000001	1.0638330295876706	0.6095703193951801	12.621059044249314
610000.0000000001	0.9674378423022078	5.221097791948578	72.70039296436245
615000.0	1.0954940189996325	3.678907901936289	-50.18674153439615
620000.0	0.9099591135550467	2.269703755697809	-84.68890451160124
625000.0	0.9509226118210496	2.204870848892519	-46.97360570556913
630000.0	1.0641729006560596	5.290088481797546	153.7008696493936
635000.0	0.8969116289832175	0.5270512619400481	-60.44527603248576
640000.0	0.9497895357044304	5.118121198114532	15.864111767598073
645000.0	1.0185721188310681	1.1122592819513062	-57.33505647634188
650000.0	1.0755249910178066	3.7735959609021705	-179.30992754270258
655000.0	0.8318646667181222	5.457280046649172	-34.9116896613806
660000.0	0.8394701804568904	5.592623909296517	-140.31296110174975
665000.0	1.0098069819671998	7.689164408089838	-164.92957880688584
670000.0000000001	0.9066314353730827	6.385080808467494	159.46635589116823
675000.0000000001	0.9652610598616224	4.220167233777625	159.01852524368448
680000.0000000001	1.1210317708732522	3.036589184713581	134.25843215039535
685000.0000000001	1.0083055163582326	0.8787881843476492	129.43450856326652
690000.0000000001	1.1241814847359681	5.998727467238192	160.61334722688136
695000.0000000001	1.0429037537868155	5.665384828359378	-9.430964500879437
700000.0000000001	0.9301621819491368	1.8445582581841535	55.9027039247935
705000.0000000001	1.0601511813940698	3.5011617256985184	-10.149206414759238
710000.0000000001	0.9797623752970768	5.695942854237487	-178.28059062383645
715000.0000000001	0.9282205112027839	5.68841429665802	-153.2137228389008
720000.0000000001	0.9427653968624795	9.147855104735566	103.22459436832186
725000.0	0.9631355204113403	5.466594301482687	48.06567404964644
730000.0	1.0418802068393695	11.116136180471681	-18.222554474050217
735000.0	0.9835793756604673	8.445900980544002	-36.90803317291237
740000.0	1.0266664867113056	14.143305065325867	-169.33043628126282
745000.0	0.914835175408993	9.479972595893535	175.22930651429226
750000.0	1.1817460188081699	8.943767327793623	179.8346649101844
755000.0	0.9851541291050162	11.64509815171477	-6.925278474847631
760000.0	0.9277324699116604	7.7613076250121384	-145.52809074586463
765000.0	1.0304956496538962	8.98105641052592	-169.97829704344326
770000.0	1.0036771551770245	9.434364381041586	-130.11124043805177
775000.0000000001	0.902686783399071	3.5773427591967772	88.68562029056574
780000.0000000001	0.9213653069546305	5.539847234433238	100.2095657077946
785000.0000000001	1.075970109929337	4.192974254036064	6.101597271075338
790000.0000000001	1.0341700903434352	5.899333729223179	97.75452327943327
795000.0000000001	0.983657148518106	1.6357963258967034	67.58769227621876
800000.0000000001	1.005170079088711	7.271078029321915	159.87922004903254
805000.0000000001	0.9777095569001885	5.828510411778224	55.94804814843334
810000.0000000001	1.0069305951622716	5.781686096039661	121.88186059841465
815000.0000000001	1.021875459143238	1.6800193727733683	-15.429645390559122
820000.0000000001	0.9205861410396686	3.783110253886684	42.59565975639702
825000.0000000001	1.0443840833911446	5.304955360848562	-35.2578021138549
830000.0	1.0155209005775554	0.5812381194798295	166.6100824788559
835000.0	0.9049442544204025	3.9616731949663526	-175.25665659448276
840000.0	1.0005373535936744	0.6704731885779353	-124.37119757567437
845000.0	0.8888222628184178	5.861728656882975	-154.24701886979247
850000.0	1.0371221223801126	3.402624496592389	37.67412392706088
855000.0	1.12085194203715	2.9438502271926823	-6.921409422966128
860000.0	1.078200907661812	1.6835305095691706	-12.220651748433793
865000.0	0.9187709238093886	2.053921481800085	175.86277734795786
870000.0	1.1321300123862093	2.217902012283591	-177.148044536422
875000.0	0.9888679914134855	4.288415203553065	0.13389584177982822
880000.0	1.0919127736671677	1.7119500677394408	-118.69147084509234
885000.0000000001	1.004574990498948	2.200899048816968	36.6715507253611
890000.0000000001	0.9882234112400233	6.049062152340152	8.058925746367633
895000.0000000001	1.030862740227956	3.8133964845036297	9.325861934806685
900000.0000000001	1.0396347971343367	3.0777531889929515	163.92238680035956
905000.0000000001	0.967886334820169	2.9999745192091525	-151.1439982602516
910000.0000000001	1.0425194449239599	3.120855232744387	26.754681829533563
915000.0000000001	0.9907703878124665	0.402358148111605	-84.91935489035266
920000.0000000001	1.1244756630526256	4.5654175655650855	-167.13512493407387
925000.0000000001	0.9182649521975054	6.505396562202116	158.24366952380518
930000.0000000001	1.0029196639245606	5.806912781248853	-13.198202405723121
935000.0	0.9232868795936854	4.614541106884141	172.801002630228
940000.0	0.9428007910008782	2.8171167789067924	165.536912700884
945000.0	1.0729396752416251	2.8241566665338516	-166.56539989370035
950000.0	1.0442347268967052	5.813729492929715	173.98324983183394
955000.0	0.9033917109047978	2.3615811340582322	-177.35281849193643
960000.0	0.9552080325328086	5.4649452351557715	169.47902564069355
965000.0	1.006240011345072	1.7726928424916026	-110.60135199851922
970000.0	0.9721824327994222	1.9925368259645684	-95.93276585798962
975000.0	1.1079387793920874	4.907059163811175	7.285341675485804
980000.0	1.0772169451511129	0.9458199325222705	-73.88504417780996
985000.0	1.1348688667704703	2.269432250528906	172.248061513361
990000.0000000001	1.1405437444546964	2.7236646407860543	-15.950532919410799
995000.0000000001	0.966920169245556	2.872277821861053	-174.00455676764065
1000000.0000000001	1.122587485925295	1.4822728748791216	12.318030296814932
