0.0	1.9639251061748304	54.252376654692654	0.0
50.0	2.055595447564927	50.110439927397955	-34.35807632860704
100.0	2.0320367985070265	48.590286779675246	-74.94900424545575
150.0	2.1511716152305995	46.60628427871538	-122.3872312757402
200.0	2.208313792733477	47.55750788143568	-170.88990850983794
250.0	2.193727780762719	46.893014035548	139.30130025571256
300.0	2.124093251296726	42.939551705845126	78.96953803461952
350.00000000000006	2.211362113097953	46.26766312698014	16.03398164061872
400.0	2.16619777987228	44.95853976736945	-43.68078503082882
450.00000000000006	2.1538573445868106	44.85502043580291	-118.79212959993848
500.0	2.1166248443147118	46.592077841796396	173.4333125017587
550.0000000000001	1.9807749813958189	49.81328616393174	92.06631722633078
600.0	2.050824162399271	45.80812981407386	10.911983543876755
650.0	2.032950680165319	45.585056750544176	-86.10727012542186
699.9999999999999	2.191722875617716	42.89579724860545	-178.31141610034254
749.9999999999999	1.865646106464932	54.24081100602741	76.73985117946452
800.0	2.216145407087633	42.70687473424243	-29.42204459721111
850.0	2.0105524389414726	50.10172751399111	-135.35618998120177
899.9999999999999	2.0652197686298597	46.95073936371087	109.30303020996136
949.9999999999999	2.1071263197306	41.79773057264582	-3.9507664864138587
1000.0	2.057369260203701	42.475016764855056	-131.3986041322863
1050.0	1.996939524196823	43.81193509596544	110.06544538499118
1100.0	2.1599718487825292	42.1242644081825	-23.83808878956934
1150.0	2.085770228697236	42.28567539786152	-146.7393215384827
1200.0	2.143711603957698	37.18870831464464	70.65517457423552
1250.0	1.9648118144867648	46.80492951411847	-68.00539913706073
1300.0	2.0136946959853455	42.11783298817521	156.09858793886468
1350.0	2.163194613772199	40.11649840517645	2.840437211741246
1399.9999999999998	1.981182039420455	44.24570312554606	-140.40635528263402
1449.9999999999998	2.0486304750102193	43.44212064756676	67.34018065753135
1499.9999999999998	2.1002462915958318	33.972571875105245	-90.96340584552833
1549.9999999999998	2.0301742203538917	40.215481788075664	108.81376088089152
1600.0	2.040247324589357	38.744495578159444	-52.576424867071566
1650.0	2.152768683510007	35.178567844492626	148.07039309341476
1700.0	2.1503826844194216	37.06738436972804	-25.206164328849955
1750.0	2.154010181780006	35.835399806784764	154.49573571077636
1799.9999999999998	2.044146559819578	38.32877155270431	-21.258409990676085
1849.9999999999998	2.000456181823174	38.66138250569612	158.28122599192406
1899.9999999999998	2.067138982228643	35.47275274604687	-28.420194584227236
1949.9999999999998	2.063324047617675	33.33223334782837	131.88156922515245
2000.0	1.9560232476505859	38.25140842260983	-71.6298309308237
2050.0	1.9257696058023592	40.87753533176635	84.10713428080007
2100.0000000000005	1.9840320075634332	38.853318502361354	-120.49805991167129
2150.0	2.047457204185857	34.99510504168789	30.065878246599326
2200.0000000000005	2.0788318960321845	31.61086731348003	170.60297993006205
2250.0	2.042791566159733	34.55569728958422	-56.19034094211663
2300.0	1.9240838089803949	37.98423408823949	81.70494931145217
2350.0000000000005	2.002767301554872	33.767914339794935	-152.3077963661731
2400.0	2.1030402289236707	30.166309300740572	-26.059497052089032
2450.0000000000005	2.0930338998898597	23.820140232701405	105.95136214940217
2500.0	2.061722144050658	28.612036226383808	-143.84801000704374
2550.0000000000005	2.0550603595369505	26.059117410258718	-32.45112635089822
2600.0	1.920658882282911	35.96299752130147	68.2455731366483
2650.0000000000005	2.0896323520646476	27.06196554877555	158.39699365287075
2700.0	2.1225617032704664	20.453120865337503	-107.984566345634
2750.0	2.0248506124822274	26.204567693652237	-10.903379067503343
2800.0000000000005	2.0085608302869495	31.13118805852004	67.57906040331393
2850.0	2.037118332504069	24.99598508291947	132.3295011500278
2900.0000000000005	2.164429731346898	22.65257681874235	-151.8210499130167
2950.0	2.0501074837682562	21.903267393741736	-94.19110927672146
3000.0000000000005	2.0421576726907276	28.922989884121385	-45.785519604539324
3050.0	2.178914488491881	18.417748067590807	6.634466832443686
3100.0000000000005	2.028436609499189	26.982758621687832	39.780690796791816
3150.0000000000005	2.0261619615097985	21.271304452433263	70.82812173801406
3200.0	2.060682996809922	13.23506174439885	104.9437017385068
3250.0000000000005	2.0221551921116165	19.700959021904513	118.41489861944763
3300.0	2.0576796953195067	13.581151273097602	153.4284677840314
3350.0000000000005	2.069431229113308	13.333041738374371	160.7076545743966
3400.0	2.086190081256156	15.359653603373014	147.5954600368601
3450.0000000000005	1.9929639690172163	16.241029069578314	156.1242677789749
3500.0	2.1145435446010468	12.588292428550025	122.7512767447381
3550.0	2.0818298089382945	5.343318499113111	60.668265077104216
3600.0000000000005	2.042001378889538	11.475476485450788	26.12126982733704
3650.0	2.082416199421052	13.002733542402034	-10.231446783964383
3700.0000000000005	2.0274767164706047	8.854777525948421	-55.115645078317584
3750.0	2.053704958893413	9.848552997485545	-54.16522474137822
3800.0000000000005	2.0290138931672677	11.130253516286162	-86.80768449262062
3850.0	1.9815414195930419	8.766784426526867	-65.14575382106688
3900.0000000000005	2.0473146714935524	11.589085170267044	-69.29418616266555
3950.0	1.940368892319143	10.883297385798535	-24.775983764651876
4000.0	2.052927751065186	11.614011976790822	-0.03266866661465131
4049.9999999999995	1.8642417968337042	15.449197626202972	33.21126563827823
4100.0	1.9909470080814615	15.605884027345315	85.987233572216
4150.000000000001	1.902467192747458	12.001925036716312	-166.76256276036816
4200.000000000001	1.8940114175659082	11.658618639348907	-25.137689724903243
4250.000000000001	1.832814127585994	19.13953646200733	131.67145959099275
4300.0	1.9995202249474773	12.687210491542704	-15.030130749045705
4350.0	1.86274503095193	14.119913006017777	-149.54149071935512
4400.000000000001	1.9950202362586482	8.579379621703898	81.20095025632162
4450.000000000001	1.84417140240498	16.342408221086014	-17.6994673966404
4500.0	1.8772428092135487	13.013290526967934	-22.993309304604427
4550.0	1.86768171346599	19.164005302874767	-61.898002536710415
4600.0	1.8619884959037372	16.14007609171775	-43.273396464387936
4650.000000000001	1.902524048583087	13.590062715932495	-7.866612067426491
4700.000000000001	1.760603345217858	19.269563050763757	70.41082409794501
4750.0	1.7904779638418775	12.820534541642074	-153.61710150139146
4800.0	1.7903212518569012	16.324838325297275	-61.96633806393879
4850.000000000001	1.799478909539707	11.393049849256867	-160.82457567091328
4900.000000000001	1.8401381244211943	17.307046595117725	47.59587354746552
4950.0	1.8105127532589498	9.787335246896069	-25.43341422062491
5000.0	1.8114740797637354	13.402031709394443	54.58071516289152
5050.0	1.8113411717018382	18.12491866317316	116.37208485749437
5100.000000000001	1.7334695630366388	8.630219087887975	-114.15168001419819
5150.000000000001	1.7840367135387611	9.099696179626363	-157.51527383569393
5200.0	1.6427046674217263	18.137483612895533	105.26901041562122
5250.0	1.7658928210691653	7.559739217954071	104.96986135891775
5300.000000000001	1.6407016349062622	14.767388238622695	-86.7011615824927
5350.000000000001	1.726064188566962	3.3975357506312345	46.217081963226086
5400.0	1.6550944120363689	17.96002959973959	37.45523347557387
5450.0	1.6680595951478678	12.232014503401599	106.27721250686238
5500.0	1.76954065301474	9.33544889944378	-113.60851334677994
5550.000000000001	1.6777521249600065	7.42290009221226	140.45404411838808
5600.000000000001	1.7046545963732564	15.431442156990265	76.59988939766367
5650.0	1.6071610152898923	13.876597990968003	112.36617124813664
5700.0	1.6458078934203668	12.88591015477528	32.72912610361951
5750.000000000001	1.8153977977840983	3.426529218687288	121.93660977402838
5800.000000000001	1.6218317112530958	5.207821540988338	-93.40401074634927
5850.000000000001	1.6421444579434614	3.843524933896702	-91.39944036393305
5900.0	1.712482300871245	14.829843115258008	63.12376128805416
5950.0	1.643690629130498	6.734779207238219	-57.64667086659761
6000.000000000001	1.6510253455716977	12.845301034820137	158.3385255396424
6050.000000000001	1.5629139317220506	7.648572564586071	61.89847858552851
6100.0	1.7775206997782618	7.639569358334079	-123.82457652835824
6150.0	1.6326265323216433	12.716818188824922	-114.23999269632505
6200.000000000001	1.694602156504546	16.91874521004661	178.086560588078
6250.000000000001	1.5169669313986653	16.561835660007894	168.31272166285282
6300.000000000001	1.7307369808447903	1.3381462041876329	99.67258307588432
6350.0	1.6838445029344222	13.061410667302532	-160.1139225221126
6400.0	1.4775356702762072	13.386262177775595	-121.24336935190846
6450.000000000001	1.7028386823088395	11.069264502128824	-44.87717034914469
6500.000000000001	1.6147730230702175	12.793850984977244	-15.401772134831107
6550.0	1.5176960742976293	10.736340483416706	60.00179657272449
6600.0	1.5217880958219208	7.583001308597085	155.2915304679223
6650.000000000001	1.5113521932705167	13.24106508405856	-87.6985962388489
6700.000000000001	1.4971787682321243	4.738123433637002	61.43024684195131
6750.000000000001	1.4803209034128197	6.0370070274627965	161.58773361767388
6800.0	1.6949061792918727	6.514412949962665	-88.29265877761578
6850.0	1.5255333587110644	13.681032404012411	64.66928017076283
6900.000000000001	1.6824620412600888	9.204456748519693	-141.03421200689618
6950.000000000001	1.455065179202349	9.681862260024173	31.10343122039799
7000.0	1.386047813963536	15.601688871088518	-160.434737821536
7050.0	1.6095845904452306	4.113684306155081	39.14057143040809
7100.0	1.4313866233817258	4.811229070045301	-115.24244908942987
7150.000000000001	1.5025666871555567	9.159238306627191	33.0778660870959
7200.000000000001	1.513470847670601	9.641051710964037	-101.78025282812561
7250.0	1.5296978288409768	13.239634890448713	62.65715831030268
7300.0	1.3427623782816824	12.574262611469727	-70.28938879358526
7350.000000000001	1.532929949678836	7.895600324110253	129.91178704704154
7400.000000000001	1.3499401220564626	15.847706422458451	-4.614405094040918
7450.0	1.3410686371264997	10.9484776025939	-126.63865208812751
7500.0	1.6065674528989555	11.70397267281927	62.1173205607465
7550.0	1.4645334394761624	3.5635467515499633	-55.05578711727568
7600.000000000001	1.5464023851540638	12.715063174053011	-147.19633315697965
7650.000000000001	1.4345696766843516	12.467797486650344	90.90190376482715
7700.0	1.5827123459195065	10.435251468641367	18.12808484268697
7750.0	1.341389255404275	14.678633068290683	-115.1256522662283
7800.000000000001	1.5622278418477078	7.520136788808322	152.0539104324778
7850.000000000001	1.3835957502904592	14.764951153650152	58.35078518239528
7900.0	1.4546400321969883	6.061215958726725	-19.866919251620597
7950.0	1.406916540295103	12.555843371321513	-81.4646287971291
8000.0	1.4859365479330688	8.520969127607783	151.1040796837417
8050.000000000001	1.5616017211165334	13.546433956552171	51.85450162173191
8099.999999999999	1.432932984154327	7.45061364043826	-50.30619824610841
8150.0	1.4913699439805888	10.54149576654745	-73.15491897611314
8200.0	1.5338768795597837	10.91367112958824	-179.80161473846437
8250.0	1.221604299092879	14.263329515188827	127.29207501934134
8299.999999999998	1.17421854659109	16.806179018126386	-15.813976473693534
8350.000000000002	1.398090417048547	14.003426055012305	-174.01005162198373
8399.999999999998	1.2204580750911596	16.01439936355993	21.649294421061366
8450.000000000002	1.2307150955720247	7.478447146088475	-52.122756883466884
8499.999999999998	1.4034528098022763	16.715175820987557	173.2528121990347
8550.0	0.8508709305069961	15.22679273611956	-71.69074142240511
8600.0	0.8315828919237531	6.014164789439065	94.00469803516545
8650.0	0.6637028775403193	13.183272303162598	155.08234739248232
8700.0	0.43162312878872183	6.581719137470638	-102.06707592090102
8750.0	1.3026642603223981	21.618086720686325	41.95073434401333
8799.999999999998	0.761110993089565	26.256916826725007	173.3141940984834
8850.000000000002	0.7801439566853677	19.62546066785918	-108.28224511106637
8899.999999999998	1.4626599164431602	2.6543444268167207	74.15386006195622
8950.000000000002	1.005772147374552	23.691026894377295	179.35134698203456
9000.0	1.0071013650016492	13.944119364516647	-114.41399213888015
9050.0	1.1997558897418124	13.681364718628826	-91.06911794387149
9100.0	0.8888508014393907	19.610872851160337	165.7307524770699
9150.0	0.84078493315418	5.467164989805437	109.14118321438664
9200.0	0.6575669798649452	1.011065846869836	124.0775589853678
9249.999999999998	1.2607677843102374	21.86515942203481	56.648059109414255
9300.000000000002	0.8960940768607317	26.58912116450998	-146.11904844472832
9349.999999999998	1.2011493488068963	28.51666179507997	-147.24667336623273
9400.000000000002	1.0775954843224615	25.076585116460798	135.90897980233873
9450.0	0.6704830493472033	21.270993520179424	23.873535527747936
9500.0	0.8171038434562347	29.963460694610838	-109.08813210209405
9550.0	0.9216348728520117	15.14429497858351	88.68706138138064
9600.0	1.310406819675857	13.496586026382023	124.4414670441498
9650.0	1.053125555344228	14.933498145232258	-107.30475792849994
9699.999999999998	1.0135244305162732	5.43983836330899	-166.06700787509743
9750.000000000002	1.0001650952297834	3.012021828774338	-119.41655616186509
9799.999999999998	0.8770425615270756	6.553403871498112	173.47249970547534
9850.000000000002	0.9143264020024251	22.253367340166808	-175.15865429221014
9900.0	1.4421300456213186	6.536146200497083	-153.71987693560175
9950.0	1.1051107975799288	6.798223164696812	-163.98116202793102
10000.0	1.2302695767685488	21.78305756959392	-91.04776107469172
