0.0	0.621996838531506	34.64895035658294	0.0
50.0	0.9836055754181631	33.58635461478338	94.89580985569708
100.0	1.2823768429339057	25.237719186023472	117.77212110144475
150.0	1.6728767234946555	4.641688378075833	125.49757485784173
200.0	1.3437011544381385	22.32136902036143	32.2109584840043
250.0	1.0675951208455265	42.816590294953116	166.79974413688166
300.0	1.3568836407917688	1.0316540356690993	51.766598314182644
349.99999999999994	0.7232116540522486	44.685985810418245	-62.16528066439258
400.0	1.1820797124852205	30.17424179650362	-78.15139872845076
449.99999999999994	1.5538147044549808	18.27864889353297	109.12811839982811
500.0	1.1249052434448261	36.31532908317043	62.49114055067223
550.0	0.8685922527097867	43.560092527001444	-174.5693277388548
600.0	1.4216468800754953	20.33208232580874	87.63947138795788
650.0	0.5640867122263147	29.912466407746834	74.16158561853992
699.9999999999999	1.1648102427543463	24.704216595715394	-78.3992602444872
749.9999999999999	1.2747399772624142	26.286620466138107	39.84739522996714
800.0	1.0089546564487741	19.303684993044364	106.20535185757211
850.0	1.0900938190926253	22.98486563894416	-113.31114124315198
899.9999999999999	0.8177093347062323	28.53110083051343	-41.18327642780137
949.9999999999999	0.9213574225416011	25.30059782217167	13.78493418522541
1000.0	0.8719816281003782	17.612063707608293	108.318437188773
1050.0	0.8003137430271978	23.444091697924733	172.53521487739962
1100.0	0.5958395122604789	15.841742027062862	54.04948761111697
1150.0	1.3126995601873217	22.789027455065078	10.951229334802782
1200.0	1.07751861495106	21.905026184054005	19.932906820043957
1250.0	1.5131017809218565	6.362327096284516	72.7162425920147
1300.0	1.3468247909517441	21.297933919968486	95.16642931282038
1350.0	0.9903423137585675	6.568129593367173	-7.811427016560917
1400.0000000000002	0.9458188242827708	27.01600329245909	-21.70049671744084
1449.9999999999998	0.9005066538431427	11.089440413429305	135.78802635146118
1500.0000000000002	1.408266180287412	13.902510105875525	135.0287275393921
1549.9999999999998	0.7021593008048584	27.06253984016285	-26.541560490685175
1600.0	1.3570152662187702	21.735304331620412	-58.045327550647315
1650.0	1.203920390633733	31.36365264747435	24.69416023959516
1700.0	0.7915603054739133	36.51751864912558	147.44501522580728
1750.0	1.37739606661086	12.526620015361429	-152.11732235118723
1800.0000000000002	1.265153138772297	23.136964070831976	15.356301258940807
1849.9999999999998	0.8009815784390594	29.932403100327488	131.68694044024485
1900.0000000000002	0.8164768978554705	32.349949806201444	-125.02698265828226
1949.9999999999998	0.9972400928236029	20.532895973046724	-103.01551876294805
2000.0	1.2927094751539556	10.513562428727345	-143.63266524919416
2050.0	0.6646262546682598	2.2267397965527724	97.29493919527846
2100.0000000000005	0.7081187926951372	9.617484613413897	-113.09675943401386
2150.0	1.1973835827985995	10.713778623163037	-119.59452729383457
2200.0000000000005	1.1289121685546553	6.461747846366343	105.26349821681004
2250.0	1.1152884977254327	18.73945195209841	49.13044903800789
2300.0	1.4620667142301842	3.1441543664716183	71.54328402002798
2350.0000000000005	1.3361963821197889	1.8634446260201065	143.26025916815192
2400.0	1.4254513407019305	11.816458023282156	96.95216323245893
2450.0000000000005	0.9994628021678996	15.895554191344186	-169.32695010637326
2500.0	0.5730997285582916	14.19568311670456	-60.262258400697476
2550.0000000000005	1.4562970740250232	5.876097803710119	41.52264103706413
2600.0	0.9966248685959578	5.708711375333497	78.25091340475262
2650.0000000000005	0.4889175939342833	10.965144225562883	-42.20012051959204
2700.0	1.237477898129882	11.69887091479364	-141.2945254974994
2750.0	1.2123029621294945	19.78559698413116	23.46776527224339
2800.0000000000005	1.1847434214706223	13.0166421941046	157.3376144464787
2850.0	1.4138127507770806	6.990348058386589	-75.22986416456767
2900.0000000000005	0.7820937584664109	29.729738670497113	-44.25492331107799
2950.0	0.8580381456203928	28.184701471533305	-14.479681418744521
3000.0000000000005	1.3253914769002153	18.08792199507554	78.78267333947696
3050.0	0.932075946319326	15.476051695405337	127.52284807736959
3100.0000000000005	1.1775298663895708	25.630176821982793	137.5896634031368
3150.0000000000005	1.072054558254254	27.930365322410477	157.89231657262192
3200.0	1.1845904588199154	15.055217020142855	-83.76274282998531
3250.0000000000005	1.2720273225975927	2.823301978103213	56.960120246885644
3300.0	1.3507026351947853	6.541978736409016	153.41043277386464
3350.0000000000005	1.225468055757001	10.71055199538246	-156.44392821237926
3400.0	0.928991495433308	26.64339516758649	56.33733417468408
3450.0000000000005	0.8472985679791155	30.30496191003852	-34.99693404670573
3500.0	1.3793543626025573	12.056472890162759	3.9003436701560066
3550.0	0.9438447352389202	18.125155123560216	147.4395885345342
3600.0000000000005	0.8465484258877536	19.9234741956114	8.169056725768618
3650.0	1.1874387259675554	17.656429171436002	-154.02659806920101
3700.0000000000005	1.2168578603347346	20.59160597407319	-68.02582566120938
3750.0	1.358164508707205	9.671520283905963	148.0876182234572
3800.0000000000005	1.229015766061294	15.655935487302372	-162.90243708738637
3850.0	1.0523549283322282	18.58330055476963	17.522065427184035
3900.0000000000005	1.2480939570487926	5.288393928547198	53.117854079295874
3950.0	0.910958169341108	9.415254809440368	174.28193288981316
4000.0	1.2891318222848474	4.340832581801232	96.59685017837258
4049.9999999999995	0.587605048202673	11.489816962270949	-80.03230690162754
4100.0	0.7453120869142938	3.7173268138403834	-147.65927428248128
4150.000000000001	1.1999072459935929	5.529086289797899	67.55076030608612
4200.000000000001	1.0932393427260019	14.694140588024132	55.49468629717373
4250.000000000001	1.1492721975393305	17.520969624236198	142.5320827629667
4300.0	1.145788331321608	16.2607486069256	9.718057717741814
4350.0	0.8329376795636863	18.534356075286222	-124.72520525162145
4400.000000000001	1.3422681323202477	6.630709846857389	-51.88664391839107
4450.000000000001	1.3333848126320587	7.606388171091627	-120.41770432144405
4500.0	1.0618285387222743	20.110828496238327	-140.47115676605839
4550.0	1.3220475055183158	15.58755690888773	-36.29325456297069
4600.0	1.0316802765826052	20.11648711482909	147.2899050172901
4650.000000000001	0.9885085827314979	23.466944478257496	-160.37123685732064
4700.000000000001	1.1284430879410283	10.075419155247943	-79.1819883715349
4750.0	0.9938982348855142	9.88889874997479	109.22481613810122
4800.0	0.8517721688640102	5.047331454312845	126.74420733595329
4850.000000000001	1.0025417603586273	15.561368773215344	121.37955831864296
4900.000000000001	0.9646242608184471	12.93021480478171	6.131554043339748
4950.0	1.16992981744139	6.900038510903656	-100.55464044125955
5000.0	1.1531066800024103	11.386460909740721	122.53002687372327
5050.0	0.920423067875183	9.313166097696692	-48.12136238378251
5100.000000000001	1.0129408048227113	8.41804353372853	125.23513907259243
5150.000000000001	1.1558818245471678	11.750051787685232	31.774888952675397
5200.0	1.3171129083553341	7.9038112720309455	-148.94597405543013
5250.0	0.9917561212209829	9.257710163133108	0.1941322029474771
5300.000000000001	1.013896370357628	15.38912246306676	177.62035242628724
5350.000000000001	0.9025412221548772	13.195267003439406	123.35565671640084
5400.0	0.9326399809914033	6.487591018833563	-127.79959741826892
5450.0	1.0222198422266342	18.469853364775805	-61.19727595076982
5500.0	0.9927175925843557	20.92105874577808	-156.54889804468135
5550.000000000001	0.8560731885163066	4.3642833535927075	174.97286895105705
5600.000000000001	1.0434537428874253	16.9777011023676	123.3482563025155
5650.0	0.7788500866931302	15.6347754204218	75.22551233276572
5700.0	0.781291702425064	20.146764133806876	43.67714800339308
5750.000000000001	0.9400148908828534	19.570624294995024	11.585104606808713
5800.000000000001	0.94118618702494	4.666964728725281	-37.86149480716831
5850.000000000001	1.2489302844851715	11.932848389724278	-65.52142089134729
5900.0	0.8892859155075177	15.862480389727786	-75.25120526728887
5950.0	0.9588068170371344	17.31579162762887	-157.94408855179503
6000.000000000001	1.1839712839247374	12.953158560602775	144.02654030368942
6050.000000000001	0.8560824385314878	18.28316262534641	54.146779392470705
6100.0	1.0753364601162771	6.002604083633776	8.228682479107373
6150.0	1.0936703766171203	14.030282486266229	-104.66717792626022
6200.000000000001	0.8394285854180671	6.211874019801543	-131.22010752989462
6250.000000000001	1.239483164599656	12.671509101545887	95.7465992222125
6300.000000000001	0.8591964103802074	4.844628446563592	-16.88066706757085
6350.0	1.147119827394946	12.396738949334765	-87.85687792405567
6400.0	0.8722127504184787	11.825516434929254	97.19317279236255
6450.000000000001	0.8431971874033346	13.831405049996217	-8.940397849468955
6500.000000000001	0.9575616542117945	8.977843352262575	-51.598663082120474
6550.0	0.9923704905956322	12.704045182548576	107.39283914115772
6600.0	1.2328004450073649	9.77168452302404	77.32766532440954
6650.000000000001	1.1526990151535024	10.20435832527731	-87.03287331470379
6700.000000000001	1.032801371401652	12.62626409601145	163.84566457798775
6750.000000000001	0.8010829973700111	9.292495185502164	-115.84803685373885
6800.0	0.9392778057915597	13.709464128363912	156.970459788707
6850.0	0.8429842582048551	6.586248978691953	55.88462567321779
6900.000000000001	1.1367511294231603	7.119086859722648	37.58429600887199
6950.000000000001	0.8766410274488778	8.331431271452097	65.11387665285339
7000.0	1.0435983160073052	10.598677445104798	61.37998821252446
7050.0	1.0342953350964748	5.692937330762078	-109.63014054936282
7100.0	0.9717752558339574	8.721762102215125	-56.57320909679693
7150.000000000001	1.1412006577579392	2.8649109840666607	100.61996889845905
7200.000000000001	1.1577303686496094	12.459704768509784	43.28010474267822
7250.0	0.8044358978345757	9.615156626916443	117.8216946151545
7300.0	0.9135399216404045	12.073826909522346	162.67197716941916
7350.000000000001	1.1631811239802252	10.924395044131405	121.07317038661405
7400.000000000001	1.0957704413325144	9.872081613108708	96.26858575318327
7450.0	0.9960394205485189	1.2783670210925817	79.38395024022562
7500.0	1.098895089834052	14.471317601281386	13.775263108121296
7550.0	1.1202353865667947	10.512458074239621	-33.464931040946084
7600.000000000001	1.0758674041588387	11.057820130284648	-68.73322198775155
7650.000000000001	1.0522691052492694	7.196761445863846	-107.81374027723353
7700.0	1.0620564623669178	2.4959246682442418	-155.3297977316704
7750.0	1.0352246067888276	5.399833586907355	117.96940728163818
7800.000000000001	1.083508921680395	8.989595916615297	57.38921155031301
7850.000000000001	1.1522440838151407	10.894841472252196	29.765500599750872
7900.0	1.1593237875141793	12.312598529165799	-6.51885310649355
7950.0	1.1310230796605	12.253014260286879	-31.410554283292274
8000.0	1.0377110462448143	6.7017175082426315	-68.87414757160616
8050.000000000001	1.1868392335571871	3.5284755817284332	-109.48091110696521
8099.999999999999	1.0866312357670826	7.0884311074066995	107.41215576978729
8150.0	1.153914552749107	2.065021710535485	63.51442042049148
8200.0	1.091926168798401	6.944687447559271	-85.34108758048099
8250.0	1.1055120563377268	8.865268103143428	-127.21227712024007
8299.999999999998	1.1128608440819556	5.419255266878101	-172.03517935711392
8350.000000000002	0.842228805803522	7.907054375561587	70.07366391517665
8399.999999999998	1.033246620700329	9.68888470210776	-172.43422217612127
8450.000000000002	1.134229874844258	2.355768029937805	42.91416638499844
8499.999999999998	0.8942633713280458	11.920904439185554	154.86727563585495
8550.0	1.072303981116559	8.457893033197214	-148.420252370336
8600.0	0.9516128041906121	6.721213435646138	-128.97337858498918
8650.0	0.9758886978333164	11.77240288981011	19.81921677336882
8700.0	1.0368401939382716	4.570894751471929	102.06103490637024
8750.0	0.9645671623488387	9.043592385698187	-167.2382657276598
8799.999999999998	1.186199211029228	7.52496580862018	-45.10634963926776
8850.000000000002	0.9520362447436428	5.205816055171941	114.19644060732558
8899.999999999998	0.9071557880456074	6.765391200349031	-83.79049365403891
8950.000000000002	0.9418082526391234	6.1519311817198465	135.01683513067357
9000.0	0.9859335432722748	1.415251970544653	-124.00670521139712
9050.0	0.8821875278775643	8.51113705986596	91.38818946768745
9100.0	1.1188162420244991	5.890055365225242	-92.80585992029519
9150.0	1.0884623255854524	5.2910527754227346	41.68210320152958
9200.0	1.0394242123037556	7.14372728462817	122.68398200202634
9249.999999999998	0.8171854781788276	5.247573180573783	113.99513193692752
9300.000000000002	0.932193489548154	5.598493331292413	162.71021777978132
9349.999999999998	1.123147347710239	2.7424370230483115	-155.26362476659185
9400.000000000002	1.1649160470075284	3.650626559269453	-118.78560644959146
9450.0	1.1263517706129187	4.785964603119504	-127.23992485033298
9500.0	1.132689339385462	6.24659800940755	-124.90592136266878
9550.0	0.9237837549964099	8.029896858780095	-129.530698925056
9600.0	1.1169886869767993	4.512247527230222	-64.90207672406274
9650.0	1.140436997264728	3.5489753688911976	-52.56827244762309
9699.999999999998	0.8918081516807574	4.468200417667285	-34.53505460963936
9750.000000000002	1.0099101843058134	1.2181254135815076	-96.77434962515747
9799.999999999998	1.0082470916856705	2.309266381657943	123.9299834290032
9850.000000000002	1.0925475019326965	6.319699923471081	46.107290590336476
9900.0	0.9353358218092097	8.353124909229885	35.10562860381108
9950.0	0.984204716575479	4.961976714735952	104.2331323598882
10000.0	1.1065017213677004	5.4515358545770365	110.31553139188756
