0.0	1.8723519620398072	56.30941909338235	0.0
1507.537688442211	1.837558313332297	55.66723702883901	2.2219753403177615e-05
3015.075376884422	1.8039303843109566	55.016059000092966	5.939011908540871e-05
4522.613065326632	1.771439110534192	54.35625735019377	0.00010626172857145365
6030.150753768844	1.7400559592995577	53.68822568999766	0.00015520388560179066
7537.688442211054	1.7097529175147197	53.012378784253215	0.0001981456082067694
9045.226130653265	1.6805024631245935	52.32915192054722	0.00022818165249098544
10552.763819095477	1.652277525190539	51.63899969461498	0.00024115842248605392
12060.301507537688	1.6250514396874138	50.942394317141044	0.0002365674122143342
13567.8391959799	1.5987979085285438	50.23982377055107	0.00021767721431510876
15075.376884422109	1.5734909683471325	49.53178970548502	0.00019081796060530168
16582.91457286432	1.549104973419462	48.81880557477408	0.00016402148479959961
18090.452261306535	1.5256145941853938	48.101395058676765	0.00014530766266338132
19597.989949748742	1.5029948296036222	47.38009051372268	0.0001407853658078366
21105.527638190953	1.4812210287887533	46.65543227548839	0.00015345726305254588
22613.06532663317	1.4602689157167432	45.927967553254135	0.00018241127918633735
24120.603015075376	1.440114610695066	45.19824980281508	0.0002231204014389234
25628.14070351759	1.4207346437227824	44.466837609024	0.0002684119670200707
27135.6783919598	1.4021059573259418	43.73429341564484	0.0003100900455484586
28643.21608040201	1.384205899203793	43.001181499408496	0.0003406919380720431
30150.753768844224	1.3670122073727151	42.26806585380409	0.00035516481486883413
31658.291457286432	1.3505029919917548	41.53550765221159	0.0003519791077050486
33165.82914572864	1.3346567185162461	40.804062228692736	0.00033341619421022744
34673.36683417086	1.319452196271258	40.074276714495525	0.00030513481871496007
36180.904522613055	1.3048685752431466	39.34668748924684	0.0002749054287330912
37688.44221105528	1.2908853519965182	38.62181827096446	0.00025091026489335933
39195.979899497484	1.2774823836642524	37.90017861950435	0.00023993090961236252
40703.5175879397	1.2646399073214734	37.182263203598765	0.00024587273519164515
42211.05527638191	1.2523385610467934	36.468551021335756	0.00026887181900356766
43718.59296482413	1.2405594028709916	35.75950512047591	0.0003052797001104806
45226.13065326632	1.2292839245645637	35.0555722421542	0.00034847366538614475
46733.668341708544	1.2184940585785613	34.357182363473534	0.00039032895690182086
48241.20603015075	1.2081721780479815	33.66474762104889	0.00042298641719143047
49748.74371859296	1.1983010912023804	32.97866142455004	0.000440598908606744
51256.28140703518	1.1888640325120237	32.299297027244705	0.0004406047811829824
52763.819095477375	1.179844653274941	31.627006381709656	0.0004243016552010986
54271.3567839196	1.1712270141158978	30.962118628057574	0.00039654658410852523
55778.8944723618	1.1629955811310795	30.30493960620855	0.0003647127319465534
57286.43216080402	1.1551352263646901	29.655751479279452	0.0003370687076990997
58793.96984924623	1.1476312321836546	29.014812277932492	0.00032092788061517137
60301.50753768845	1.1404692981695688	28.38235734583708	0.00032108207493631446
61809.04522613064	1.1336355485678908	27.758599335005687	0.00033869422270492536
63316.582914572864	1.1271165382332666	27.143730093947884	0.00037108264742838234
64824.120603015086	1.120899255374874	26.53792128681225	0.0004122916637444577
66331.65829145728	1.1149711201158963	25.94132552744353	0.00045441525057010845
67839.19597989951	1.1093199787451211	25.35407659034352	0.000489323828175901
69346.73366834172	1.1039340943489782	24.776290668594264	0.0005104864312424624
70854.27135678392	1.0988021350967523	24.208065417924924	0.0005143640450883493
72361.80904522614	1.0939131617170035	23.649480597807365	0.000501215455024639
73869.34673366834	1.089256615619008	23.100598053148335	0.0004750340569702142
75376.88442211055	1.084822308743552	22.561462123493484	0.0004426821938487463
76884.42211055275	1.0806004156669442	22.032099358921073	0.0004123518453664739
78391.95979899497	1.0765814678718744	21.51252051710136	0.000391802081870899
79899.4974874372	1.0727563495665258	21.00272078289329	0.0003866176069839975
81407.0351758794	1.0691162940903174	20.502681709911933	0.00039899727137308075
82914.57286432161	1.0656528798479104	20.012372172205353	0.00042725340521848685
84422.11055276381	1.0623580248647138	19.531750094927986	0.00046619804730923734
85929.64824120603	1.0592239793979872	19.06076355967138	0.0005082819291319318
87437.18592964826	1.056243316478624	18.59935141937829	0.0005452510942579606
88944.72361809044	1.0534089206894721	18.14744468190234	0.000569983512306615
90452.26130653267	1.0507139758150001	17.704965662791366	0.0005780248588958263
91959.79899497489	1.048151952167579	17.27182920200169	0.0005685960926182615
93467.33668341709	1.0457165943814297	16.847942390887795	0.0005447531194396554
94974.87437185929	1.0434019102950054	16.433204598448597	0.000512711868256737
96482.4120603015	1.041202161259519	16.02750871670364	0.0004804995856077029
97989.94974874373	1.039111853891422	15.630740476521984	0.0004561603700824271
99497.48743718592	1.0371257329972574	15.242780371603251	0.00044600841139379367
101005.02512562815	1.0352387751976333	14.863503996123326	0.00045322313520157064
102512.56281407036	1.0334461827013752	14.492783110390626	0.0004771513699227927
104020.10050251256	1.03174337673231	14.130487291149914	0.0005134677182319444
105527.63819095478	1.030125990267292	13.776482949071804	0.0005550872595550685
107035.17587939698	1.0285898599621364	13.430636093495536	0.0005937772459802926
108542.7135678392	1.0271310173644128	13.09281067289891	0.0006219211575323723
110050.25125628142	1.0257456796954845	12.762870914075972	0.0006342478738628257
111557.7889447236	1.0244302405894898	12.440678507900069	0.0006289270553825381
113065.32663316581	1.0231812611908309	12.126095078568945	0.0006080316417185908
114572.86432160804	1.021995461940641	11.818981106015693	0.0005770528268723224
116080.40201005025	1.0208697152485262	11.519195553512988	0.0005436912490049065
117587.93969849245	1.0198010390851022	11.226596589810757	0.0005161650023979405
119095.47738693467	1.0187865913772562	10.941042497270725	0.0005014173022854917
120603.0150753769	1.017823664974617	10.66239107366725	0.0005035596806803672
122110.55276381908	1.016909682903009	10.390500496905458	0.0005229794397465926
123618.09045226131	1.0160421936322621	10.12523113318324	0.0005562756842091127
125125.62814070353	1.0152188661550077	9.866443323574039	0.0005969587808644235
126633.16582914573	1.0144374847768878	9.614000298373455	0.0006369305122836643
128140.70351758793	1.0136959436339361	9.367766542220455	0.000668230797380375
129648.24120603014	1.0129922410508454	9.127609115747587	0.0006848176506211497
131155.77889447234	1.0123244739196569	8.893396665293064	0.0006838839165424682
132663.31658291456	1.0116908322944023	8.66499816301861	0.0006664473984673415
134170.85427135677	1.0110895943753218	8.4422860286819	0.0006371968329171673
135678.39195979902	1.0105191219919798	8.225132512152932	0.0006033918707836567
137185.92964824123	1.0099778566178	8.013411210211302	0.0005732908139192171
138693.46733668345	1.0094643158688394	7.806997362978481	0.0005543387772007292
140201.00502512566	1.0089770903778625	7.605768190093325	0.000551530915780948
141708.54271356785	1.00851484090018	7.409602303190647	0.0005662915469561097
143216.08040201006	1.0080762955050382	7.218380715780046	0.0005961840750559352
144723.61809045228	1.0076602467375086	7.031987009136045	0.0006354380244523991
146231.15577889446	1.007265548681764	6.85030606674373	0.0006761953391601062
147738.69346733668	1.006891113916782	6.6732274605243616	0.0007103069068214774
149246.2311557789	1.0065359104064175	6.500640900499363	0.0007310368284909836
150753.7688442211	1.0061989584046742	6.332440468588825	0.0007346336224562888
152261.30653266335	1.0058793274706934	6.168521454029123	0.0007210935548204919
153768.8442211055	1.0055761336827107	6.008780162272916	0.0006941708439399338
155276.38190954772	1.005288537112487	5.853116838827859	0.0006606003309285283
156783.91959798994	1.0050157395854247	5.701430527672078	0.0006285251526831382
158291.45728643218	1.0047569827092808	5.553625093286352	0.0006058150335969906
159798.9949748744	1.0045115461238683	5.409603961766939	0.0005982357558940413
161306.5326633166	1.0042787458993523	5.2692733234706655	0.0006082319405425373
162814.0703517588	1.004057933010227	5.132540650295427	0.0006343675870163886
164321.608040201	1.003848491819104	4.999317060357346	0.0006716720485164025
165829.14572864323	1.0036498385291663	4.869514506259923	0.0007126930566523702
167336.68341708544	1.0034614195916658	4.7430486840664985	0.000749178571948742
168844.22110552763	1.0032827100826347	4.619836467301112	0.0007738599124396991
170351.75879396984	1.0031132120831223	4.499795876493515	0.0007820428485229673
171859.29648241206	1.0029524531094578	4.382848994935772	0.0007727079315691963
173366.83417085427	1.002799984638751	4.268918979387864	0.000748672185346496
174874.37185929652	1.002655380763314	4.157929687399908	0.0007159760532127771
176381.90954773867	1.0025182369912917	4.0498063026089435	0.0006825554852296281
177889.4472361809	1.002388169191063	3.9444771128138973	0.0006565417913191527
179396.98492462313	1.0022648126558638	3.8418710710256327	0.0006444099800234968
180904.52261306535	1.0021478212570736	3.741918271460623	0.0006495746490851694
182412.06030150756	1.0020368666485973	3.6445516168645287	0.0006716640811954671
183919.59798994978	1.0019316374867693	3.5497026941909278	0.0007065229054326085
185427.13567839196	1.001831838641405	3.457310058454558	0.0007472717807336034
186934.67336683418	1.0017371903881604	3.367308401425427	0.0007856381675201586
188442.2110552764	1.0016474275843383	3.2796382284172325	0.0008139430084899516
189949.74874371858	1.0015622988437949	3.1942406209863248	0.000826698738824473
191457.2864321608	1.0014815657325864	3.111057797818206	0.0008218359559911074
192964.824120603	1.0014050020072056	3.030032248011342	0.0008011418891679236
194472.36180904522	1.0013323929156326	2.9511097225793566	0.0007699177551063818
195979.89949748747	1.0012635345711056	2.874237759012522	0.0007358037561274022
197487.43718592968	1.0011982333985314	2.799361245144838	0.0007069937750559356
198994.97487437184	1.0011363056471683	2.726429433165982	0.0006905845076217879
200502.51256281405	1.0010775769516522	2.655393418624978	0.000690939958794736
202010.0502512563	1.001021881925577	2.5862027603054702	0.0007086903395432231
203517.5879396985	1.0009690637662805	2.5188093459219205	0.0007406561542669975
205025.12562814073	1.0009189738598465	2.4531666974203086	0.0007805303679209412
206532.6633165829	1.0008714713773053	2.38922950071449	0.0008202588956870652
208040.20100502513	1.0008264228632473	2.3269541979322095	0.0008518255285962594
209547.73869346734	1.0007837018211594	2.2662993690296953	0.0008690289179754355
211055.27638190956	1.0007431883064035	2.207222317280581	0.0008687900952014996
212562.81407035174	1.000704768538507	2.149680255883485	0.0008518382560317369
214070.35175879396	1.00066833454269	2.0936387124109475	0.0008227172730632399
215577.88944723617	1.0006337838265351	2.0390537757784166	0.0007884713495026843
217085.4271356784	1.000601019094131	1.9858925358579984	0.0007574373409522052
218592.96482412063	1.0005699479938523	1.9341127496152892	0.0007370819694227399
220100.50251256285	1.0005404828935784	1.8836843532812617	0.0007327065600715125
221608.040201005	1.0005125406740114	1.8345670535330296	0.0007459012151379565
223115.57788944725	1.0004860425304223	1.786727588082145	0.0007745047353773616
224623.11557788946	1.0004609137763212	1.7401355851882299	0.0008129812089119565
226130.65326633168	1.0004370836434668	1.6947568612867634	0.000853543255281807
227638.1909547739	1.0004144850773082	1.6505585402298204	0.0008879576481216644
229145.72864321608	1.0003930545309079	1.6075106057248898	0.0009093735110917164
230653.2663316583	1.0003727317609432	1.5655841541492106	0.0009138003074383932
232160.8040201005	1.0003534596312054	1.5247505271854682	0.000900977116778953
233668.34170854272	1.0003351839306758	1.4849814337545806	0.0008744356156071671
235175.8793969849	1.0003178532074726	1.4462491822381378	0.0008407273338031087
236683.41708542712	1.0003014186215753	1.4085267632904401	0.000807982647747619
238190.95477386934	1.0002858338158884	1.3717878568012667	0.0007841208627061741
239698.49246231158	1.00027105480099	1.336006833535648	0.000775106863270423
241206.0301507538	1.0002570398504025	1.301158744150998	0.0007836379416840874
242713.567839196	1.0002437494014882	1.2672192385583394	0.0008085487307590182
244221.10552763817	1.0002311459581272	1.2341643905952133	0.000845064313988406
245728.6432160804	1.000219193991968	1.2019705697655665	0.0008858476240568535
247236.18090452263	1.0002078598413406	1.1706147057012368	0.0009226168576538758
248743.71859296484	1.0001971116091266	1.1400750993067041	0.000947981926668127
250251.25628140706	1.000186919060794	1.1103319852315032	0.0009570848356405143
251758.79396984924	1.000177253525766	1.081366340761718	0.0009486551464400311
253266.33165829146	1.0001680878055434	1.0531573147535296	0.0009252462548883429
254773.86934673367	1.0001593960883641	1.0256823002463331	0.000892665973591238
256281.40703517586	1.0001511538738674	0.9989217119668231	0.0008587762884951919
257788.94472361807	1.000143337907134	0.9728609915113304	0.0008318103042355077
259296.48241206023	1.0001359261199783	0.947483173473595	0.0008184402092602992
260804.0201005025	1.0001288975781182	0.9227649535893726	0.0008222231123900564
262311.5577889447	1.0001222324307681	0.898688126105719	0.0008430044200905323
263819.09547738684	1.0001159118629694	0.8752428448162967	0.0008770340540914235
265326.6331658291	1.0001099180465578	0.8524106398739354	0.0009175016552334499
266834.1708542713	1.0001042340906616	0.8301683122212198	0.0009560641809126624
268341.70854271355	1.0000988439911163	0.8085076890523604	0.0009850483445047313
269849.24623115576	1.0000937325796198	0.7874164738472872	0.0009988411505926838
271356.7839195979	1.0000888854744145	0.7668693782897757	0.0009949170149653832
272864.3216080402	1.0000842890341135	0.7468593815847666	0.0009749488579575515
274371.85929648235	1.0000799303142702	0.7273769389578506	0.000944133488300273
275879.3969849246	1.0000757970285492	0.7083956442348497	0.0009097261211419361
277386.9346733668	1.0000718775146895	0.6899127160630519	0.0008801680661107786
278894.47236180905	1.000068160705783	0.6719159816370397	0.0008627110377722655
280402.0100502512	1.000064636101907	0.6543804162421824	0.0008616632689569379
281909.5477386934	1.0000612937456999	0.6373096860296871	0.0008782292865040732
283417.0854271357	1.0000581241984308	0.6206823770220085	0.0009093249244788419
284924.62311557785	1.0000551185160633	0.6044835302840103	0.0009487097254427436
286432.16080402	1.0000522682252022	0.5887167259872175	0.0009886946198907184
287939.6984924623	1.000049565296952	0.573351559184422	0.0010208370710316434
289447.23618090444	1.000047002123387	0.5583922083729976	0.0010389908711240417
290954.7738693467	1.0000445714919248	0.5438248673799598	0.0010398391020678766
292462.3115577889	1.0000422665611994	0.5296295077465473	0.0010236801278443578
293969.8492462311	1.0000400808405931	0.5158163377125011	0.000995142655629681
295477.38693467336	1.0000380081699536	0.5023522828705245	0.0009608022791956106
296984.9246231155	1.000036042702093	0.4892470881158026	0.0009292226346360147
298492.4623115578	1.0000341788873295	0.47648282257396096	0.000907949446062358
299999.99999999994	1.0000324114605703	0.4640458881339635	0.0009022315191328587
