0.0	0.7636731603119493	132.322883931791	0.0
50.0	0.7626628490326007	136.52262646778692	133.26102801083175
100.0	0.7596555573048132	124.36595907079699	-147.96104552855385
150.0	0.9092959841846627	109.79331335376432	46.56939438571885
200.0	0.9921270077236015	111.25093901201072	-96.42053063345506
250.0	0.9321234938068184	101.83448912097523	154.86939152613795
300.0	0.9829804857954566	106.72373186958988	90.44287636923596
349.99999999999994	1.0903727406654513	91.32964262594031	137.41509949861947
400.0	0.9696654396355788	94.46083590841032	-8.573509219672195
449.99999999999994	1.0703840596231613	94.61386062891229	-39.17822235124774
500.0	1.1689787598844426	88.791671920776	121.81172270686015
550.0	0.9591829853507101	97.97440115764951	-139.1189853933265
600.0	0.936307270244701	97.39544221592749	-163.92039828162288
650.0	1.124424714910522	85.06295015500156	13.741401182817938
699.9999999999999	1.0251197988538014	93.6582983599023	152.89254400457824
749.9999999999999	1.0509852259667831	93.2669569345898	-75.49636014833663
800.0	1.1337571683855472	89.77189148610253	54.84644474883597
850.0	0.9846902924066456	98.07884923027223	-103.84228154786372
899.9999999999999	1.1426258926750252	84.51742921134083	149.44861805071318
949.9999999999999	1.0680931599404155	81.89815982216051	154.29100604796284
1000.0	0.9852844993122689	93.93255226345445	165.06760933421265
1050.0	0.8171225127191005	101.85743480826021	164.9929665601014
1100.0	1.1195927060557715	82.19612787636666	-45.938944469624495
1150.0	0.832893524501095	98.55287530055757	-170.92253561744798
1200.0	1.1587428415512775	74.56430194541149	122.67394231970891
1250.0	1.1199520815158146	82.28666100399334	34.585254240062255
1300.0	1.3231562081881654	78.78848902800996	64.89937083064014
1350.0	1.2813758132389343	72.0455093224358	171.88640076996
1400.0000000000002	1.1912660172875078	73.97473185503958	102.14219033184999
1449.9999999999998	1.2617304689171103	79.06275287315954	-99.43004681186206
1500.0000000000002	0.9071603011653289	89.19000496689745	-46.42202972395122
1549.9999999999998	0.9650310777525507	90.0276662307688	56.708283514462444
1600.0	1.0975829887351434	88.2674459716587	165.51093356563555
1650.0	0.7914625170802753	100.39356417212383	-6.135099382546407
1700.0	1.3545005622552806	66.44037096575394	178.23393703487915
1750.0	1.2831743917870664	68.2285654063641	-49.32055850099602
1800.0000000000002	1.3665917112988655	70.53510767637579	34.97349342260331
1849.9999999999998	1.3296883876905463	59.001183696090294	141.5279743720315
1900.0000000000002	1.3328946028497026	71.44906228949763	156.5935728722296
1949.9999999999998	1.2144278489565814	73.31598726246747	-148.06907421360637
2000.0	0.6540613652451468	88.77920381051533	103.0937383834562
2050.0	1.270037342365896	71.37956931532173	76.7218836184823
2100.0000000000005	0.6901857176008869	88.55382128847864	-23.234726057460087
2150.0	0.7911526852766854	80.93203325209173	-139.85080211330472
2200.0000000000005	1.0822864012420674	67.25866408060847	-34.5066589828614
2250.0	0.9206780847999932	74.09273791558789	100.79021398000279
2300.0	1.3918698833717127	51.59605953611076	-143.64617790281858
2350.0000000000005	1.4557424224652467	60.90455161989032	-108.97718314653606
2400.0	1.3536575031004234	61.964428585645535	-113.72398205012298
2450.0000000000005	1.17773749967429	68.88605864770459	-146.89674966927595
2500.0	0.885186165762591	79.70477457311954	32.084754359001465
2550.0000000000005	0.9468026947650685	81.41024793004986	32.693581733113156
2600.0	0.8753965676359649	80.14259112476304	-177.69090387217415
2650.0000000000005	1.051034555977126	72.43556343573593	67.69485387969377
2700.0	1.181218865879513	65.20818213726224	61.491113247929825
2750.0	0.7703549682492881	78.90527891197634	36.2289431034758
2800.0000000000005	1.2837150187353814	66.89810403010483	-87.99147528680989
2850.0	0.693507835334604	87.32435280889129	18.460927017691606
2900.0000000000005	1.0208383378762025	70.08949173992094	-157.62679481002473
2950.0	1.0754845842994996	72.6551302138879	125.10067262499501
3000.0000000000005	1.233916589050179	66.87264113669269	71.19778256637383
3050.0	0.6265403180447001	93.44842632335838	-130.5445644509024
3100.0000000000005	0.689133167052801	93.3971823678408	-175.12510716221075
3150.0000000000005	0.6111265148636985	82.0204111861502	-116.57390438682472
3200.0	0.4960782065532173	92.5085837938463	-138.9643798600163
3250.0000000000005	0.5437211205406411	97.67388972136962	13.727055361284403
3300.0	1.3804341936105486	58.63157596173848	-168.55354246962162
3350.0000000000005	1.3046318417432576	48.74476718150673	-53.46744904408167
3400.0	1.6192025846369356	35.00373921802481	-155.2734500246224
3450.0000000000005	1.3749742007500612	55.100804586659656	85.6082084758863
3500.0	0.6895907296720883	78.72132750625705	-57.53679537166875
3550.0	1.2382221900944403	53.657042732124395	-94.72638458528387
3600.0000000000005	1.4289360807242346	58.823656765760745	14.284841828439859
3650.0	1.9783527525229099	25.31587663051514	-140.0711769807706
3700.0000000000005	1.7746144254354224	26.458841937539887	0.03902936269563422
3750.0	1.458844622547597	42.470727528947016	130.08369463899425
3800.0000000000005	1.4934514303082267	57.19487261346854	-166.39443447180125
3850.0	1.7951855260715335	43.400787396145226	0.19402178402327183
3900.0000000000005	1.6978674268686937	37.57035983197554	-160.11543117573075
3950.0	2.0441825620534138	26.969905027169446	159.98594156882547
4000.0	1.6484684637351676	36.014456327477866	169.15356407458975
4049.9999999999995	1.5899775091042396	43.313540375937386	136.64492151492118
4100.0	1.9619703285417993	28.824055933792163	66.87985029055022
4150.000000000001	2.0435048750824283	27.12275175050081	-45.44923665293004
4200.000000000001	1.8835760738188763	38.373427809957704	-113.93677435209095
4250.000000000001	1.6646501953816037	35.0574357221529	20.384514827748497
4300.0	1.8341232010229553	35.81254166007846	19.31674891388837
4350.0	1.8111834352758804	28.29750852854877	89.6443737036381
4400.000000000001	2.0676074907107846	6.056517241778656	-167.67530171603164
4450.000000000001	1.7463553090974502	41.8157843573521	-68.9829793227214
4500.0	2.012826350473253	18.119315412139827	-71.21359068484945
4550.0	1.4779896236038392	52.73518261851825	-110.85764162043236
4600.0	1.5757837530153138	33.96606962490353	121.90413060505819
4650.000000000001	1.5891447775874326	43.27192035651746	-174.2467535485851
4700.000000000001	0.3111696476723376	110.91507404653764	-40.826403986376675
4750.0	0.261832418684188	109.69705417567319	36.81194502509947
4800.0	0.34519420617074703	98.83278393302493	103.90995518046292
4850.000000000001	0.4150750728066701	99.99325272116694	-147.58876343390642
4900.000000000001	0.2694696868785393	71.66257524013547	16.05393083710311
4950.0	0.23677501001300022	78.47133376766892	0.8043106138929921
5000.0	0.32611237144734084	87.37261014575454	-24.554904830925256
5050.0	0.15504094005590316	104.51794201427454	-77.9689787360355
5100.000000000001	0.5893513638556984	63.06215513844761	4.121676891311352
5150.000000000001	1.38686674953193	44.65223376683834	-4.467154984773313
5200.0	1.2118479312647137	55.69518352409739	129.93842600700526
5250.0	1.4546341207725	52.556307273069336	132.59710319773137
5300.000000000001	0.6399343015772475	83.27467197630499	178.01218683259478
5350.000000000001	0.3154711186302903	50.67991748780946	10.677003020673133
5400.0	1.3339306082744975	48.56772886507027	8.68620010609893
5450.0	0.46217350698111564	62.516446008776875	71.27605600688983
5500.0	0.2611288169594099	72.90001698918408	160.5717003254795
5550.000000000001	0.5342289940008562	57.04273905097824	48.876046181054186
5600.000000000001	0.4044900404828329	84.36822579100264	138.64270846152607
5650.0	0.2699192630587834	53.57702619106708	-157.31738024533342
5700.0	1.4672322936103102	29.73287992862176	130.45981531852402
5750.000000000001	1.2808974646661226	45.79678954436326	-8.524397030212297
5800.000000000001	0.5419810957251663	55.46830166515398	10.920862493950839
5850.000000000001	0.7263709627602817	58.39292803256246	-59.998389244510626
5900.0	1.1274400123377113	49.89944002457229	176.56029824268828
5950.0	0.9701472127501571	61.85385525277584	70.85150571822031
6000.000000000001	1.0461574940499578	60.82991118554755	-41.50648208976406
6050.000000000001	1.0933533081880114	49.941231515192804	3.9426771549965136
6100.0	1.1134833181840547	41.05019138619127	-7.027103117939929
6150.0	0.6440950822289028	58.818404133266554	132.89636322149192
6200.000000000001	0.5972307245348828	45.65440891286712	-58.41065139146506
6250.000000000001	0.6831757736380029	69.18726529391559	152.42826191441569
6300.000000000001	1.488302454920341	43.11227168351805	54.572464296807475
6350.0	1.5767611338107772	37.39207853417029	-141.31841281522983
6400.0	0.7869664149066924	47.18962154841369	94.8534751838701
6450.000000000001	1.1077618142129055	50.36231438016673	173.2935325872087
6500.000000000001	1.3049499690588013	40.95363591170362	24.61996773702375
6550.0	0.4367605644775014	63.15093881062094	-125.58074279767473
6600.0	0.3107301201046765	26.475059374491433	64.3227772085409
6650.000000000001	0.3262867795416774	51.11439487410664	-140.3485924659387
6700.000000000001	1.271911638655861	52.817679245185005	27.94050793107627
6750.000000000001	1.41626325441563	38.728720356820915	-0.7168352667840198
6800.0	0.7762135995401124	67.62140932488914	135.71537714699306
6850.0	0.6868073394982084	59.91488429031698	-43.414741718167825
6900.000000000001	0.7612275889663956	52.19932589209046	3.424128669505168
6950.000000000001	1.162241112312137	41.91102104359145	76.08500579647944
7000.0	0.630168320604617	50.571381008571414	-67.43523056580706
7050.0	1.375468234554947	29.631059451262736	-158.04190024965155
7100.0	0.8347914907869619	53.068659488585105	36.12003140972807
7150.000000000001	1.4686497116894648	36.559150238606584	160.5781263415993
7200.000000000001	1.1051086169918498	40.225299248969286	-116.07376143840803
7250.0	0.7637723619842044	67.44725981000492	22.931801611914796
7300.0	1.4001332491565657	46.62308125655242	-27.664145174685206
7350.000000000001	1.3395119649699443	33.2948723862162	13.418792143114576
7400.000000000001	1.3444727058085482	36.4297428326098	-135.70098354834047
7450.0	1.6375166441087001	36.13722674599909	-36.025982790861256
7500.0	0.346771338239617	51.644311323988155	-47.102687243895566
7550.0	0.2948156635223864	49.096746382611926	91.62332831510447
7600.000000000001	0.09921552361655724	29.172642806021504	-109.55358876818757
7650.000000000001	1.4635699635800623	24.514653802850074	-82.59950237089741
7700.0	1.5798669781232035	15.68131000522304	-11.383888169824203
7750.0	1.567145410665569	21.863874578070867	81.86002850582952
7800.000000000001	1.4889481130666657	21.381930840766046	-83.73953523530804
7850.000000000001	1.5543650713387012	21.481304606608735	-48.40237507152082
7900.0	1.7480521683307548	22.2534200352259	157.56242973961568
7950.0	1.8082069905123612	19.926796596303493	-123.0292984517575
8000.0	1.7009145060350044	20.249609398076018	52.62710919426021
8050.000000000001	1.6631460339266884	31.08849314704901	155.21413099457075
8099.999999999999	1.6788123946522449	20.31511293288966	-105.8064244638328
8150.0	1.7341529176109522	18.146783043513185	-18.26599247543348
8200.0	1.5514189538468128	26.533786843775935	49.69673894471776
8250.0	1.5749466685418474	21.395533066272492	79.13362382066393
8299.999999999998	1.6702668823435873	28.01553960299007	142.74503635242507
8350.000000000002	1.7710759574268762	15.881922922588002	85.6904290361459
8399.999999999998	1.593283460378513	33.76749356355717	123.85309089249475
8450.000000000002	1.678335831081594	26.003272417179865	40.74152032259787
8499.999999999998	1.504820351108973	30.597765560907202	-9.577317140529354
8550.0	1.6068042471525095	27.647762753101855	-71.78136997018827
8600.0	1.565974451344844	28.45509933300835	151.05444779665552
8650.0	1.63434595937179	41.55611855558573	12.95095716008823
8700.0	1.5946165621057362	44.76332932425113	-166.99584588348972
8750.0	1.5127169714557764	34.830257038177386	-136.8798156719457
8799.999999999998	1.2168969909116039	47.47857337518162	97.1796022886134
8850.000000000002	0.6534965707251179	51.11701169033543	103.30200496325944
8899.999999999998	0.37801934461822834	52.13547388312804	-134.24006237506714
8950.000000000002	1.8619614328635836	22.030327300460197	101.4448865767089
9000.0	1.4893722827226015	49.82211262852847	161.97141834432858
9050.0	1.5583560156448948	43.82526201064335	-0.3787064640816731
9100.0	0.24071047877259474	53.63592935648519	-83.95308383471546
9150.0	1.6449831296760944	36.47159965713499	45.15041879636318
9200.0	1.527728541679193	34.21544377267159	166.20112950362574
9249.999999999998	1.5163419348105753	45.05633141124732	154.419452810533
9300.000000000002	1.486144243687612	24.01854745827488	33.2725225123599
9349.999999999998	0.49292517919660034	45.58181524068612	179.81844414653477
9400.000000000002	1.618195150121505	24.87560738916547	76.72383563317051
9450.0	1.7912261522161785	21.53368994413257	51.019434751087225
9500.0	1.7582359543221675	22.116356950606434	27.44682289951693
9550.0	1.5185643952475671	31.626853893028386	-95.28724118062313
9600.0	1.7039024063454469	23.79807783373779	97.1926757814025
9650.0	1.7038029141614468	25.920979050885915	-83.91755012108887
9699.999999999998	0.9561061539074638	46.75394191151739	87.2535839221611
9750.000000000002	0.47858282751220893	81.66480534025582	149.9559555355711
9799.999999999998	0.677242428821199	63.95501460760087	82.54280982116363
9850.000000000002	1.7355598254438913	29.82505156037557	45.770508709865105
9900.0	1.5615592107215879	32.53461013409309	-139.51168710263056
9950.0	1.3278705983846617	50.58520766381564	-37.96634916402042
10000.0	1.2206709096989012	45.00254894828388	-78.68165460843665
