0.0	149.30669445772148	1.7469469616666085	0.0
0.1581089639896378	179.0920608267501	1.5614740868374195	0.0843488089527956
0.3162179279792756	203.63449044475533	1.4568731667504187	0.21001380950397164
0.4743268919689134	245.2887843816624	1.3407283062542974	0.707348087158266
0.6324358559585512	224.2369500514219	1.5666332524043658	1.252826198631709
0.790544819948189	183.5732331403754	1.7520948574770807	1.3953749221451022
0.9486537839378268	172.54972705722463	1.8862078060299416	1.4589391017671776
1.1067627479274647	166.53864682384227	1.88769911313257	1.4004371801573752
1.2648717119171025	175.85236238318763	1.7464202736388623	1.4021100045152828
1.4229806759067403	202.51789328531225	1.6323404440100409	1.4855025856796003
1.581089639896378	246.8760234790047	1.4814005298756763	1.5868773729728187
1.7391986038860159	252.253174606736	1.4195432718762737	1.894989198889839
1.8973075678756537	209.6569454324418	1.5475705306747933	2.0597004141211914
2.0554165318652915	192.70390443952223	1.5797595398570226	2.062730784959585
2.2135254958549293	176.02815420530936	1.6817033304318059	1.9851306362083645
2.371634459844567	167.90192061685104	1.8385043294415166	1.8159926466929153
2.529743423834205	167.8618940756439	1.8788936172788728	1.7371271637075862
2.6878523878238427	172.52101183100217	1.8667854137881268	1.6189847482275626
2.8459613518134805	175.56387760835446	1.7739291600320586	1.468380312366011
3.0040703158031183	182.54307477972247	1.698635206364227	1.3435615794775275
3.162179279792756	201.28526093568857	1.5969718052166073	1.246427825105953
3.320288243782394	222.36167777113602	1.4611931168469074	1.1432884502299507
3.4783972077720318	238.02408717891532	1.4026644173357314	1.0697794083773033
3.6365061717616696	245.23178566085164	1.3917737283700167	1.0106644912573266
3.7946151357513074	248.3658687659628	1.3949972831993138	0.9773299249015134
3.952724099740945	236.6347195195133	1.4416131936841796	0.9110708459493982
4.110833063730583	217.5356283562244	1.457245323279705	0.7861607505096857
4.268942027720222	198.27169778713227	1.5391982241073052	0.6824319797453317
4.427050991709859	178.14802593409254	1.6234939236402346	0.5112822843667377
4.585159955699497	174.2741669404654	1.5561858132796924	0.30621444310297097
4.743268919689134	158.66196387842643	1.6424571706528737	0.14714608644195648
4.901377883678773	157.06182263735462	1.6542367673174794	0.004504533125621028
5.05948684766841	175.89587950468018	1.5458078775952384	-0.20387050788511907
5.2175958116580485	186.60953138317637	1.5280926261136447	-0.46415835706439296
5.3757047756476855	195.82283060014112	1.5808661511787467	-0.7227458392701843
5.533813739637324	207.56371016641845	1.5510172781095357	-0.9616076234948533
5.691922703626961	218.37078170532828	1.5351381244910836	-1.193138083683636
5.8500316676166	231.45031100849326	1.519915234089064	-1.4368489797859516
6.008140631606237	236.3948174526175	1.475615338941397	-1.6716458591418029
6.166249595595875	237.32442949055948	1.4383513865598032	-1.926164877921428
6.324358559585512	243.36307813809012	1.3599579624657443	-2.2054523017821994
6.482467523575151	246.574276774683	1.290582542835075	-2.4923792430845375
6.640576487564788	245.31044670307674	1.2661140343285875	-2.800382595478905
6.798685451554427	244.36753361250686	1.2589247732220612	-3.0655201931886893
6.9567944155440635	238.1401556798166	1.2898667106753134	2.9611077037003364
7.114903379533702	231.7049763826394	1.310080879153617	2.7193513114072987
7.273012343523339	222.93053616988036	1.354748084846921	2.470386919552201
7.431121307512978	208.75631418253923	1.4830272072342592	2.203640672408351
7.589230271502615	197.85838921417675	1.5797795938693602	1.9304718367022762
7.7473392354922535	193.62946305609384	1.6366729891515763	1.6345423732061517
7.90544819948189	194.83420676818793	1.6743720046750121	1.324786655667461
8.063557163471527	190.53487285502317	1.6221131518253362	0.970364973790352
8.221666127461166	184.61726834026302	1.5845318610014105	0.6266348074107925
8.379775091450803	176.91677873072544	1.5386876343362932	0.2338095138236451
8.537884055440443	176.4189032843316	1.5199909908557885	-0.13798047136661812
8.695993019430077	165.83473068209528	1.5972879295543465	-0.47594546730113557
8.854101983419717	158.53343833807017	1.7338557351057367	-0.8478756776445265
9.012210947409354	163.8025822568251	1.7716491783173896	-1.16857351035376
9.170319911398995	171.91164081637874	1.8539453972036546	-1.5365831419685412
9.328428875388628	167.9283027558425	1.790747287871656	-1.915840739348315
9.486537839378268	158.40768104739175	1.7252413383890524	-2.2895233483458886
9.644646803367905	157.02058523955515	1.6598951382502258	-2.645983692881288
9.802755767357546	166.32936200198895	1.5662946737242713	-3.023760474142852
9.96086473134718	169.2606462884786	1.5588480795906323	2.889321844599414
10.11897369533682	171.67544478690874	1.6642238970095056	2.4707502911651176
10.277082659326457	180.8025747559366	1.7062641171934112	2.096951571736753
10.435191623316097	184.0835744073431	1.7266290951646064	1.748928428998015
10.59330058730573	180.66287713066447	1.6710936826279434	1.3664489750775626
10.751409551295371	183.16773580402665	1.5825661334634868	1.0010266586642662
10.909518515285008	189.98002266536065	1.5159717969611584	0.6443832098345776
11.067627479274648	200.15013270277092	1.4100395736878837	0.24083068515197492
11.225736443264282	206.6139031350128	1.3831378903575369	-0.1635252585275127
11.383845407253922	208.3588146686507	1.460499314483762	-0.5867290671588611
11.541954371243559	216.15680360699977	1.4980997920766344	-0.9608279920679631
11.7000633352332	221.54292742725835	1.508882767210201	-1.2945924397214665
11.858172299222833	232.20656714439187	1.4781128695038215	-1.627731786324215
12.016281263212473	234.56938416156717	1.4056958337544565	-1.9479098284743828
12.17439022720211	233.87033868371756	1.360586642686748	-2.3072427677966783
12.33249919119175	239.68796185702718	1.2755373022850642	-2.7063133406526108
12.490608155181384	244.68034891902738	1.2330208665552815	-3.116090938958171
12.648717119171025	248.22917912280144	1.2502474373158277	2.7538080889293908
12.806826083160662	251.79631896449942	1.2916998063163343	2.408551103114585
12.964935047150302	249.39005662444805	1.3528150788255713	2.100812104891292
13.123044011139935	253.8603418318212	1.387101487951469	1.7822495564732173
13.281152975129576	253.50188521099923	1.4211798184800102	1.465176217231736
13.439261939119213	242.4277841575136	1.3973845418962891	1.0861359381203248
13.597370903108853	237.37868658164228	1.3426604546517105	0.6792410986686885
13.755479867098487	230.84557383678708	1.3076909669245784	0.2516728879026403
13.913588831088127	226.8053823005806	1.2897688391735342	-0.15529719032308612
14.071697795077764	216.58447582523604	1.3545982449577945	-0.5280923233575201
14.229806759067404	202.99798661733962	1.4959031391805475	-0.9188033129128265
14.387915723057038	198.20182962933038	1.555822377108683	-1.2987295153068612
14.546024687046678	200.97801922210522	1.6121740268208002	-1.7083670009987282
14.704133651036315	203.27829324479984	1.5431218754718048	-2.1413972257850373
14.862242615025956	198.98260113073374	1.4771784933561498	-2.5717547936458764
15.020351579015589	190.7086949695163	1.4545851443070776	-3.0157728708699776
15.17846054300523	186.89929919777825	1.4578032629382034	2.843345940000597
15.336569506994866	173.96494393038583	1.5556979690361457	2.456791539645558
15.494678470984507	167.1889882850946	1.7257999077908674	2.001640794031895
15.65278743497414	172.26750421012872	1.7712314063566554	1.6046765466626602
15.81089639896378	176.21928249132827	1.7676852748677976	1.1641304247464785
15.969005362953418	171.06637185878878	1.6045008597459296	0.6739440974782713
16.12711432694305	162.34533984877916	1.5850252914902616	0.22564341825643328
16.2852232909327	155.15413341228862	1.6178145411659326	-0.19750780628663686
16.443332254922332	160.13941851882015	1.6055683055195662	-0.5694844237431362
16.601441218911965	162.732672380427	1.7662955407409309	-1.0344107355447056
16.759550182901606	171.58900491837161	1.8284580801769599	-1.4872037501868842
16.917659146891246	163.21565583800424	1.7973002586025089	-1.8973878602569216
17.07576811088088	158.70700007928974	1.6537166098071565	-2.3860380135310306
17.23387707487052	167.08498881910523	1.5447496272767247	-2.841094701667356
17.391986038860153	165.7621528388741	1.5604327553378718	3.00889569642187
17.5500950028498	176.97554516354816	1.5896095418517036	2.5343655371152893
17.708203966839434	186.1209303623935	1.621371244154845	2.127736937637351
17.866312930829068	187.3119995110738	1.6754092017052107	1.682098005255041
18.02442189481871	185.53536462905754	1.5958083370942167	1.2641287477462229
18.18253085880835	192.52031251656567	1.518428017830143	0.8436028800037648
18.340639822797982	202.48685476921986	1.389271116993629	0.3750711704527031
18.498748786787623	209.0732617264973	1.3536990580446528	-0.10096097250965272
18.656857750777256	210.4364114196692	1.4387393856345425	-0.5929503623963421
18.814966714766904	218.73847999396335	1.4716674094578215	-1.0264664186542118
18.973075678756537	226.44290981956289	1.482617705338461	-1.4129301886265375
19.13118464274617	240.00707503523347	1.4058832501663634	-1.7680613241288332
19.28929360673581	244.06462154001687	1.3327205385469978	-2.1120473317315622
19.44740257072545	248.0194282351115	1.2771815498022496	-2.462107049492775
19.605511534715085	251.82114330981986	1.2175758294085404	-2.8372203195369434
19.763620498704725	250.12954817615923	1.2044428538408052	2.9921032097618525
19.92172946269436	250.05219328546923	1.2453425317086217	2.5089910143656122
20.079838426684006	247.40509111559592	1.3504033694731548	2.04682533226987
20.23794739067364	247.33573721016842	1.403396881451203	1.6550298130576684
20.396056354663273	244.9272114068592	1.4297477480695304	1.299238853930186
20.554165318652913	226.553392020726	1.4065737889946222	0.930421492924431
20.712274282642547	213.5454318590656	1.390866244068064	0.5438108605845676
20.870383246632194	195.93121174755228	1.4285067440849444	0.12748490167122234
21.028492210621827	184.17639258831153	1.4553979492989444	-0.26912759020530574
21.18660117461146	156.52847867854456	1.614689191962678	-0.5811715005280524
21.3447101386011	158.98556126503033	1.8125931290790123	-0.9908838278617538
21.502819102590742	169.78129759838305	1.7773406166125227	-1.3363311164162772
21.660928066580375	164.4710491642343	1.7549860773445274	-1.7970896309771267
21.819037030570016	171.78887004371444	1.5877020862916442	-2.1932926441942024
21.97714599455965	181.46228426063425	1.524222142025854	-2.586464599831299
22.135254958549297	197.97104048073913	1.3820437202495277	-3.062398448907004
22.29336392253893	211.37363794620094	1.356638870937537	2.793770352385809
22.451472886528563	218.9060214228474	1.443609921118438	2.3897593366885697
22.609581850518204	236.6391427208522	1.3841977652448847	2.0509737450437444
22.767690814507844	264.453746177785	1.2875815765851668	2.015724032257484
22.925799778497478	216.59763262754925	1.4245656288241753	2.025719395814261
23.083908742487118	182.36881521169798	1.636762586962234	1.8028570988526185
23.24201770647675	172.37485747919104	1.7736965516283272	1.4783526253760284
23.4001266704664	168.65383084404237	1.6790633471556238	0.9865155773650941
23.558235634456032	155.59562609676453	1.6222088606686498	0.5144222646723738
23.716344598445666	150.44407812640736	1.6179524448545441	0.0702505285798654
23.874453562435306	163.8694804952704	1.5438020095726368	-0.39137068103088946
24.032562526424947	170.54573503099155	1.6955114004146536	-0.9079798828669243
24.19067149041458	178.01986982867058	1.7123533982605608	-1.3413810129252106
24.34878045440422	183.1133730707181	1.6647221773458745	-1.7140550606804383
24.506889418393854	203.16488941036215	1.4420655397282796	-2.119053798272477
24.6649983823835	240.80840870046006	1.2932780583742218	-2.2741174222501988
24.823107346373135	254.34770423522812	1.2930601950824974	-2.2480884678365687
24.98121631036277	213.62912239046773	1.4549658697942698	-2.3978158710393105
25.13932527435241	204.70712662670894	1.3555032886773897	-2.851386387633872
25.29743423834205	189.86880402166838	1.4190310335019178	2.9738774998701967
25.455543202331683	170.63504223060121	1.5621547284885764	2.4953975002757973
25.613652166321323	164.8802943460729	1.638882345380942	2.0266941665422764
25.771761130310956	171.83861706512513	1.769870012648047	1.4717830873931999
25.929870094300604	160.2178693778255	1.7776043052136996	1.0619353355238097
26.087979058290237	152.70858519154487	1.6480667552313644	0.6382348233531074
26.24608802227987	175.63234753506978	1.4684683517702048	0.18407983297286348
26.40419698626951	176.13223939807426	1.525061229987703	-0.3557024869350689
26.56230595025915	190.2467930396794	1.551448465308402	-0.8613429884732418
26.720414914248785	199.86902513416206	1.5707093652667994	-1.3192025259832314
26.878523878238425	196.88254718820787	1.5152560333923155	-1.7727493523730182
27.03663284222806	224.3445905581758	1.3930685950540396	-2.1052910015692303
27.194741806217706	265.55635770780924	1.2760286884079846	-2.125814925752424
27.35285077020734	232.97700527780898	1.3690625083016184	-2.262626591208093
27.510959734196973	203.9499470850217	1.3975712148898312	-2.584497126880917
27.669068698186614	173.36048191556273	1.52650409025487	-3.0279136484682456
27.827177662176254	171.02995937299326	1.5003349146502285	2.776262896040427
27.985286626165887	152.52513624849578	1.662954325792123	2.3305801303650133
28.143395590155528	166.89750984651172	1.822648651563436	1.792740038884657
28.30150455414516	163.13008324053564	1.8047235609593686	1.3064291449027872
28.45961351813481	156.44023522215153	1.600896808294654	0.6964911269803865
28.617722482124442	167.89795866801714	1.5059630364001706	0.22524303117519545
28.775831446114076	177.03392879650178	1.5252103818760896	-0.3068249583508043
28.933940410103716	200.25546610774714	1.4320648546652233	-0.7436154500052943
29.092049374093357	237.2616168339357	1.3998630058347277	-1.080220878525474
29.25015833808299	268.7652780400014	1.3077015196322688	-1.2312946862988496
29.40826730207263	232.19848597454302	1.4089979748626358	-1.366028151247136
29.566376266062264	206.84382832945064	1.5284279611014586	-1.7253795992913823
29.72448523005191	206.330959300091	1.4887094659851399	-2.1469728423840855
29.882594194041545	191.87697916622386	1.4231060467597059	-2.6795548342429374
30.040703158031178	175.5339398465454	1.4909276937740337	3.026047946791777
30.19881212202082	174.75551771256693	1.5215923952951462	2.4391477181322503
30.35692108601046	169.99851450064284	1.6294678343858513	1.883070353767856
30.515030050000092	176.18137058532886	1.6825394123106168	1.2702103204048116
30.673139013989733	149.0934187673115	1.8026055564460863	0.9374520684495722
30.831247977979366	187.6143433894703	1.438402067529522	0.5251957908696547
30.989356941969014	222.9012391463778	1.262814421726788	0.22406779948735256
31.147465905958647	254.69821564805235	1.1860639889655542	-0.07632249914934951
31.30557486994828	214.35971681270382	1.3155406808720163	0.010566508153125827
31.46368383393792	154.1088134449286	1.5863733579833614	-0.31052239641652063
31.62179279792756	194.40325341370576	1.4283183853974497	-0.6292543197364077
