0.0	0.3236291923933807	46.91346379484527	0.0
50.0	0.45755602235869103	59.29440052456743	119.70006875413229
100.0	0.607074235459205	54.233757958304324	163.50817478477003
150.0	0.40710662846331447	47.03393383447126	-17.251811007324257
200.0	0.621474942249051	51.84850669704788	149.06386803311938
250.0	1.1360575214080848	33.68546310941705	-42.27842360086729
300.0	0.9408975228030263	37.72462583776827	104.50926288847396
349.99999999999994	1.4322441373597736	36.09352687656132	115.61933042455466
400.0	1.254687850543338	44.00131897018154	-153.58996073744734
449.99999999999994	1.1458924675578621	40.7948884507534	-46.263828751140124
500.0	1.0059547766410435	45.75462368722542	37.19498585081968
550.0	0.8931479488373468	32.630284773080035	-18.31661674277759
600.0	0.9647676530924553	36.498252363971275	-70.80763816736217
650.0	1.4784062448536213	32.90944016703232	74.40716601778477
699.9999999999999	0.9684098714582423	38.27099385851208	80.40636454511532
749.9999999999999	1.1818276408515203	32.31615988467825	146.20587301591254
800.0	1.3186434139393846	33.77326669882097	107.87660982020918
850.0	0.9279566832028743	34.32082328634277	65.19258177895658
899.9999999999999	1.349418005715273	41.813205335153235	23.459492962805808
949.9999999999999	0.9216516211925471	42.90712634423398	17.169503637251914
1000.0	0.5922241714980073	55.86628025181252	103.88416093273108
1050.0	0.932667051573277	39.392799487467066	-6.171429084231372
1100.0	1.388602122571511	37.523463830299214	157.1457133785112
1150.0	1.5051943322035521	30.46883968413985	80.6480974408433
1200.0	1.2846889894187168	28.05438312689485	-174.5214995982234
1250.0	0.7119673046060598	51.47575301137415	118.97100431973175
1300.0	0.8926376936155608	50.749412038902065	73.59258711168546
1350.0	1.464941426442294	30.519322871503775	-75.23498778873342
1400.0000000000002	1.540971530639652	24.228424826059836	-171.6011232391073
1449.9999999999998	1.088960917684716	41.02545868353691	61.35487623458486
1500.0000000000002	0.9589828679472123	30.578614010145603	-51.73884031666264
1549.9999999999998	0.6530089573537874	51.47928212543104	103.43784125114975
1600.0	1.131871956028434	36.728753978827385	149.56877342461658
1650.0	0.46566399758390453	49.780778606329065	-15.886669456667086
1700.0	1.3899481675297796	13.036973565658021	-161.89751046610806
1750.0	1.6789792874178056	25.299535640350978	-63.19818216855198
1800.0000000000002	1.188463151379125	18.62424206691341	60.725138896270224
1849.9999999999998	0.699880685271084	48.637262109976284	1.9311754397616774
1900.0000000000002	0.9430164367699664	28.127985650608075	32.8833579797877
1949.9999999999998	0.7637748778461909	42.831330649800485	154.16822648658422
2000.0	0.5838155489097687	17.58210621393768	100.687638776404
2050.0	1.4046418559965583	25.246556247293697	-148.5832832807105
2100.0000000000005	1.1721143948738812	34.3575638832391	125.31211191445244
2150.0	0.8173275127781123	43.48666613792813	17.37744709936094
2200.0000000000005	0.9801928623538921	21.01867953899447	120.97206682160606
2250.0	1.253514428014861	32.114344909760334	16.701935180535507
2300.0	0.6737847149457545	26.92660917664248	-166.2997066668985
2350.0000000000005	0.9032103066726577	48.03667356217272	-171.6158651529303
2400.0	1.2575494917164785	33.77720447356768	127.60670253914978
2450.0000000000005	0.9886003085594016	42.7591331000063	-109.56942979141549
2500.0	1.244485438338135	39.30461594639346	102.08927217135879
2550.0000000000005	1.392623547621465	36.79576811370176	167.8576189152642
2600.0	0.8742270821299891	40.182687873907625	-12.086291202648423
2650.0000000000005	0.6379127208957578	4.648877691895058	-6.4715881628383265
2700.0	0.33502157889919537	9.727931529032443	-100.48095661190834
2750.0	1.2715171450912175	30.43739253241771	-172.6917191453276
2800.0000000000005	1.0938693375294575	9.608729106344555	46.21050832120065
2850.0	1.3206637324184936	21.73042648709794	-171.19807121410392
2900.0000000000005	0.6806432491047288	44.44096593268474	125.3586257607529
2950.0	0.8246737849008569	29.221565204318523	-82.13462847227392
3000.0000000000005	0.9099666853440906	32.273406854160854	4.258854782189872
3050.0	1.2966651214339513	27.66075679416898	-16.282074774248283
3100.0000000000005	0.9836021894777216	41.785621314834785	85.71030575688287
3150.0000000000005	1.0896851985538976	22.66834089738232	167.09659172321926
3200.0	1.2703358665058415	29.82694756656013	172.46399715451483
3250.0000000000005	0.6607912692894083	33.57663853078039	-123.81543650938657
3300.0	1.3961916959547072	16.987904541553828	173.83046094558128
3350.0000000000005	1.6293764728353362	15.386879144966244	81.35201813878999
3400.0	1.0224725271853643	29.468336376141217	-31.44648358058068
3450.0000000000005	0.9200481824872134	46.05817080213532	163.23879343947235
3500.0	1.1889601922243591	38.51964346098853	81.86356540129735
3550.0	1.2549700816027807	32.238796660067585	-160.10884283034295
3600.0000000000005	1.2500460780624898	19.912510195600742	56.79046745253469
3650.0	1.0685969232629937	30.468185271376846	65.50943606034703
3700.0000000000005	0.7464046151702225	36.18388889430837	-30.557339040827657
3750.0	0.7972888116477506	33.50770537302399	46.21467379545856
3800.0000000000005	1.3089000884183415	30.411813251553376	-27.765565125578426
3850.0	0.888403327859836	12.496575543094787	116.89136981350065
3900.0000000000005	1.3037962237277239	22.778515020593392	-88.29597261373141
3950.0	1.0000538371806416	26.979156086986404	-150.115607847882
4000.0	1.5541940846311817	18.557758571595365	-118.61596634489793
4049.9999999999995	1.2667973447078966	1.2274827198438467	14.171197199503865
4100.0	0.47392681004944925	4.877967216883796	50.00554606012455
4150.000000000001	1.1150568225384794	35.79361363417405	24.505152881550035
4200.000000000001	1.3526416035629723	14.67009461195698	-155.60625159352134
4250.000000000001	0.9186303013996686	38.19046513016894	91.762027076335
4300.0	1.1096072842973725	20.419684571071947	-55.508191257442746
4350.0	1.2904905803903584	7.066585034768668	-92.37416166274338
4400.000000000001	0.5570284500412344	30.95439378280186	-120.31752957724464
4450.000000000001	1.3885566217551002	17.629641829843344	58.07957105758702
4500.0	1.2033893367270267	15.342747395209145	-170.77801496820393
4550.0	1.0765319181828983	15.117179535508583	-142.1295255529393
4600.0	1.253218863840546	15.23129080940843	47.980276049553105
4650.000000000001	1.1079301954488798	24.80089559244978	-48.406502576511386
4700.000000000001	0.8728488297217618	20.63066983630284	144.99375004619174
4750.0	0.7177003777463858	29.94086392151701	85.98917421859592
4800.0	1.019777489006699	23.936236392847434	119.86869795253665
4850.000000000001	1.4401568869356567	15.612457883390428	146.08025747671533
4900.000000000001	1.3706867206490947	19.64948575186125	-99.59964914603907
4950.0	0.91712785851486	17.682295641312862	-70.39811736616588
5000.0	0.7192376463037656	26.886150002387488	93.00406291014964
5050.0	1.236713520795403	34.187829011783805	-5.28452434301892
5100.000000000001	1.0185961573840792	14.070158033562139	88.02318975168788
5150.000000000001	1.4484820125926254	11.69784578896914	-55.812186265989894
5200.0	1.10816026997096	30.64882955392727	-132.653304147826
5250.0	1.0961846231980166	30.45899491130334	-31.69623810446265
5300.000000000001	1.1908752516446885	25.556723137418363	-20.76869925499913
5350.000000000001	1.2228931288334792	28.07965438090589	-143.64481776369377
5400.0	1.0698235658753692	24.018269406343357	53.898037971290876
5450.0	1.2727826898849812	24.95377070913848	49.41236886268779
5500.0	1.293225803050928	17.828680458229215	15.117234010327358
5550.000000000001	0.9345296006813621	29.434136308755242	-96.68107909506783
5600.000000000001	1.0550954233207173	30.679171578520776	150.58764923767006
5650.0	0.6270500248600553	13.025250141035048	110.91532847862874
5700.0	0.9599600709342624	6.447170143931587	-160.7652065195564
5750.000000000001	1.3440960453876605	16.817848331793076	-177.03886537056002
5800.000000000001	0.6745730686477702	25.439500092564217	19.69808764236944
5850.000000000001	0.984956058368493	18.961650144019547	172.0247194454387
5900.0	0.6487259821417759	21.134594642809994	127.45441861904199
5950.0	1.4876349588202926	4.9571061005152925	-7.281675820701192
6000.000000000001	1.0091178519528885	16.04366344422597	-5.105967136775081
6050.000000000001	1.2223667190110354	24.738480111354335	-24.69341116920986
6100.0	1.477270601857921	9.620519590033261	158.6858363491094
6150.0	1.0859341888792295	11.814842688863871	-64.7876638958248
6200.000000000001	1.1699485803538747	16.318456680709204	34.748406403933664
6250.000000000001	0.9487241078521359	9.98101367420142	-15.383227248850469
6300.000000000001	0.8092392732249041	17.62153129827878	53.915796888290004
6350.0	1.1950582065690458	24.518275287385887	-164.26472342701732
6400.0	0.725293419992301	13.844186566444568	130.47440110377164
6450.000000000001	1.1858560450056426	8.232431455322946	-1.4864727353087128
6500.000000000001	0.773546333884966	7.891483262368147	-77.14901940552811
6550.0	1.2009709573733545	12.379251904460663	-156.75827155097866
6600.0	1.1803678957277486	14.10354590116682	-23.090187716162184
6650.000000000001	0.8626311011224956	14.488359232062598	-68.55324011533118
6700.000000000001	1.421968918410338	12.40030553035794	-88.43294146149032
6750.000000000001	0.8460917132739669	19.243791069440935	-167.74162092973322
6800.0	1.271886652538106	15.239381617663424	17.833115466075405
6850.0	1.328233003976667	12.90071724254337	176.11201913002716
6900.000000000001	1.1528215435414924	11.651694308484581	-103.49714796602488
6950.000000000001	1.1205840956922135	23.51992187267516	-151.3274100789193
7000.0	1.148421229893708	13.60539916701951	127.26073613533976
7050.0	1.2573898103689616	21.67908813898036	-98.26597215559998
7100.0	1.1048819789555522	17.288091034064298	171.82422107098364
7150.000000000001	1.1811807453823064	21.041226467124083	-38.7765044758851
7200.000000000001	0.7641836431403712	22.13969956031325	-153.51184758829268
7250.0	0.7013731204233788	18.026608002445236	88.63966137763545
7300.0	0.8896802762274175	5.426626265982076	86.02772398709234
7350.000000000001	0.8891240452889924	14.165945346075107	68.02492072182477
7400.000000000001	1.1501618345326643	15.242591747341216	136.64171058179846
7450.0	1.2611835185541396	11.44101434659902	151.49500600021787
7500.0	0.9450283658460472	20.067231834646122	-34.92432726339344
7550.0	1.0215884695677493	19.870107498256196	76.72310458958572
7600.000000000001	0.9451815866152598	21.572629683959818	-94.5377486949317
7650.000000000001	1.1832841437267065	14.663872294992734	82.59722050371094
7700.0	0.9835046729534132	16.534282365428	-174.10482222855345
7750.0	1.1127767781444824	19.23533299721704	-90.76262022782329
7800.000000000001	1.0566593418050312	19.66840907006605	-116.50418851190653
7850.000000000001	0.8939113789098369	20.015737167717706	165.05817149883728
7900.0	1.18593054626973	6.769943793502077	159.79938607523437
7950.0	1.2147389366798271	14.716793835316132	-116.49012649190038
8000.0	1.119473360007561	13.890419707636301	109.94726424107738
8050.000000000001	1.1107922967386736	11.183242913678496	161.9883435748013
8099.999999999999	0.7464470199696521	16.034961351145363	33.829399497542354
8150.0	1.165025853482483	9.262161501582117	-13.880460442998162
8200.0	1.124066966764985	12.742553727831698	41.66071193640148
8250.0	0.6881447347112877	16.612806943364184	-77.4006664060001
8299.999999999998	1.1613797490253583	15.115659070031418	32.31982787727693
8350.000000000002	1.0294797520615158	17.895420204874554	-32.08428039153526
8399.999999999998	0.9338800647768174	7.275152679714784	-66.29157684033615
8450.000000000002	0.999539709678635	9.08861092109647	-124.83005494729858
8499.999999999998	1.1737335977012995	2.0760064950531008	-44.51133670865022
8550.0	1.104473386269108	13.09139647965194	122.1054400882767
8600.0	1.2079914806499443	4.404318380703906	47.28712110350321
8650.0	0.7886671013090948	5.003514338279491	-123.62234933611063
8700.0	1.134394210002357	17.08172372688591	151.51051841284044
8750.0	1.1211461106816465	8.338105659326736	65.65598782230899
8799.999999999998	1.135099197579319	11.885390108734288	-139.1614674713023
8850.000000000002	1.0878565061539422	16.240611430836573	-168.57951127921982
8899.999999999998	1.2666224879853047	6.409242761698687	-157.234306141622
8950.000000000002	1.2451489600951946	0.9271198015722358	-174.50375204340224
9000.0	0.9613765220607885	11.705554687797493	-32.93076154343834
9050.0	1.1591278895369181	3.723098545217657	101.99550410217057
9100.0	1.2392132003167606	6.417960161049403	70.0714242464622
9150.0	0.9940685364968902	11.766988959229428	-24.850704938050736
9200.0	1.2549071788434623	8.421786688124381	-106.56598632976898
9249.999999999998	0.8921093530860987	3.2701331672121876	168.83962755084042
9300.000000000002	1.2031832106709548	2.7096773476337273	-26.617110463214445
9349.999999999998	1.0023235526572978	7.614865779698807	-114.8034984755518
9400.000000000002	0.7392199125987976	13.233354122469024	-77.13958065643985
9450.0	1.133855319794865	5.707744395411088	27.86898478480641
9500.0	0.8725845654887103	7.840407898099912	74.9851951536618
9550.0	1.0595127140634495	1.9618914385627007	-159.8322829985162
9600.0	0.8735491653591055	3.693244657914355	-101.5077354215202
9650.0	1.0543973636238477	1.9233163170872176	-40.88591494544369
9699.999999999998	1.0019242817049498	7.663882450688677	-19.177077074103924
9750.000000000002	1.077851145767104	4.719333570515113	-123.93789077447819
9799.999999999998	0.8868126982985088	2.157363502972836	98.40645264276796
9850.000000000002	0.8742842330179703	1.9232370705400597	-96.05266609870012
9900.0	1.0670507174837234	3.131014583747193	-129.47521910564714
9950.0	0.880392130125693	8.46289907684204	-72.43899947129748
10000.0	1.2360180999206172	7.639178080622141	49.900992445409194
