0.0	0.5033208174254102	96.64786535764195	0.0
50.0	0.4842801512701524	101.41458331166227	-173.13870643950975
100.0	0.93174105178924	81.0185701027116	6.546049358483284
150.0	1.5300412187506167	55.547420999072116	78.66149911130411
200.0	1.2451035665744685	69.4533050590892	178.8308009787206
250.0	0.9795231752913266	69.5014903741625	111.4190567906432
300.0	1.2685327654846696	56.77469510912873	-16.75903400262441
349.99999999999994	1.1937118415869963	70.07734628561919	-123.08346540650248
400.0	1.2152086764811483	71.10784319872452	50.56471405615166
449.99999999999994	0.8916849193535317	82.17849806576848	-48.98236967742146
500.0	0.9795943495819148	75.14218999780086	-84.57530359000806
550.0	1.141388155133954	71.87019874676007	171.70767260103065
600.0	1.2348144480040586	63.80224352352929	33.796323376768875
650.0	1.054125724746206	74.92648689815913	-165.89422936575104
699.9999999999999	1.025947328002886	60.993381269368705	3.274170566939044
749.9999999999999	0.9135739634498631	81.93561864064273	-147.50914073505524
800.0	0.9593378384395349	81.12740273700446	-157.80405006015894
850.0	1.139364129812151	73.34238913489085	111.8372813022046
899.9999999999999	1.1377964787795727	66.71523510028506	57.34795242615127
949.9999999999999	1.3220323951921347	66.2280265347568	-72.04292953290799
1000.0	1.1955727922626702	60.69405669124651	174.1133231415268
1050.0	0.9668471635399456	71.74260551090194	-55.94734940468282
1100.0	0.9520842056101365	80.9433789360086	-51.16417851348674
1150.0	1.2569694312151185	53.700040630085496	-178.45668211322175
1200.0	0.8185947389006938	76.00014930931584	-143.31163560965248
1250.0	1.0850281030358455	73.55241325433228	55.87365152016329
1300.0	1.046242194342327	71.70117539617941	-73.6700621166856
1350.0	0.9632141410828203	76.44926569183811	25.034389639874206
1400.0000000000002	0.9239523458251204	60.95209427017272	-84.26762204128683
1449.9999999999998	1.1202933690178842	53.87336827859389	-94.55819471752608
1500.0000000000002	1.568349913679645	48.9916418975729	-130.47310543707587
1549.9999999999998	1.201987827013892	59.92241961673524	-124.27654954985687
1600.0	0.6975994071114336	90.91996988250104	-1.647093276675226
1650.0	1.0936345602585467	67.73537280055947	-177.81280577985103
1700.0	0.8375075696675572	67.47555769982941	-8.34967039911095
1750.0	0.6407600197215368	80.18787439282373	132.80365211634805
1800.0000000000002	1.4581181982908578	49.520540881880905	-109.64533596640008
1849.9999999999998	0.7254146686301022	74.55337339403525	-78.10054684052477
1900.0000000000002	0.626983195975907	77.0818206540399	13.351012646898477
1949.9999999999998	2.0088013577242374	28.767901225105163	-105.93620049743198
2000.0	1.6830832533167817	42.031051515140916	-23.172396972208073
2050.0	1.612018879318165	33.12818730471869	132.65547060683514
2100.0000000000005	1.6117726014895517	35.579748569085965	95.09338850528118
2150.0	1.6455763220199335	31.407032279689	-35.901177577594325
2200.0000000000005	1.4585212945780432	39.093677825390095	3.4456856553641058
2250.0	1.4927322249570467	52.38269976213364	46.85153396555861
2300.0	1.633085778119522	44.559921300538896	61.95099651800943
2350.0000000000005	0.9805527649929914	67.99826003100804	41.57447349086204
2400.0	1.5544483538829708	43.44043073971369	-57.29382407187617
2450.0000000000005	1.2659241402396824	59.99040850993614	-134.12354248199577
2500.0	1.5963541939674821	42.17750668771752	36.34936599697372
2550.0000000000005	1.9025922417569683	27.775224099776832	-136.13976386994128
2600.0	1.6646361426839769	35.182671314822905	61.408390415971816
2650.0000000000005	1.832282533067901	25.550409322838338	-54.38477984999559
2700.0	1.931696406960097	13.39584461283295	91.53991597810277
2750.0	1.7144892912827934	33.490261064500885	-25.062414032497426
2800.0000000000005	0.844047760179646	50.06399134614363	3.5203741136989435
2850.0	0.595600265823025	46.11018246645638	106.97225254358474
2900.0000000000005	0.9682412234221185	49.52999672557138	64.29547720789984
2950.0	0.5181885236207594	61.962316490438056	32.886442237978684
3000.0000000000005	0.602528265908068	45.54338270569194	56.53104510476973
3050.0	1.280453183790749	48.15638206295539	147.89153017186567
3100.0000000000005	1.4791443179123602	42.137440737381546	36.4580349672786
3150.0000000000005	1.2534466963848738	34.4459370308947	-44.24978197568512
3200.0	1.341485602314157	31.067428386650302	-110.67533656832963
3250.0000000000005	1.0500249147079352	39.4478921810141	55.97816833038789
3300.0	1.299025996015786	48.17000992334731	9.037607285717002
3350.0000000000005	0.6061283491508735	63.773172358512355	24.66402892654102
3400.0	0.39980890593721274	44.21310382905552	-25.59609473673034
3450.0000000000005	1.4217344045746354	35.120963531132695	45.60770216541478
3500.0	1.6979124039905813	5.61215211462887	76.82447137007357
3550.0	1.8388146804445946	3.7315964129773	68.77875763050169
3600.0000000000005	1.4610389118516365	24.080433306812132	171.54217563002746
3650.0	0.8997122580225477	53.168287544093005	171.31966838363925
3700.0000000000005	1.3628622070727214	40.50539902509807	138.30720597797765
3750.0	0.7230886641464633	57.17569515598985	57.700664492160335
3800.0000000000005	1.375237790442259	42.74742989686365	67.35036379604921
3850.0	0.8079292735633844	38.85485657629392	-8.993891111450406
3900.0000000000005	0.5042842187727523	50.70813041698168	-11.160250328738666
3950.0	1.5284644701661176	35.08092081115984	101.52240075203487
4000.0	0.43777299207847126	38.65097396249635	-77.77382531483441
4049.9999999999995	0.2539120635537358	28.80662914751231	117.41462176221329
4100.0	1.4811848466877573	21.685280231239332	163.12715620566036
4150.000000000001	0.8198859439042417	33.35356799055611	-42.69144090036687
4200.000000000001	1.3502611860659703	32.25060814092596	-161.49423616858684
4250.000000000001	1.5890831703759796	18.980839512466172	-105.84788243744144
4300.0	1.6192489000255055	32.273182763118044	-156.10087666030054
4350.0	1.162722860984775	22.231092952547762	160.54100076136075
4400.000000000001	1.1497386211770138	42.23404925667378	-136.81941150682474
4450.000000000001	0.8786271560397165	41.53543393030785	159.05680719637206
4500.0	1.031741843557392	44.03837415473266	7.20039923734755
4550.0	1.2249186936737504	31.59319505013608	-106.2582817078772
4600.0	1.555274644781973	29.30842517143819	157.49653979052567
4650.000000000001	1.6630028307588753	24.703362475950314	-32.919062512571436
4700.000000000001	0.9098161492359428	33.894252590488925	78.01774927718571
4750.0	0.9970819041537601	46.44919187372105	-58.641814976082706
4800.0	1.2866612607457224	32.6097211621992	111.89276717312033
4850.000000000001	1.2539521167981387	29.191656821092053	168.71619726427613
4900.000000000001	1.306148194953118	36.713487563294606	29.19827925432885
4950.0	1.5750729336299971	19.308627706737713	-75.95159853611058
5000.0	1.1723947959078296	31.828048513814228	140.3849637936642
5050.0	1.2189023016560225	31.07370085054761	-173.77003764580712
5100.000000000001	0.9184352492548721	50.011051067165546	-58.21586849813708
5150.000000000001	1.0739653118076584	37.751924180760476	4.136641784065406
5200.0	0.9624966941166775	46.81960671375059	121.15677617197895
5250.0	1.2289168213350667	43.331635785155655	128.31593865278072
5300.000000000001	0.8937722978050672	40.069929890388465	13.709956877691297
5350.000000000001	1.4580699297568165	12.851225930239968	-42.84263312725506
5400.0	0.9219223839732935	46.176567000527484	7.788742428234512
5450.0	0.7411373002806816	48.462370518922924	-92.48041091521924
5500.0	1.4730325934544806	32.39288921219505	15.823768507677343
5550.000000000001	0.773880025852809	44.428890397903594	140.82157790656018
5600.000000000001	0.793449426464896	38.17176025786053	-43.409693954612955
5650.0	0.8442493662078171	41.14803525525513	166.34182559538357
5700.0	1.0142941868391064	48.985815098265874	-28.977963960783526
5750.000000000001	1.2694649079066709	25.56537323546564	-177.79589448236288
5800.000000000001	0.39256378117890744	5.413770412225156	13.972214682670183
5850.000000000001	1.6744815340036632	14.391465273463112	-9.544550221016998
5900.0	0.9408779876959853	41.29514267584826	131.12792548021258
5950.0	1.0557622714800896	16.989043747395588	25.750580789982575
6000.000000000001	0.7406368236833182	35.57799627811121	137.03861584774702
6050.000000000001	0.9430696105917659	33.25080344412767	110.79806167490015
6100.0	0.9029334410273618	49.464712968393854	-36.08878390472126
6150.0	1.5473151989109553	15.42369884623937	-3.848995926658905
6200.000000000001	0.7730181598546374	53.49293944946923	42.32688526730503
6250.000000000001	1.2872233047877857	40.275291284632615	167.87477620660542
6300.000000000001	1.196645820890948	34.87009036149412	78.54873755133656
6350.0	1.0378117524419321	39.930716093316335	161.80695439681983
6400.0	0.9582988918092502	30.766647665715524	141.17846904971364
6450.000000000001	0.8643033833430497	21.054999289556303	-28.967696511352518
6500.000000000001	1.2842600602080552	25.028886894644938	111.92518579840969
6550.0	1.45869462508573	19.63876777107503	33.201836826459775
6600.0	1.3044740240681219	26.9962733745138	95.93293597668398
6650.000000000001	1.309781170057111	10.561188101429371	104.60997074048596
6700.000000000001	0.46146231199511734	27.16236805248212	162.88012430409896
6750.000000000001	0.9182775704464127	8.28804507868199	-126.30893481755798
6800.0	1.6186541170502242	17.841648170427305	-76.67227904802829
6850.0	1.553629485636462	21.25813339518647	-107.63908644822354
6900.000000000001	1.2022484204869641	27.240013946090535	148.50348801519027
6950.000000000001	1.0055189716163315	40.01380217008669	-28.57029079386143
7000.0	1.060567439530461	17.38508313946543	140.91563754285136
7050.0	1.0626876684258604	35.71821991360359	170.42978562102167
7100.0	1.406931549293182	31.622616826128347	34.17685702095914
7150.000000000001	0.8701796249244922	7.248878797683651	28.839563697544378
7200.000000000001	1.0258402618029245	26.630900705025645	-71.9593377005186
7250.0	1.2288419527774945	26.35256663256803	-155.70897226647693
7300.0	1.1847969227072375	28.519778843543094	172.00890959369036
7350.000000000001	0.5726223942312111	44.74427274063934	-54.739779877583125
7400.000000000001	0.7737035573385709	29.48389592637393	92.42803976195353
7450.0	0.6603128280327567	22.580571823740694	-131.60501004565265
7500.0	1.2230605516977464	21.817333187446938	15.759285874122202
7550.0	0.7987782700442868	31.798878993810433	-126.33683664340717
7600.000000000001	0.6778481921181339	31.04207805123039	-154.7619392346121
7650.000000000001	1.4403722015033353	6.7240294825305	-7.869926370893044
7700.0	0.7780032285962498	20.05763637976926	100.79799999416873
7750.0	1.0758761165036208	14.393866817157933	107.44984360309127
7800.000000000001	1.427698102407146	21.267146206039108	-12.336948835028583
7850.000000000001	1.3416419877525698	19.209450455876688	-61.50308567170511
7900.0	0.5724587492755672	15.782443810360553	-83.88506195122685
7950.0	1.5342995719869539	16.18533265203312	-127.98197444645952
8000.0	1.2184659175608261	13.030695545547205	59.48934710393413
8050.000000000001	0.7110487663131638	20.055937352334727	-99.26406777641593
8099.999999999999	1.2251660852481723	13.666333975084104	-117.80213418326477
8150.0	0.6358112803704459	19.06771324546537	-109.07677538858755
8200.0	0.8990088401279706	41.074161688176794	177.41275039716407
8250.0	1.162249969147801	22.00625900545711	-105.16791768250829
8299.999999999998	1.1310214299942076	34.88202904459845	-80.32695995266442
8350.000000000002	1.0819993585283327	26.852983848865364	39.43196724821731
8399.999999999998	1.233875857447852	19.672062071638212	148.04031761864184
8450.000000000002	1.291439929349087	5.151431556638994	-141.34945547236202
8499.999999999998	1.060379710620702	30.97151955957007	-59.945813844829225
8550.0	0.6823415255261329	28.44529359561921	84.96700387778536
8600.0	0.5671932917393365	8.799470139211678	61.318869642200305
8650.0	1.3237474972107455	20.823111243297223	-100.82747631350888
8700.0	0.6881680401406266	30.294556588524813	159.8366132011401
8750.0	0.9959035692867879	23.874347388168996	-122.75632703972948
8799.999999999998	1.0412679953492798	32.17596197432949	174.96512938986584
8850.000000000002	1.0118596949978684	37.18985525432022	10.156469794830956
8899.999999999998	1.5153150460834808	11.719528330646897	7.712851231070373
8950.000000000002	1.3009171545138816	14.778514307208411	76.88036687302795
9000.0	0.9528890517573272	5.104440223637119	54.84100930325412
9050.0	0.5623966041870653	15.354937798206848	-47.59921378987274
9100.0	1.2473305462655169	18.15237010112207	116.64459291443457
9150.0	0.6648250468343276	10.794558199005474	97.81462006528089
9200.0	1.1264776321343672	18.224929642786346	-118.51292073240299
9249.999999999998	1.0153057915856547	28.029505472514682	-122.8195244167766
9300.000000000002	1.074096920113733	20.151649568241538	-131.98442212114804
9349.999999999998	1.1929185964176938	24.180164977141015	-105.45691214746537
9400.000000000002	1.4890605681209197	9.1722851825786	75.01854765950463
9450.0	0.6034386748726627	17.92136143703929	110.4475218583204
9500.0	1.2145375558522917	26.982189252630345	101.04701765202228
9550.0	1.2207484049746073	24.2554448238417	-77.17679577313814
9600.0	1.3473697447914397	19.146918156120815	-149.71556978731982
9650.0	0.9144210892527026	26.460117271298994	60.51977746317906
9699.999999999998	0.9791832233759108	7.974115485282457	73.78295571768226
9750.000000000002	0.938982588825652	27.87281854832579	-163.771388635986
9799.999999999998	1.4043629300267728	16.23146597287739	54.46797980286094
9850.000000000002	1.0065634577201357	18.868875008489773	88.19973803740457
9900.0	1.450232157622698	1.405578985785822	-65.80381614791627
9950.0	0.9746044943298682	8.210103930599123	118.1179555017552
10000.0	1.049295481591317	13.61493138255965	52.62821493288453
