0.0	1.124146526761622	19.074003313739404	0.0
1507.537688442211	1.117980516700567	18.664105232218716	1.2408245451633177e-05
3015.075376884422	1.1121103199338955	18.25919307960347	4.046308871417419e-05
4522.613065326632	1.1065226171530278	17.859465025672453	7.877790438116147e-05
6030.150753768844	1.1012046262627702	17.46510033824911	0.00011970093615721531
7537.688442211054	1.0961440855911433	17.076260200992426	0.00015500361345541138
9045.226130653265	1.091329235923864	16.6930883113269	0.0001776916670712658
10552.763819095477	1.0867488018830564	16.31571129022313	0.00018354065171931403
12060.301507537688	1.0823919733206961	15.944238993581202	0.0001720299887493528
13567.8391959799	1.0782483873955722	15.578764819342172	0.00014645526909946323
15075.376884422109	1.0743081118536495	15.219366123357728	0.00011320690977921702
16582.91457286432	1.0705616297847365	14.866104807001578	8.03595643151331e-05
18090.452261306535	1.0669998258477067	14.519028139069421	5.5901880291008014e-05
19597.989949748742	1.0636139737025103	14.178169760830968	4.5969995065633054e-05
21105.527638190953	1.0603957242129183	13.84355085311671	5.350092728627419e-05
22613.06532663317	1.0573370939208813	13.515181346313057	7.758369001420721e-05
24120.603015075376	1.0544304533434117	13.193061081245904	0.00011365867915836719
25628.14070351759	1.0516685147871632	12.877180842468583	0.000154526278431376
27135.6783919598	1.0490443195718817	12.5675231744885	0.00019192766026694682
28643.21608040201	1.0465512247554487	12.264062998407097	0.00021836708751447515
30150.753768844224	1.0441828896165437	11.96676801712556	0.00022875801440433267
31658.291457286432	1.0419332622436133	11.675598999686542	0.00022154427490232817
33165.82914572864	1.0397965665901734	11.390510015367228	0.00019904535983672402
34673.36683417086	1.0377672902880004	11.111448676867358	0.00016694135308277958
36180.904522613055	1.035840173392207	10.838356504404317	0.00013302657386050614
37688.44221105528	1.0340101980830734	10.57116940941571	0.00010549333074727305
39195.979899497484	1.0322725792105694	10.309818309162427	9.112667411409254e-05
40703.5175879397	1.0306227554711345	10.05422985598395	9.381363624751454e-05
42211.05527638191	1.0290563809581608	9.804327181183986	0.00011368334822873642
43718.59296482413	1.0275693168410507	9.56003063102202	0.00014708245449584107
45226.13065326632	1.0261576229917753	9.321258375478472	0.0001873758888020311
46733.668341708544	1.0248175494734129	9.087926898057265	0.00022641110739658757
48241.20603015075	1.0235455279084797	8.85995130142495	0.0002563113171575536
49748.74371859296	1.0223381628329529	8.637245467838493	0.0002712095801487642
51256.28140703518	1.0211922231986525	8.41972210240155	0.0002685389705152249
52763.819095477375	1.0201046342007274	8.207292744979153	0.00024960163520824
54271.3567839196	1.0190724695824374	7.999867747764547	0.00021927609683683057
55778.8944723618	1.0180929445121256	7.797356360261359	0.00018494840520345284
57286.43216080402	1.0171634090559467	7.5996668978784285	0.00015488756589916223
58793.96984924623	1.0162813421971424	7.406706977014433	0.0001364194260938084
60301.50753768845	1.0154443462980367	7.218383883256646	0.00013431904413180383
61809.04522613064	1.01465014187044	7.034604946258184	0.00014975592071291835
63316.582914572864	1.0138965625205905	6.855277926835351	0.00018003855072139775
64824.120603015086	1.0131815499621186	6.680311344500158	0.00021920701342482952
66331.65829145728	1.012503149035274	6.509614701065554	0.00025934392834991613
67839.19597989951	1.0118595027239417	6.343098604210798	0.00029231838778363356
69346.73366834172	1.011248847209221	6.180674779154761	0.00031157591972893323
70854.27135678392	1.0106695070291343	6.022255994980572	0.0003135808362499464
72361.80904522614	1.0101198904318405	5.867755949564665	0.00029859451386843284
73869.34673366834	1.009598484996886	5.717089146192148	0.0002706161985700816
75376.88442211055	1.0091038535777086	5.570170862336136	0.00023651006376392589
76884.42211055275	1.0086346305819596	5.4269170814839045	0.0002044823161146121
78391.95979899497	1.0081895185707304	5.287244630653749	0.00018228612532578492
79899.4974874372	1.0077672851272599	5.151071278598161	0.00017550653256970394
81407.0351758794	1.007366759927497	5.0183159685142975	0.00018633799815641748
82914.57286432161	1.0069868319415356	4.888898979254924	0.0002130960821582504
84422.11055276381	1.0066264467061377	4.762742081870558	0.0002505856743263563
85929.64824120603	1.0062846036281317	4.639768722936237	0.00029125651737282984
87437.18592964826	1.0059603533062773	4.519903969625045	0.0003268498514840307
88944.72361809044	1.0056527948835186	4.403074570640317	0.00035023191737325034
90452.26130653267	1.0053610734591822	4.289208765851535	0.00035694956376279357
91959.79899497489	1.0050843776019287	4.178236234978852	0.0003462225470072568
93467.33668341709	1.0048219370018368	4.070087917457636	0.0003211090532284002
94974.87437185929	1.0045730202902294	3.964695917309454	0.0002878337352849194
96482.4120603015	1.0043369330394158	3.86199344318242	0.0002544177656396286
97989.94974874373	1.0041130159350982	3.7619147998472156	0.0002289130396631164
99497.48743718592	1.0039006431010244	3.66439543971294	0.00021762789784223228
101005.02512562815	1.0036992205415871	3.5693721030445795	0.0002237469655518132
102512.56281407036	1.003508184666688	3.4767828196207287	0.00024661360076419584
104020.10050251256	1.003327000865741	3.3865671008388287	0.00028188941075109206
105527.63819095478	1.00315516210741	3.2986659854328466	0.0003225068457735835
107035.17587939698	1.0029921875552095	3.2130219918703578	0.00036021486289261097
108542.7135678392	1.0028376212003516	3.129579153689018	0.00038740755771091753
110050.25125628142	1.0026910305247558	3.048282899030236	0.0003987911087557637
111557.7889447236	1.0025520052129686	2.969079996447289	0.0003925582358434829
113065.32663316581	1.0024201559326278	2.8919183090287155	0.0003707675240390944
114572.86432160804	1.0022951131984683	2.816746860162916	0.00033891388840340844
116080.40201005025	1.0021765263281044	2.7435156393615547	0.000304701428444334
117587.93969849245	1.002064062488546	2.672175626710301	0.00027635580946844696
119095.47738693467	1.00195740582419	2.602678748253763	0.00026080439683739997
120603.0150753769	1.001856256650195	2.534978056461868	0.0002621705265472504
122110.55276381908	1.0017603306939173	2.4690275916908453	0.0002808384652915901
123618.09045226131	1.0016693583661553	2.404782639518064	0.00031339564639656226
125125.62814070353	1.0015830840497357	2.342199644544545	0.00035336628538998576
126633.16582914573	1.0015012653978617	2.281236260932275	0.0003926435830735414
128140.70351758793	1.0014236726417995	2.221851316717981	0.00042327281538377025
129648.24120603014	1.001350087912181	2.164004726664915	0.00043919760224202226
131155.77889447234	1.0012803045839553	2.1076575482382744	0.00043761306565691735
132663.31658291456	1.001214126652704	2.0527716448848548	0.0004195496919675422
134170.85427135677	1.0011513681528768	1.9993098932049689	0.00038968508851389724
135678.39195979902	1.001091852621214	1.947235839346919	0.000355277103500037
137185.92964824123	1.0010354126062357	1.8965138551104794	0.00032459234026598164
138693.46733668345	1.0009818892202564	1.8471090869754432	0.0003050785117980069
140201.00502512566	1.0009311317271925	1.7989874518176214	0.00030172229793076804
141708.54271356785	1.0008829971570807	1.7521156828285065	0.00031595315548291653
143216.08040201006	1.0008373499375665	1.7064613628012855	0.0003453276759574548
144723.61809045228	1.0007940615365294	1.661992954545942	0.0003840671613001022
146231.15577889446	1.0007530101098598	1.6186798663658253	0.00042433752731855416
147738.69346733668	1.0007140801544763	1.576492388749009	0.00045796887759117535
149246.2311557789	1.0006771621671346	1.5354015273239485	0.0004782345622174995
150753.7688442211	1.0006421523145086	1.495379275981095	0.0004813773318793272
152261.30653266335	1.0006089521172916	1.4563981433635311	0.00046738333267564873
153768.8442211055	1.00057746815445	1.418431489525465	0.0004400353378659197
155276.38190954772	1.000547611789514	1.3814530587594505	0.0004060283830747483
156783.91959798994	1.000519298920603	1.3454374030089733	0.00037355396969265776
158291.45728643218	1.0004924497515921	1.3103594670076502	0.00035044305427515683
159798.9949748744	1.0004669885832207	1.276194771544478	0.00034246807870542945
161306.5326633166	1.000442843617355	1.2429195289599464	0.00035208116694548095
162814.0703517588	1.0004199467723358	1.2105105313742757	0.00037785691823936154
164321.608040201	1.0003982335037864	1.1789451700745146	0.00041480761935655693
165829.14572864323	1.000377642629023	1.1482014927501747	0.00045548704233680374
167336.68341708544	1.000358116153761	1.1182582041502263	0.000491629885649025
168844.22110552763	1.000339599101995	1.0890946306002698	0.0005159697435558603
170351.75879396984	1.000322039350195	1.0606906746375366	0.0005238380626088565
171859.29648241206	1.000305387468258	1.0330267674162343	0.0005141919494366422
173366.83417085427	1.000289596570176	1.0060838224289044	0.0004898439426609558
174874.37185929652	1.0002746221748535	0.9798431957643445	0.00045684291109962944
176381.90954773867	1.0002604220788192	0.9542866582712509	0.00042314234491442216
177889.4472361809	1.0002469562407286	0.9293963833852112	0.00039684932742064096
179396.98492462313	1.0002341866746078	0.9051549519474924	0.00038444004242517573
180904.52261306535	1.0002220773512063	0.8815453712282904	0.0003893348597946574
182412.06030150756	1.0002105941055979	0.8585510978263728	0.0004111462757409969
183919.59798994978	1.0001997045477617	0.8361560466282035	0.0004457637943003451
185427.13567839196	1.000189377974828	0.8143445752913041	0.0004862559387967779
186934.67336683418	1.0001795852852402	0.7931014657698271	0.0005243935467985899
188442.2110552764	1.0001702988935557	0.7724119444820325	0.0005524648481600699
189949.74874371858	1.0001614926476436	0.7522617215220627	0.0005649815340830861
191457.2864321608	1.0001531417493177	0.7326369374807141	0.0005598857592485127
192964.824120603	1.0001452226782763	0.7135240030518166	0.0005389872805180334
194472.36180904522	1.0001377131223335	0.6949095635181592	0.0005075622699978614
195979.89949748747	1.000130591912902	0.6767806780327992	0.00047321714716630346
197487.43718592968	1.0001238389655591	0.6591248114404443	0.0004442176617074031
198994.97487437184	1.000117435226769	0.6419295388763786	0.0004276314171313328
200502.51256281405	1.0001113626235243	0.6251826425947419	0.00042777935258744273
202010.0502512563	1.0001056040176166	0.6088724812892147	0.00044533263168930264
203517.5879396985	1.0001001431603487	0.5929876775985304	0.0004771273317401246
205025.12562814073	1.000094964649343	0.5775168931915352	0.0005168254003277717
206532.6633165829	1.0000900538854327	0.5624494190551782	0.0005563852694046669
208040.20100502513	1.00008539703098	0.5477749252605522	0.0005878083038733125
209547.73869346734	1.000080980968249	0.533482974648401	0.0006048324659524236
211055.27638190956	1.000076793259279	0.5195637850736877	0.0006044101451022769
212562.81407035174	1.0000728221079824	0.5060078609908536	0.0005873442606581552
214070.35175879396	1.000069056324723	0.4928054864920141	0.0005580395800451217
215577.88944723617	1.0000654852936623	0.47994771160211175	0.0005236636277368839
217085.4271356784	1.000062098943051	0.4674255568075697	0.0004924767299120922
218592.96482412063	1.0000588877176193	0.45522997532256365	0.00047199527816217966
220100.50251256285	1.0000558425535997	0.4433527715186982	0.0004674645263082886
221608.040201005	1.0000529548555273	0.43178530344243055	0.00048053682567758674
223115.57788944725	1.0000502164735376	0.42051946670264634	0.0005090215082819693
224623.11557788946	1.0000476196820967	0.4095476029904523	0.0005473719536407461
226130.65326633168	1.0000451571586917	0.3988616082627551	0.0005877770574095136
227638.1909547739	1.0000428219626245	0.38845447322594734	0.0006220842994112086
229145.72864321608	1.0000406075147645	0.37831869141345476	0.0006433985794815042
230653.2663316583	1.0000385075775664	0.3684472412179166	0.0006477104205016008
232160.8040201005	1.0000365162354938	0.35883355747287043	0.0006347991459908615
233668.34170854272	1.0000346278777097	0.3494704832377885	0.000608130029499703
235175.8793969849	1.000032837181283	0.34035205781758854	0.0005743323959559944
236683.41708542712	1.000031139095684	0.33147143366989196	0.00054147704293071
238190.95477386934	1.0000295288295984	0.3228226573468465	0.0005175130032076815
239698.49246231158	1.0000280018379444	0.31439965358600586	0.0005084115534783669
241206.0301507538	1.0000265538100959	0.3061961984358213	0.0005168198486094882
242713.567839196	1.0000251806587137	0.2982070445916155	0.0005416465954696135
244221.10552763817	1.0000238785091273	0.2904259133613007	0.0005780277846939424
245728.6432160804	1.0000226436888777	0.28284803508490386	0.0006187271075411712
247236.18090452263	1.0000214727170036	0.2754675445636353	0.000655404551742771
248743.71859296484	1.0000203622940471	0.2682796786531142	0.0006807131808500879
250251.25628140706	1.0000193092918765	0.26127935050462986	0.0006897657058525506
251758.79396984924	1.0000183107440435	0.2544615092282121	0.0006812227324996022
253266.33165829146	1.0000173638374095	0.24782189844130856	0.0006577208107380471
254773.86934673367	1.0000164659029553	0.24135520067527563	0.0006250269755570187
256281.40703517586	1.0000156144082302	0.23505774030882443	0.0005911350028140724
257788.94472361807	1.0000148069506625	0.2289242238955596	0.0005640827823045635
259296.48241206023	1.000014041251229	0.22295116134730988	0.0005506125348250221
260804.0201005025	1.0000133151487454	0.21713367990956547	0.0005543017467501509
262311.5577889447	1.0000126265933926	0.21146811722942413	0.0005750726193809621
263819.09547738684	1.000011973642117	0.20595033831719897	0.0006090321638283883
265326.6331658291	1.000011354453058	0.20057631372985005	0.0006493586172543056
266834.1708542713	1.0000107672804837	0.1953427543725479	0.0006879310003748483
268341.70854271355	1.0000102104696715	0.19024527408714523	0.0007168407894627716
269849.24623115576	1.0000096824518832	0.1852812959025402	0.0007305389285079581
271356.7839195979	1.000009181739389	0.18044626611633213	0.0007265530805540548
272864.3216080402	1.0000087069216537	0.17573800399837902	0.0007065965174879299
274371.85929648235	1.0000082566606268	0.17115208898770276	0.0006756102027517766
275879.3969849246	1.0000078296866184	0.16668635325839662	0.0006412265612547795
277386.9346733668	1.0000074247946098	0.1623368360354718	0.0006116097634506917
278894.47236180905	1.0000070408424515	0.15810105128277452	0.0005940263595551048
280402.0100502512	1.0000066767461813	0.15397576302802202	0.0005930191023148315
281909.5477386934	1.0000063314778538	0.14995797290432655	0.0006094692446433322
283417.0854271357	1.0000060040628385	0.14604529975416014	0.0006405149054502408
284924.62311557785	1.000005693577362	0.14223420965574388	0.000679893913653896
286432.16080402	1.0000053991462299	0.1385231297518546	0.0007197738801234076
287939.6984924623	1.0000051199391793	0.13490812769569313	0.0007518826766131838
289447.23618090444	1.000004855169916	0.13138821974739334	0.0007700363530444927
290954.7738693467	1.0000046040927952	0.12795933416509797	0.0007707189081668724
292462.3115577889	1.0000043659999482	0.12462073450445613	0.0007546709715902076
293969.8492462311	1.000004140220561	0.12136853785955534	0.0007259247942947829
295477.38693467336	1.0000039261181253	0.1182018714583335	0.0006916601989586105
296984.9246231155	1.0000037230887717	0.11511737860810814	0.0006599818455677212
298492.4623115578	1.0000035305593042	0.11211371111757695	0.000638635305540607
299999.99999999994	1.0000033479865498	0.10918832060841117	0.0006329755396047848
