0.0	1.9550034305805348	151.59947900935495	0.0
5000.0	1.6018160057635034	147.11399838229718	179.9038367046532
10000.0	2.100895085951582	87.57114788151743	-112.47357639616084
15000.0	1.8875686193174834	80.81873886490925	-53.09311648537523
20000.0	2.0415784461522137	55.62311700784157	139.7895709650747
24999.999999999996	1.6442389313793289	72.5834374099359	-175.14379735683002
30000.0	2.239988178659718	40.29055651787797	134.8747318844016
35000.0	2.0464157366001143	37.080219088113736	145.16829272567568
40000.0	1.5576692488013852	61.24636984827143	-145.87072305611795
45000.00000000001	1.638574703357401	47.60299433843022	104.29978667320286
49999.99999999999	1.7796583805664679	45.06362657330481	-85.14463490357974
55000.0	1.792969146226888	33.38415270694061	-137.3938780430169
60000.0	1.4046272017366763	60.121898842804725	132.95691740299065
64999.99999999999	1.5781576757411617	49.433396801898056	-12.646362479705019
70000.0	1.4656601175295467	54.106799826305924	27.4140003775424
75000.00000000001	0.8809154346075335	71.38724659839939	43.2454124168145
80000.0	0.5276942601210477	89.92395276752929	11.200589414523547
85000.00000000001	1.4784309308263448	38.206837345725205	41.77251600800358
90000.00000000001	1.6552970171594223	28.592937110036072	-61.78087817086905
95000.0	1.0448789606740476	53.71029453884471	71.61349629057956
100000.00000000001	1.9867554929769387	8.443239147537753	-119.07646230128682
105000.0	1.7995265922311987	23.742734748866734	-146.77009063363988
110000.0	1.7311340857594195	24.894685696117794	-44.96379170614173
115000.00000000001	1.5077602535322392	27.46337527696919	-23.962821166815104
120000.0	1.2128701994877982	32.93671978450039	-70.46744895460886
125000.00000000001	0.737672101377876	54.39362185772678	-48.22367135068534
129999.99999999999	0.5406271574498452	41.81949105712712	-50.85497201334445
135000.0	1.5374178322021663	17.478753480709333	-179.44386432696035
140000.0	1.604353952525852	11.631082329955547	74.58849029061219
145000.00000000003	1.359313042201208	27.069190595600773	52.355530002425766
150000.00000000003	1.008184536316355	36.157266217889166	-44.219780575899726
155000.0	1.2088361766553728	22.698627281200384	-82.73626725853491
160000.0	1.2597705555153282	29.88799578620851	-82.94111259783199
165000.0	0.9421286463108483	34.378241700010825	-102.64413041402698
170000.00000000003	0.9864272850150277	37.2023909429087	74.45466155390532
175000.00000000003	1.3653051194756565	8.932600459366775	84.89262966669764
180000.00000000003	1.0442448613171982	41.99233546680275	-155.23672454029528
185000.0	0.7019678648438379	26.34817293458009	153.7778316193874
190000.0	1.2090510600673272	10.09318359507564	-84.4646494203385
195000.00000000003	1.2851015558792596	25.442261618010768	-178.56889130287396
200000.00000000003	1.33123017687511	26.28226304978902	-165.1802362512558
205000.00000000003	0.8268320575458299	20.610918967471505	-155.98463487332225
210000.0	1.1218733484508316	9.81912889108265	-59.015202607236425
215000.0	0.94708737404595	7.805078828912565	-68.06968540994956
220000.0	0.8610682050448947	38.73289284746278	-30.79733522028567
225000.00000000003	1.0029466174155466	17.9463528987309	8.537945660098686
230000.00000000003	0.7924134089250321	26.575341783708502	73.71982633486591
235000.0	1.1276555122661793	30.616340683587524	-154.18802850658756
240000.0	1.3598259231689176	14.921093440428944	-22.982844991489326
245000.0	0.623872383383441	4.321674833723402	-29.72689535423845
250000.00000000003	1.1799989103484105	16.595630567422923	-94.13666040618067
255000.00000000003	1.2025460312289786	20.665238958479193	-156.18276132027515
259999.99999999997	0.7870053013029945	9.594122583428964	63.21752270333154
265000.0	0.9357004474379049	23.8799389729731	-64.39604585318502
270000.0	1.1525692254977993	14.599420457819468	-4.119545066762948
275000.0	1.1869580381885614	12.015738251930191	-30.027903445017767
280000.0	1.231293163547266	11.528397630947143	-118.22909448820032
285000.00000000006	0.8315262364713527	15.016929015012309	5.135156609280686
290000.00000000006	1.2082015721268973	16.7520746566667	86.2545844401394
295000.00000000006	0.7321728527703443	17.432802866955836	110.0137499850763
300000.00000000006	1.2400256203188378	11.219716156806916	-33.15196285769722
305000.00000000006	1.2767144443745642	3.571163693794197	74.29656474340125
310000.0	0.8026200549374305	17.463638455900874	43.68372847841198
315000.0	1.1007721995313677	12.795752326045658	-161.19316459999902
320000.0	1.1105024632457272	8.79929402665057	-55.784811049871195
325000.0	1.1307079809488227	12.121533267769612	-150.08233913607376
330000.0	0.8135205005954409	14.351661140086279	-10.854873589413833
335000.00000000006	0.8785263775731437	4.6244167820901385	-132.18312427504827
340000.00000000006	1.128699666811491	6.212088972079684	-36.6738229814936
345000.00000000006	1.1906523929085044	7.0484948956254465	-116.42501720156393
350000.00000000006	1.0810169471159783	3.461472044833272	-65.69960506618884
355000.00000000006	0.9534022147963414	6.348677812931835	-121.22780793782216
360000.00000000006	1.0249679747029943	2.7376779783887963	-26.290804780366564
365000.0	1.0594329216714244	0.9609183612483848	-54.478199852162156
370000.0	1.044933752290592	13.344622158386324	118.705794211623
375000.0	1.0894256795951698	9.230225859002676	66.61047439334101
380000.0	1.0266668713407887	9.03850289492043	-103.26325473120379
385000.0	0.8674589723252388	8.983409519087784	113.55345961958541
390000.00000000006	1.0964766622216213	9.2353697638768	-142.40557019071736
395000.00000000006	1.075520292617942	7.31488689811072	19.27330237682081
400000.00000000006	0.9705821968094619	3.898464052402712	-38.27144656666431
405000.00000000006	0.7975794005997185	4.92176204906851	60.5600733905351
410000.00000000006	0.8759064326843564	6.082645517625522	63.595798386703656
415000.0	1.0532595866210592	8.668758483975623	-85.59373481392949
420000.0	1.0122155011644736	7.567237802949146	-157.75456117580782
425000.0	1.0805674366326337	8.152653573192291	-124.19179839091339
430000.0	0.8728135444378082	5.315755129537738	-103.58116861791673
435000.0	0.959155962502685	3.049690547204483	-167.88632281162685
440000.0	1.0375577844955552	4.220092294173026	-176.6703903314163
445000.00000000006	1.0815575407462608	1.639626514364445	42.48259425558343
450000.00000000006	1.1169826142003314	3.3814390144354713	26.2578374432963
455000.00000000006	1.050092532271341	7.645209306693826	-13.057065363294175
460000.00000000006	0.9486466747943557	9.432421615010407	-175.356474064079
465000.00000000006	0.9168784186279036	3.3190735128422935	38.98863570800175
470000.0	0.9575388229598912	6.3381837602165705	37.89383155825724
475000.0	0.8519142796996244	4.24425851091744	111.98099858186146
480000.0	0.8777201583168908	1.8763405674852693	24.09879974084709
485000.0	1.006358868774995	3.31375891632995	106.85027798582124
490000.0	0.8880220713053093	5.63548434650183	19.23240890337759
495000.00000000006	1.0686603342114884	3.307747309713795	-50.84534133683094
500000.00000000006	1.0953104513172285	3.462557572036151	46.39079124525639
505000.00000000006	0.978966453624107	3.0889627767410004	42.91946197694579
510000.00000000006	0.9976908066336106	0.5005535039273159	176.92138069864254
515000.00000000006	0.9150004596522588	1.567509676044453	-110.81088761752005
519999.99999999994	1.0197636713792022	1.2468005117451657	162.03044075800435
525000.0	1.0938132504324418	2.9231589876680353	-17.311314751037283
530000.0	0.9927451715289356	4.137862925482301	-170.142056768905
535000.0	1.0807423709261585	3.160122053682064	22.993112486345186
540000.0	0.9190571478590777	2.581677991028046	29.20515938493447
545000.0	1.0069983974448953	4.913674189481681	-162.18903463370762
550000.0	1.0497876590617352	7.146058196427844	-177.22931149536208
555000.0	1.0781386959213215	5.724759415303139	-14.114078710666027
560000.0	1.023209306826707	6.470610519002599	179.48618526062907
565000.0000000001	0.9762098358108083	2.6085019988324936	-20.283342255535988
570000.0000000001	0.9852652304291569	5.978295379413686	-6.557831435870511
575000.0000000001	1.0294954112828474	1.9914190150949265	173.16726114733112
580000.0000000001	1.0032081052896746	1.624449047865455	-74.97342316873802
585000.0000000001	1.0482096392448392	5.606451491520252	-168.76370041708807
590000.0000000001	0.877279444390493	2.3706823424959005	-132.9072657012529
595000.0000000001	1.088990345509249	3.8755190685328196	162.4123354975739
600000.0000000001	1.0691918013503505	5.579599785663177	-2.621034015730833
605000.0000000001	0.8982242059378036	2.862654872665874	161.475145793125
610000.0000000001	1.1226343017340579	1.9374659270801808	24.020748788155487
615000.0	1.106333324640654	3.81372651922556	18.979629475541003
620000.0	0.9608488305473923	6.101290490666879	-168.43573946116373
625000.0	1.0517411194677135	5.858287511091131	174.98570338800386
630000.0	1.061862351454894	4.288375324736153	10.656618416387717
635000.0	0.9799712837559322	5.9754846228118055	-21.50637154063046
640000.0	0.9734338323619275	4.738670191950369	28.33124661061434
645000.0	1.1113985678000533	5.032672284271926	8.465435014590133
650000.0	0.9392197771995754	4.078230090485304	38.33387490461927
655000.0	0.9621224779406191	3.169494303624766	146.99986585248905
660000.0	1.1357770187754401	4.704875082919782	2.7337856848262514
665000.0	1.051590221420827	3.4591369396256253	-163.90018287937187
670000.0000000001	0.8646062333468854	2.4682644735596946	-1.3472613027802836
675000.0000000001	0.9840813328495406	6.677416516929509	2.402807203981077
680000.0000000001	1.1243637806463216	0.6149761569786953	-163.4130631026295
685000.0000000001	1.084499098726079	0.7027664615808777	-127.08957154900034
690000.0000000001	0.9373292322540291	4.784374551308513	-173.71102411632333
695000.0000000001	1.0675117901387294	2.807661843147688	158.77573671325686
700000.0000000001	0.9428122105039322	1.917498864109364	-175.54868849686378
705000.0000000001	1.0644902078310674	2.3033905391798823	-155.12340156926226
710000.0000000001	0.9630659614561976	2.200539483004925	-135.08785169422222
715000.0000000001	1.0181073869372228	3.7974926180147777	-17.477062518111627
720000.0000000001	0.9861456497185092	2.7724161852169917	26.401293922800196
725000.0	0.9524639615335153	5.107563758058206	8.9897479707304
730000.0	0.9592275549710764	3.7085740618271066	-172.18479894557052
735000.0	0.9718316986620148	1.7365791344088397	-128.41085851658192
740000.0	0.9637841416860378	1.499808152956821	-115.76539518367997
745000.0	0.9744213565533677	3.9609382234684154	22.768610002375144
750000.0	1.0039122367043456	1.664241609645874	-43.77211345496
755000.0	0.9756864729692742	2.783062689586871	-172.46474151076805
760000.0	0.963878920235795	2.0461436683867604	-37.825837837138
765000.0	1.0737211576680705	3.872178813281505	-14.8687914648968
770000.0	1.0219500084932884	1.8709897263219604	123.79146202922901
775000.0000000001	0.9998587677405012	2.3338480805380812	48.23426463616422
780000.0000000001	0.9493917524071112	2.6962238056510923	-52.72866775943153
785000.0000000001	1.011331436244699	5.132658395017317	-14.384642619267805
790000.0000000001	0.9693272192660731	2.636403385768603	23.41766778798484
795000.0000000001	1.0538587880677934	5.529390826201408	-175.2056511716083
800000.0000000001	1.0135352773688449	2.6947427867022924	-42.50703156820235
805000.0000000001	1.053112227131061	4.695417897852869	6.7075634479705855
810000.0000000001	1.0881691951987917	5.874127122432445	174.28140727187974
815000.0000000001	1.0265757534599937	6.529620832963907	-2.789883261866936
820000.0000000001	1.0049491046244197	7.139940362447725	-2.703246241999698
825000.0000000001	0.9871599943232462	2.0749658736890146	102.5704935145338
830000.0	1.1038847473626525	4.908010892543653	-171.84655196497522
835000.0	1.019867076649349	1.5849707042705	90.96008654796513
840000.0	0.9876841144701997	7.7592981119277615	4.595804507280466
845000.0	0.9170915462990206	3.3565222135022883	-139.14006031511644
850000.0	0.9029078877374815	3.826665876939335	148.586421861694
855000.0	0.854465467996282	4.489174970899968	49.611745058904795
860000.0	0.9116683500770765	2.7310354481545724	19.474835462324727
865000.0	0.9161721276749911	7.331527444816587	29.25293911727554
870000.0	1.1482515897636418	1.6388934955100323	27.04549238207324
875000.0	1.1225000754097612	2.6484762740298184	-15.81461826457439
880000.0	0.9166924784571422	3.8167713364883156	25.159466972860088
885000.0000000001	1.0132279011745007	4.710176549702409	-160.25367889903814
890000.0000000001	1.0415784245285629	1.1241618979316972	39.67908448480011
895000.0000000001	0.9822165690264874	1.2790130801278699	-144.21286553274635
900000.0000000001	0.9729502057875253	1.9872602643255521	-112.4662512046272
905000.0000000001	0.9796911638762416	6.688310938033439	-8.503483482598428
910000.0000000001	0.9550681313223406	4.986866742363648	165.8786074439781
915000.0000000001	0.9624631082106527	2.730800934264508	162.11503050206625
920000.0000000001	1.0395076224292206	2.2304011439849436	58.119434443639705
925000.0000000001	1.0497169370966004	3.918291753788946	-18.705939464251607
930000.0000000001	0.8621567310567388	3.8970188427781056	-8.031224137898562
935000.0	1.1205275410745692	0.9548040095786383	-93.5353022086133
940000.0	0.8727425924573262	4.784510839741001	-21.6573428873276
945000.0	0.9884501680813415	2.513387503603933	177.3883872977114
950000.0	0.9345871703854557	1.8731259478689821	26.755861354325422
955000.0	0.9252800295897599	1.4049657464851444	124.64942331374422
960000.0	0.8856154326716904	1.2447173755547492	63.97300445237958
965000.0	1.0455182758779549	2.8746469289607006	140.1965990062776
970000.0	1.119329445620881	1.8155709347898836	35.98630513311828
975000.0	0.9792190709336831	4.871070112627886	-16.596068151932332
980000.0	0.9609456611904221	3.410318483127715	176.86315634256957
985000.0	1.0290471729509645	0.524026563427655	-78.8246515326895
990000.0000000001	1.0806139308651574	3.685750318297984	-178.81848384881258
995000.0000000001	1.0564896585615255	4.550368114483934	-168.60543506562257
1000000.0000000001	0.94478400435437	2.6664168759652087	-0.8297272547189362
