0.0	0.28627359588823786	18.04909959915083	0.0
50.0	0.48692377655398983	22.93351324061509	-178.70548607430652
100.0	0.38151988574272166	40.26734871729409	69.35851329480361
150.0	1.0848785941643324	32.61308542588658	23.994680270072923
200.0	1.4679275908352103	30.94828097618629	-27.548355319548985
250.0	0.9095253460435163	38.020004204406675	40.00942733790578
300.0	1.2519040162979176	22.855741592404975	-9.908287150119627
349.99999999999994	1.166454319096736	9.262465041340983	-152.24844537999064
400.0	0.4814491797099906	7.1528173996595	39.04809054823192
449.99999999999994	0.6229556634690839	41.331389541946294	-0.11789886976446597
500.0	1.0337978048129728	25.028013599925714	106.16937269593268
550.0	0.7280092440187594	48.0529483887451	163.794526007978
600.0	0.7373079674425044	38.152223939639136	23.619909998546593
650.0	1.2429670168594078	3.3690422912663016	79.34986786833927
699.9999999999999	1.4113904427176545	10.172613275454827	81.34761595180501
749.9999999999999	1.0278472886896044	30.483256192822953	-72.96782535169366
800.0	1.2494757219663892	19.382694687993652	-150.71893031703573
850.0	1.255649242757347	29.75295121880522	66.15957817676494
899.9999999999999	1.0981124723550433	23.291389768926337	-135.79013639849416
949.9999999999999	0.49392666701578136	7.37402429484777	41.630487218320354
1000.0	1.4100630881489538	12.251716291669169	-4.5173709977151875
1050.0	0.5947964280837369	12.464869219544195	-155.04984062772343
1100.0	0.8222923103302053	30.398670370693896	-70.94511197863592
1150.0	1.1308724016657996	31.29125533951453	-47.25411149413179
1200.0	1.32202190390254	17.159916801384753	24.58775665843286
1250.0	1.2894490187035237	19.791049717544624	-123.25276807092784
1300.0	1.2152041344098496	29.387991767308275	40.61419228881462
1350.0	1.4912656607018493	25.134730493382072	162.87110133885255
1400.0000000000002	1.4061098147580255	22.479915260832126	-161.63239536606108
1449.9999999999998	0.6235740235654649	32.309641437833015	84.72491220955108
1500.0000000000002	1.1013946222907904	17.117758944180743	-46.88770319445873
1549.9999999999998	0.9267994623566068	38.07184970889544	160.13023615673987
1600.0	0.521189609612673	25.774264642422683	-167.56677531588716
1650.0	1.0169278609436512	29.54242870227367	-169.33058179491346
1700.0	1.0983423315943195	18.283113086994653	-138.2046055219293
1750.0	1.0658418818555162	20.7857169999085	161.95543168301322
1800.0000000000002	0.4543241308010515	9.113544793061994	35.80452360770617
1849.9999999999998	1.145070629759841	18.352487452325537	-43.709174581585636
1900.0000000000002	1.0217095404576715	35.91858526273034	-159.87333128650647
1949.9999999999998	0.9832142608517612	22.53518654179125	146.317140219525
2000.0	1.1709677014234596	16.982211656083642	-10.964557606693589
2050.0	1.383927729586588	15.236754770088233	35.10498043302394
2100.0000000000005	0.9083092035925251	27.125160963231416	-101.94587269743138
2150.0	1.2796609568512052	21.26557221270995	95.91815651287853
2200.0000000000005	1.522431971224919	15.983314404197714	107.2453225323551
2250.0	1.1510923568783222	18.022626509182018	-30.44856006812332
2300.0	0.8435326229523483	19.250609065110172	105.43506900523586
2350.0000000000005	0.9397209386161781	34.07880702987704	51.38084041169644
2400.0	0.7476491493568491	27.031081642976357	136.7434814332563
2450.0000000000005	1.0068092521385466	19.554665485779594	110.6110344916637
2500.0	0.7030080203674955	9.693836896448275	138.36752099125428
2550.0000000000005	1.1898830345664522	12.953087665737673	-23.488146024043534
2600.0	1.2637488634421796	20.86262245534156	136.8561857167408
2650.0000000000005	0.7050166904581983	25.10155350460364	-55.190785835809216
2700.0	0.9109841327656585	1.6557601045787111	101.12135334213511
2750.0	1.5311293267398056	12.842374201235598	148.9520992459872
2800.0000000000005	1.4356874910577981	9.683965544406297	-5.511880278579787
2850.0	1.3239798509395841	14.195657564819427	-85.59216738752495
2900.0000000000005	0.6781562497890472	33.3612577699741	-132.2866995470516
2950.0	0.9967542617826702	15.374680464725829	-151.85260344930077
3000.0000000000005	1.561325785939418	7.583283592642938	48.91573047409467
3050.0	1.262319012065619	15.333205341378417	-173.26640181217556
3100.0000000000005	0.9817269903940677	25.319863568107564	123.29009560743216
3150.0000000000005	0.7335774020614333	22.769532010903376	-17.457978554015547
3200.0	1.1018977265770429	32.34414551991941	175.17199938650865
3250.0000000000005	1.15027450225789	25.78190201307131	-131.6063442323913
3300.0	1.2518361547689496	25.52308637047473	179.80218391100593
3350.0000000000005	0.98257258802621	35.42203270333732	-137.81483138996455
3400.0	1.2862410852211479	23.616457870318154	40.056667848528
3450.0000000000005	0.7279048757218932	23.5809096037566	42.03398473637795
3500.0	0.8101728362153374	31.39356857668309	59.381945192757655
3550.0	1.3976831754552876	22.00919458364375	51.22823450741817
3600.0000000000005	0.8961190947341694	19.63499851621523	-149.0541665686546
3650.0	1.1889528649758483	13.417749316131784	-114.92758297181892
3700.0000000000005	1.3408095546387016	16.59270862866399	38.45805432687055
3750.0	0.8562014545670806	27.088027094703303	-135.19050369049984
3800.0000000000005	1.1762539401148706	19.012637280099476	13.569613905596597
3850.0	0.5741044644973086	30.67289745552351	-12.337553693304276
3900.0000000000005	1.2951606917344567	27.712475001017577	161.84025957428491
3950.0	1.3734525606061387	17.358683919267786	-95.79871000466586
4000.0	1.0567665421042032	12.234662848582797	-96.90298189972889
4049.9999999999995	0.6022905560785331	12.02291537878278	-98.04860830387355
4100.0	1.0232709303411085	8.803991922341801	1.085894342421549
4150.000000000001	1.1156677223263203	13.683754221446584	93.01917604648672
4200.000000000001	1.152831717710135	13.363146132077956	-166.22763048808
4250.000000000001	0.9096003933557468	32.740697332298886	135.5450071863988
4300.0	1.403961208787946	17.323562289735754	30.09658422171243
4350.0	1.203421098409569	12.209398492211607	-33.01809556338054
4400.000000000001	1.1260506770533645	18.842690459151218	29.81427863245301
4450.000000000001	0.5985388095233499	20.77811386287072	82.51007506933144
4500.0	1.1658024183738114	19.02481920586293	66.12747355545143
4550.0	1.0791447517103538	21.14322958452375	2.9108204506653816
4600.0	0.8038027546928542	17.558314055468042	141.70160690622382
4650.000000000001	1.0291265613013392	29.112362013534128	-153.63340851279386
4700.000000000001	1.1505560393139056	13.188802792821077	137.21782071685922
4750.0	0.6872763526643237	22.314084966536093	-21.599662946910104
4800.0	0.6651265105457767	10.639660532044863	5.468948597814369
4850.000000000001	1.3574310715021636	10.165728265327829	71.68321903710213
4900.000000000001	1.3418814375031554	15.397692870222196	104.4908355474446
4950.0	0.8103583087720341	12.154858777986243	-16.437823327753723
5000.0	0.693010197972044	9.205249723240136	164.40484766033575
5050.0	1.3011964465095665	11.878693070695146	-135.94153103934892
5100.000000000001	1.2404453763719836	13.30958072816218	174.52171412401157
5150.000000000001	1.1743077067390584	19.971939093966924	42.54575131807305
5200.0	1.231159026209049	22.48533441847902	-3.453296332612174
5250.0	1.2474018812330399	8.464390414223919	-14.139023370214948
5300.000000000001	1.1949009910108035	4.1185370092060145	17.12942461381304
5350.000000000001	1.1603818944202398	16.711976866533604	-0.2406683092454978
5400.0	1.0434034596047876	8.55944794390391	-110.17234010627327
5450.0	0.8361298902697795	12.219922939701716	178.28807857582095
5500.0	0.7378653791303881	27.753478450441673	33.504487461068315
5550.000000000001	1.0246292711490281	14.457367205597851	-165.74242163670445
5600.000000000001	0.6639205379855355	22.914583630281623	140.84212585189977
5650.0	1.1100739699812499	6.524485897484199	-135.64924739277734
5700.0	0.9056620805746087	18.367270677318608	-8.439311498344596
5750.000000000001	1.0740727462763058	15.417916439139892	-87.808931467328
5800.000000000001	1.0797084829026817	10.09324357849482	-97.07019519889009
5850.000000000001	1.1449896060260398	22.019195945673307	-130.64469386417383
5900.0	1.261557658645977	14.437219672274722	-142.96954155797835
5950.0	1.2448638322536134	15.752527162715067	-115.0457569355294
6000.000000000001	1.066465207474535	20.958889353974712	40.36117629154671
6050.000000000001	0.7537463783209993	17.826283980595118	79.1150662257281
6100.0	0.6058238440476109	12.061555464916596	-36.386471088722956
6150.0	0.9166316334908292	8.111432163068912	-4.960814769879735
6200.000000000001	0.5994445106184113	9.765103294112565	-175.9182798326427
6250.000000000001	0.7578587264560013	23.31908437281505	139.37151497449673
6300.000000000001	1.4195596143679488	5.948685025977873	112.03085448371982
6350.0	1.2504446943494811	14.02506706850611	170.718735748843
6400.0	1.0891408176214055	10.543667263799636	13.069425374193258
6450.000000000001	1.3638509791907754	11.143781698404316	123.61056257492854
6500.000000000001	0.8984335707681493	7.225729305243671	24.341114661318404
6550.0	1.1760820612101361	8.575348433199942	2.9040608533010057
6600.0	0.8410800700476512	12.19348911857151	137.68752589669654
6650.000000000001	1.2352408476927055	7.069274376261853	-24.098039471006015
6700.000000000001	1.1201331322833692	15.04327863267408	28.692712266309147
6750.000000000001	0.9736048685365933	14.77842085977006	-58.08874758881154
6800.0	1.2110801720431918	18.47436099459402	92.66553055758654
6850.0	1.0656903831165871	21.004001775114414	76.75876164692443
6900.000000000001	1.0619381071288492	23.33747548437413	-43.35880874713747
6950.000000000001	0.9346374334621249	21.480752076803377	-95.45231781583755
7000.0	1.2242887339238302	15.369382665327713	87.79895065149445
7050.0	1.1623715343231598	17.61475709253378	-69.72140286645998
7100.0	0.969834786345138	19.393568781185394	-63.998774461678124
7150.000000000001	1.062017789199257	15.996070801331605	121.2324110430904
7200.000000000001	0.8441236670218137	15.454749554974995	-179.6646444158261
7250.0	0.9766691361830206	20.30969523020572	166.25463235291062
7300.0	0.9251515359626484	14.990483663001147	150.6532610770542
7350.000000000001	1.102826242353961	10.623323306045327	-119.34596195798873
7400.000000000001	1.0898879841033347	6.543759207559586	-71.12114634217538
7450.0	0.9143652380994093	15.60848965427137	-154.37985596751125
7500.0	1.1691314996542814	6.874587792280068	63.20389942725654
7550.0	0.9983059161643375	17.771696305174498	41.542738037792034
7600.000000000001	1.2139473569502537	3.2324377980007353	-61.785364754902034
7650.000000000001	0.8494702656104296	12.48638860441934	1.354058775997453
7700.0	0.9993413588279153	14.7542151485254	-61.2052759841816
7750.0	1.2852745247791	2.225764839127163	-109.16069882787065
7800.000000000001	1.1993361188383376	3.2793360181258095	-48.718869353793146
7850.000000000001	0.9886527257743268	4.321457055764093	-172.9238101210271
7900.0	1.2149137210051524	6.491402929291334	34.6150282709102
7950.0	0.9346743846156109	12.6715512909302	-29.64888087170586
8000.0	0.9272377418268544	9.15387691755002	-105.15625847238934
8050.000000000001	0.9185729018190678	15.677904116788328	4.475176121831623
8099.999999999999	1.0887482998065277	7.377598062286517	-55.355638778508585
8150.0	0.7730799221147422	12.862170463267613	-76.38049821592558
8200.0	0.895546575072999	16.74839590861124	-78.49396927511717
8250.0	1.025899969715832	11.367937448760882	85.68574067465154
8299.999999999998	0.9104041933779607	15.677965906248332	-162.31671578597226
8350.000000000002	1.160924014377528	9.53144482840459	-159.1940176362157
8399.999999999998	0.9855239321444225	9.95757128629592	-95.44632696065821
8450.000000000002	1.0291895230877464	15.679329246163327	16.50797105486597
8499.999999999998	1.0879096668708579	9.190856358663362	-113.94338303721365
8550.0	0.8056467834879146	11.71409861137477	-72.564099555273
8600.0	1.0114464692220784	18.304457940062157	-32.020537854872565
8650.0	0.8905822730526243	10.60077327753999	-99.44677545788741
8700.0	1.0117990508242356	11.605748962093267	119.75912333863575
8750.0	0.8327528767614235	16.741980053006124	-102.40012522204957
8799.999999999998	0.9734641490550069	14.609487271563324	40.054922161211145
8850.000000000002	0.8633518950791735	8.791863594040432	-138.92501215689813
8899.999999999998	1.1030150772896699	12.780346136310417	-13.208435382277733
8950.000000000002	1.1813225277408665	11.334730984418682	125.97346634176873
9000.0	1.0129561186163467	14.338344157523297	-109.70974343967258
9050.0	0.8995743492313303	10.063411847933928	76.86593138536327
9100.0	1.1908348117332714	8.502290601871005	149.67995111051718
9150.0	0.8409687559518327	14.476489524828185	-78.91455777202653
9200.0	1.147193212931827	9.511980042195715	16.25433789215914
9249.999999999998	0.9198105137575562	14.759484933583346	130.24282402361283
9300.000000000002	1.0030139088874803	9.860797145745158	-137.51428186331884
9349.999999999998	1.152134826442622	12.256362168909655	-70.78114806381615
9400.000000000002	0.9380129922686341	9.442927536543783	29.993096049915742
9450.0	0.867135414981485	14.497655812486695	80.23408997517845
9500.0	0.8339954568901907	13.507101979779788	151.8350094213244
9550.0	0.8617890025377698	9.691348260436982	-137.12167867728732
9600.0	1.1596765296504499	11.265462373371587	-64.95029860046472
9650.0	1.0792960283103574	13.186791122536961	-1.9544457429283928
9699.999999999998	1.0195288740536959	11.744297008736908	99.86946290740521
9750.000000000002	1.0933038300811448	8.924222661310466	143.6849195999936
9799.999999999998	0.8635115882974379	12.787491099747617	-137.79438086912563
9850.000000000002	1.0911417968523498	9.957008260397181	-89.51353328764388
9900.0	0.9974864487746689	13.36291116723106	-6.628356849483114
9950.0	1.0435989175689724	9.695011425800951	61.70619917159144
10000.0	0.9304497933466888	12.087815201703483	88.31487090694674
