0.0	0.7619801088787276	142.5152912836905	0.0
50.0	0.7847213671123868	145.9193495269058	92.59268125795879
100.0	0.7049611011206155	141.07196382712138	-156.68579247738126
150.0	0.7717945840710291	134.82536004175026	-0.0691918476468555
200.0	0.7237606343484305	135.1021631768822	172.27233791405408
250.0	0.7258697831740887	131.6461469353188	-11.255800807665572
300.0	0.6894017297267301	133.3773323909664	168.9179873339594
349.99999999999994	0.8253626878912497	110.64770733406738	-152.4034647808628
400.0	0.968914810342997	108.7648717173128	64.66553506932631
449.99999999999994	1.0260686518424968	95.5904073637395	-8.21233369443002
500.0	0.9873688333121804	102.5374055815694	138.52473108022804
550.0	0.9025793390888356	103.73083146268826	-62.81180745783561
600.0	1.080313115414555	92.87760824537834	120.09321056077938
650.0	1.053123253643811	97.74075912775415	-47.952144371976175
699.9999999999999	1.0423079619140236	97.80395468576573	61.729108773053255
749.9999999999999	1.0848498517485503	91.50806066269557	110.08949963805168
800.0	1.0628833509443014	84.2704085272717	-173.50508784246983
850.0	1.1235254727759576	83.58954929382504	176.91178212557293
899.9999999999999	1.035734354361221	88.82676086260552	-169.75745176994567
949.9999999999999	1.06158124492001	86.40538516299632	133.4072193689182
1000.0	1.1561276581436706	85.0771118500496	108.03860284323889
1050.0	1.055219708925114	93.88059207162341	27.079679429426776
1100.0	1.0837601092470068	89.95174801803053	-26.793083130077022
1150.0	0.9377991050676486	92.40594181909064	-109.90696910952802
1200.0	1.108191133672628	73.92483162883232	168.17259852727267
1250.0	1.0677727549339895	89.64825039191011	76.66421193633967
1300.0	0.902157560123683	94.18313044858442	-32.60935493090302
1350.0	1.0479861174154084	82.36837777821043	-152.57358040039676
1400.0000000000002	1.1273143675047328	85.65519890686986	60.07896109298241
1449.9999999999998	1.1008328399288314	82.1847005972645	-105.90948143388262
1500.0000000000002	1.012537095666109	92.43128860774945	64.47291482038838
1549.9999999999998	1.1017915626519506	73.93494114667848	-136.02485369033357
1600.0	1.108281233112844	76.7620686437529	13.032448279709298
1650.0	1.0937732279220245	71.13787913548944	139.36419860931602
1700.0	1.2437050951478315	79.99579615864039	-78.56618841921227
1750.0	1.057716004787989	86.37082491968764	54.74047910958575
1800.0000000000002	1.233474074316991	69.80772536524752	138.54416576450714
1849.9999999999998	1.1395290602666903	71.91719778411355	-141.44591934650126
1900.0000000000002	1.1427785453580952	80.70971138738555	-69.87729127970775
1949.9999999999998	1.0883579401046495	78.52764949544715	-11.206545075117658
2000.0	1.1264591793780772	79.17177902567035	38.13230941503753
2050.0	0.9991552353348756	87.50899014495285	72.04201128179605
2100.0000000000005	1.216541024061045	72.79426819894758	49.56546826511327
2150.0	0.8568976273285936	79.46232994156775	-9.281517262932853
2200.0000000000005	0.819353758732396	81.24690403439915	-26.90567294972912
2250.0	0.964997821787465	79.14595793428768	-25.012127290847687
2300.0	1.3072611790968098	58.54752168970994	-166.62127907197635
2350.0000000000005	0.9821533738521463	79.40795525132856	-71.67848477575153
2400.0	1.1409439554964906	75.21541205313379	-38.522651546895496
2450.0000000000005	1.3673746067400685	63.541358277112764	70.47552476566973
2500.0	1.0128153384387217	79.23111926565387	-83.11967764914321
2550.0000000000005	0.7556680782058572	91.8041354942284	113.24099366160482
2600.0	1.2948291653554942	71.19532021361454	-123.11984523409855
2650.0000000000005	1.1408848923383947	71.73776686756077	91.02037353980923
2700.0	0.9587920434400301	82.35463308549282	-77.49292713166165
2750.0	1.2923077258566265	66.8955509768076	47.394320334596365
2800.0000000000005	0.7060167398172796	88.78327857551275	179.39283259868978
2850.0	1.1184997333183795	73.78464061118724	-59.1575154883075
2900.0000000000005	1.2466402681470619	63.063741256354085	54.02075656761816
2950.0	1.2762596375267516	64.03599842646004	157.85150402170018
3000.0000000000005	1.0623448176200865	69.18859315820747	-107.00226020319295
3050.0	0.7272531911508099	83.90367668445404	-24.842095353649018
3100.0000000000005	1.3178831032102205	64.31853715838506	48.33079333301195
3150.0000000000005	0.8839457737280004	82.86803872922066	108.17482365316421
3200.0	1.18174192290924	68.9030541183456	137.0232980598073
3250.0000000000005	1.2372274217033996	64.76734759016364	146.75910105997391
3300.0	1.1261000776893806	67.35054655467549	152.62497059519328
3350.0000000000005	0.8896202433193188	77.7458267394856	145.58778556658856
3400.0	0.8147840218538078	76.6307347946256	121.8479475470467
3450.0000000000005	1.3926043946390168	61.007197515684	98.51124787077842
3500.0	0.8838686292728772	78.68748583968494	58.40904968948397
3550.0	1.0040625760534714	67.58169128152336	6.105310205354959
3600.0000000000005	1.3621859141994113	60.83400700990916	-62.95470913733922
3650.0	1.2688690246782033	60.94173638899556	-138.19946168166112
3700.0000000000005	0.8954549840134357	81.80049565916053	96.96774648405312
3750.0	1.1661849180731394	52.174577585015804	-27.95663095884545
3800.0000000000005	1.079238158838198	71.55439881209617	-38.990401516536394
3850.0	1.22650694536675	60.60097396046682	12.51633351412403
3900.0000000000005	0.6618921859337806	82.70938407669009	-25.412468483791855
3950.0	0.4755174408673165	93.49613349326513	-99.00609556153664
4000.0	0.7304557119777606	77.06158012037334	-140.5381933333419
4049.9999999999995	1.4965033118763278	48.786837228455845	-90.54902602528617
4100.0	0.5862169302172465	71.82867430398316	-49.274485374305584
4150.000000000001	1.3235096022027855	51.98085578273801	71.66131097570756
4200.000000000001	1.2589539703313277	52.53557824156741	-58.11978819788189
4250.000000000001	0.4550383453627708	76.57829926151715	131.71863871461923
4300.0	0.32294577178696804	97.56882280169587	19.513778567406245
4350.0	0.2909386584104994	92.87098857499461	-32.09740977668451
4400.000000000001	0.8426343255113027	58.643368461766755	-161.92723416848517
4450.000000000001	1.5350422367450962	33.39198226883729	-7.093438793617909
4500.0	1.026408945738946	60.81549074784643	142.25038163083258
4550.0	1.378047679355448	50.312394396669255	56.72097103173258
4600.0	0.9574203214354907	49.482753919862056	-176.5874641600096
4650.000000000001	1.0413502874293528	64.59644953438122	-176.97517202251146
4700.000000000001	1.3051661774001106	57.55377658954243	162.04332017125145
4750.0	1.4691799544954962	51.62810966917403	64.91627466356947
4800.0	0.5938449823701818	75.5863981313124	-140.2545363436407
4850.000000000001	0.8275181681147665	57.1819002561687	-173.36359498196668
4900.000000000001	1.0967251355440533	64.38440712562344	-46.831644260797496
4950.0	0.6452277322137886	67.18768989796065	-146.04912748028252
5000.0	1.3599116743851218	52.21527945223009	179.9077606708967
5050.0	1.819876428327987	28.49425479029291	-109.06555003469957
5100.000000000001	0.7308085187474117	65.89880978648651	-64.66945235900742
5150.000000000001	1.4107014244328002	45.33955936239556	125.69034948342254
5200.0	2.004157753584458	17.197320485265504	40.00244014038059
5250.0	1.7696278962730094	25.890405678616574	-158.64264364474263
5300.000000000001	1.4934264543858844	43.771888346615555	-22.81470874161077
5350.000000000001	1.6530230484021897	31.254974610339044	-31.970348251201454
5400.0	1.476155207328699	33.460684018381244	110.98263642612615
5450.0	1.0710836087863878	56.122256505973276	95.11074135570423
5500.0	1.0942008791726863	52.7414019500093	80.8511481183701
5550.000000000001	1.4717501919708311	41.11048298208488	172.71531601212004
5600.000000000001	1.3741604828244385	45.44915971685695	77.8750035747089
5650.0	1.4056448314243284	46.6453367146392	10.045165097211436
5700.0	0.885146419683549	56.56389636505535	54.518827506721756
5750.000000000001	1.5249357704457653	36.69389339384283	113.37538766722766
5800.000000000001	1.3111507807372451	35.802909948120416	-177.12093643124715
5850.000000000001	1.7426746544266152	30.433188545376	136.8963677737631
5900.0	1.4177723009185879	45.76958094117035	36.90315422765714
5950.0	0.5500777484985181	74.58921966555863	56.78106832424498
6000.000000000001	1.4935755674297153	32.898686567161405	41.8920463687104
6050.000000000001	0.32420017033309967	52.443642411367215	152.82566906508475
6100.0	0.7277719056238089	72.52594233492057	166.19431330565945
6150.0	1.3709265296741076	50.153980760463526	-135.32601495556932
6200.000000000001	1.6371833883988516	18.217330490894142	-15.374096754110106
6250.000000000001	1.159650854812173	38.031939609598055	95.37609911253008
6300.000000000001	0.4688996074023801	51.630809413275884	-34.59617529739831
6350.0	1.1108672372235675	45.22622057653011	58.32118645834567
6400.0	1.2342630256846046	47.1411831153641	72.75395088617829
6450.000000000001	0.9496628458511286	49.92091540873199	108.03641553316504
6500.000000000001	1.0109516249910553	50.869601440088765	-102.78821635437185
6550.0	0.7787042510403566	64.73904567289479	46.03481445969523
6600.0	0.8809670273301641	53.4997559474945	-150.81760700008877
6650.000000000001	1.0084294635812916	53.13138300230702	101.41524560994704
6700.000000000001	1.203459901786455	42.69395914083312	-169.65560293645274
6750.000000000001	1.0009477741482364	36.58893343593064	-3.9317201858370505
6800.0	0.8355376215440504	37.99584629346511	-39.612340559564124
6850.0	0.7396611722507109	36.4312420490506	1.2497025589694117
6900.000000000001	1.338454213646634	45.090969005295904	-42.29764617209484
6950.000000000001	0.6704336480603087	49.240297818551895	-87.69089390492518
7000.0	1.275931793449186	35.27537668779949	-28.87893623076244
7050.0	1.3886006947114247	19.866000477680643	170.43175197823857
7100.0	1.6705749472561409	17.14061703630859	-153.6285181041737
7150.000000000001	1.0949382448066538	29.296469600347958	125.28280366922064
7200.000000000001	0.8227002871152677	49.297003932679274	-101.24567101118069
7250.0	1.2491507869451253	33.40400662784374	51.372228403902916
7300.0	1.102520867836182	46.12675461635509	-36.8528025205485
7350.000000000001	0.9647786232186499	55.28943413837515	-0.6164195181590085
7400.000000000001	1.224334931827268	41.88368922756977	-103.54059758661114
7450.0	1.516669378001305	25.985468283960618	-97.59742990262271
7500.0	1.31853361185642	33.438186535658765	-54.247038383721545
7550.0	0.8358904002702441	34.67134672736802	-98.61834432028235
7600.000000000001	1.4916625207627299	33.27212415586596	-88.49211952263398
7650.000000000001	1.239042528745782	35.05934972882504	-172.61522713713072
7700.0	1.4072980200328404	23.598679444035735	0.9639063106538622
7750.0	0.7471972545328742	23.881349038435054	-98.09361026720312
7800.000000000001	0.5082735089895047	52.595518673734304	-80.61224520727176
7850.000000000001	1.052236226485429	42.51077938695572	-113.5488968806957
7900.0	1.172660828652019	19.89779661721322	-54.69041462043479
7950.0	1.3321923920643064	30.59256652470302	-53.84640828168673
8000.0	1.3564736420517074	29.261367176490484	25.52526613543377
8050.000000000001	0.6175791148616798	53.80799636206148	-35.71323079553821
8099.999999999999	0.9525818838516497	44.69958782297118	170.18326581307338
8150.0	1.4311148428377327	36.684052340905126	9.367287994204759
8200.0	1.486918456392532	20.205468202793263	89.63574152339635
8250.0	1.5203798916187998	26.55665587201664	16.829078302764955
8299.999999999998	1.2681677269294154	25.11354058999345	-52.178475191679354
8350.000000000002	1.5004256306830095	31.476566383987812	164.18534521499225
8399.999999999998	0.8345721958935609	43.10110237283203	-112.50134024377752
8450.000000000002	1.3813908125763494	33.35668504416334	3.142510439587124
8499.999999999998	0.9551635774506495	30.595699346153896	21.651919895157942
8550.0	1.4349788838055173	23.209449031210994	41.96480043571056
8600.0	1.2935632115083315	22.22816619999641	-114.41471119303931
8650.0	0.6313417772146745	49.26521585457283	-170.6580773200812
8700.0	1.3020856944692798	30.791063848303537	130.9479305696516
8750.0	1.38596008397312	8.144475191192265	-106.09080471617916
8799.999999999998	1.2879756573660788	16.032004911789755	-56.24559512919791
8850.000000000002	0.8093067616429717	18.09842001188843	115.41115813020897
8899.999999999998	1.2988455711658191	23.876731435192593	-67.8444224353009
8950.000000000002	1.1813428358447988	29.992002821548127	58.280101177143514
9000.0	0.6802810089221409	39.88058892739041	168.40556809101074
9050.0	1.3931852262078477	24.98868949915425	-165.98099986616236
9100.0	1.4562537889888079	19.76792026219085	138.35969905144725
9150.0	1.5597145440918185	13.834249846379883	96.68305360176572
9200.0	0.908959020867214	25.75383275241401	78.2187450271106
9249.999999999998	1.154466627085481	21.2605011879927	81.18201880901066
9300.000000000002	1.1475064293408122	23.589927225521283	-87.37272261954799
9349.999999999998	0.8132288284429325	41.71449654801312	-54.636500493529184
9400.000000000002	0.9042035295848844	27.305750992516163	111.41448999186773
9450.0	0.6659719896339852	17.650827619183236	50.31275766686093
9500.0	1.3682195702453823	32.40585425547966	-126.00385993932018
9550.0	1.2546132873698932	14.262499796597213	-98.76216587824071
9600.0	1.395063248359986	26.526442848321928	-152.73657268127943
9650.0	0.7603747483532555	44.19368993013147	-79.00755164536581
9699.999999999998	1.3299716425194383	31.64439302736321	121.11668837868703
9750.000000000002	1.299836745856265	8.361761704004682	59.387064400442064
9799.999999999998	0.9229479724096856	39.24158990008462	129.22296166396862
9850.000000000002	0.39557557392673615	29.14558151117882	79.10255655996988
9900.0	0.9033564964498524	32.18337124962425	-107.27541431992961
9950.0	0.8587287091903504	12.701533764561747	-99.04928350870296
10000.0	1.232709430354152	12.352122417319805	-144.69916361622379
