0.0	0.6209476005032153	149.40672788263424	0.0
1507.537688442211	0.5498173654802309	145.96266303082598	1.1108352769160488e-05
3015.075376884422	0.4845412181553514	141.79222944026793	3.7769300648421554e-05
4522.613065326632	0.4255330343925793	136.6970581578646	7.467310670203915e-05
6030.150753768844	0.3734451097150798	130.44092830024076	0.0001142107650918032
7537.688442211054	0.32921754145732274	122.78150289279132	0.00014816511401317693
9045.226130653265	0.29406039161164094	113.55914459007661	0.0001695320282508046
10552.763819095477	0.26925734823658987	102.85997605416262	0.00017407086243299838
12060.301507537688	0.25569712823442814	91.18214952860609	0.00016124425005100852
13567.8391959799	0.2532811896924658	79.40407089628634	0.00013434037174497873
15075.376884422109	0.26068323999274073	68.4480807129281	9.975125623681516e-05
16582.91457286432	0.275749603744824	58.903380528565016	6.55659755000914e-05
18090.452261306535	0.2961915070829406	50.929990960983254	3.9788564601390176e-05
19597.989949748742	0.32006411028924714	44.40329612395991	2.857375403657998e-05
21105.527638190953	0.34591002901839163	39.08821935987968	3.4870044085151684e-05
22613.06532663317	0.37270829392326027	34.743297807903225	5.77697095970563e-05
24120.603015075376	0.39976773624740214	31.16149050096862	9.270906176007475e-05
25628.14070351759	0.42662877396793764	28.178043103937735	0.00013247446437454443
27135.6783919598	0.4529896960565692	25.665878670936795	0.00016879179678680145
28643.21608040201	0.47865552873395095	23.527990877000043	0.00019414903019475982
30150.753768844224	0.5035036085674053	21.690310038419806	0.00020345057379148182
31658.291457286432	0.5274605679293881	20.095956722278682	0.00019513895541424156
33165.82914572864	0.5504868878893799	18.700883167186667	0.00017153862017099214
34673.36683417086	0.5725664330592405	17.470648358126606	0.00013834361697085003
36180.904522613055	0.5936992789624469	16.37805165300709	0.00010336476890879142
37688.44221105528	0.6138967359413361	15.401396011140168	7.480969468808385e-05
39195.979899497484	0.6331778561353276	14.523207275343735	5.947596176086842e-05
40703.5175879397	0.6515669548965041	13.729282904706306	6.12549927842705e-05
42211.05527638191	0.66909183526618	13.007979358684146	8.02751204792541e-05
43718.59296482413	0.6857825059656384	12.349673368375756	0.00011287384737773221
45226.13065326632	0.7016702500530142	11.746350831660386	0.00015240504319415234
46733.668341708544	0.7167869456249707	11.191290156181575	0.00019070320066159427
48241.20603015075	0.7311645696414075	10.678816102811497	0.0002198781602441394
49748.74371859296	0.7448348361406463	10.204106835388128	0.00023405775223091026
51256.28140703518	0.7578289339909209	9.763041309912461	0.00023067166721950643
52763.819095477375	0.7701773389641843	9.35207781941024	0.00021102485677331948
54271.3567839196	0.7819096816808995	8.968156527503423	0.00018000594039490163
55778.8944723618	0.7930546577622205	8.608620841197203	0.00014501158973219636
57286.43216080402	0.8036399699562956	8.271153570908867	0.00011431467496503134
58793.96984924623	0.8136922944907811	7.95372487951345	9.52518462717128e-05
60301.50753768845	0.8232372657354402	7.654549468748188	9.259879263000065e-05
61809.04522613064	0.8322994746310898	7.37205128354398	0.00010752444157632852
63316.582914572864	0.8409024773892091	7.104834144568011	0.00013733272078705747
64824.120603015086	0.8490688117791227	6.851657153751244	0.00017605297354772567
66331.65829145728	0.8568200189549837	6.61141400123305	0.00021576162636781422
67839.19597989951	0.8641766692720696	6.383115359065267	0.0002483221916770153
69346.73366834172	0.8711583909275478	6.165873850893219	0.0002671713682631231
70854.27135678392	0.877783900548013	5.958891218023223	0.00026877091983127873
72361.80904522614	0.8840710350681994	5.761447266118715	0.00025338476082452366
73869.34673366834	0.8900367843887983	5.572890361663242	0.00022501700473589125
75376.88442211055	0.8956973244119363	5.392629306679245	0.00019053589495934993
76884.42211055275	0.9010680501189152	5.2201263395650095	0.00015815747228865165
78391.95979899497	0.9061636084092559	5.054891122823882	0.0001356266018878853
79899.4974874372	0.9109979304571483	4.89647574017107	0.00012854453567748725
81407.0351758794	0.9155842633820556	4.74447011832804	0.00013909245923585055
82914.57286432161	0.9199352010670715	4.598498302255934	0.00016558219355292166
84422.11055276381	0.9240627140038298	4.458215078519688	0.00020282791051748743
85929.64824120603	0.927978178082658	4.323302889433098	0.00024326469107619468
87437.18592964826	0.9316924022904172	4.193469210865964	0.00027863792718827395
88944.72361809044	0.9352156553125617	4.068444007181518	0.0003017951070875939
90452.26130653267	0.9385576910610265	3.947977654915178	0.00030830307496910125
91959.79899497489	0.9417277731675606	3.831838699262481	0.00029736144312572324
93467.33668341709	0.9447346984864152	3.7198122608325037	0.000272040712903858
94974.87437185929	0.9475868196479135	3.611698279005966	0.00023855809425359662
96482.4120603015	0.9502920666952833	3.5073102867602133	0.00020495870971091218
97989.94974874373	0.9528579678258099	3.406473949183192	0.00017926980617411815
99497.48743718592	0.9552916692498227	3.3090263841077467	0.00016782836909720475
101005.02512562815	0.9575999541725392	3.214814944125641	0.00017379216051860593
102512.56281407036	0.9597892609042548	3.1236967174071	0.00019651748767978423
104020.10050251256	0.9618657001081705	3.0355376709866926	0.00023165642654903582
105527.63819095478	0.9638350712016203	2.950212159230469	0.0002721538186191593
107035.17587939698	0.9657028779393295	2.8676020554497543	0.0003097350505210124
108542.7135678392	0.9674743432128912	2.7875964840998053	0.00033681731875296423
110050.25125628142	0.9691544231110261	2.710090874175805	0.00034808013210222186
111557.7889447236	0.9707478202868712	2.634986761606596	0.0003417414228559398
113065.32663316581	0.9722589966796084	2.5621908780814158	0.00031983426739167647
114572.86432160804	0.9736921856324313	2.4916150878521464	0.0002878833267075193
116080.40201005025	0.9750514034423718	2.4231756033661966	0.0002535732862180682
117587.93969849245	0.9763404603699782	2.3567928944637346	0.00022513198727632474
119095.47738693467	0.9775629711301775	2.2923913113701495	0.00020948737665957054
120603.0150753769	0.9787223648778759	2.229898934097939	0.00021076132919595447
122110.55276381908	0.9798218947020304	2.1692473544991597	0.00022935726805056432
123618.09045226131	0.980864646638978	2.110371437978862	0.00026184038509956704
125125.62814070353	0.9818535482199369	2.0532093575537047	0.00030176231123478324
126633.16582914573	0.9827913765698169	1.9977020755970125	0.0003409728328760761
128140.70351758793	0.9836807660795209	1.943793583014759	0.0003715360704209447
129648.24120603014	0.9845242156757716	1.8914303985863268	0.0003873961649083075
131155.77889447234	0.9853240957165268	1.8405615007901144	0.00038574014480513384
132663.31658291456	0.9860826545364849	1.7911380855609722	0.00036762049611865737
134170.85427135677	0.9868020246696563	1.7431133263715934	0.00033769867733409885
135678.39195979902	0.9874842287679345	1.6964422961504737	0.000303245571851144
137185.92964824123	0.9881311852337927	1.6510817665187236	0.0002725196459000596
138693.46733668345	0.9887447135795339	1.6069901573491105	0.00025295998043578716
140201.00502512566	0.9893265395238157	1.564127521733559	0.00024955953634741424
141708.54271356785	0.9898782998329005	1.5224554340276029	0.00026374567926465826
143216.08040201006	0.9904015469128316	1.4819369309280845	0.0002930574304896757
144723.61809045228	0.9908977531618292	1.4425368126465314	0.00033179041002689416
146231.15577889446	0.991368315090499	1.404220798239779	0.00037202179918510497
147738.69346733668	0.9918145572221668	1.3669563966652356	0.0004056238884464031
149246.2311557789	0.992237735784745	1.3307120765958294	0.0004258307964708619
150753.7688442211	0.9926390422092463	1.2954579046103893	0.00042894557747550065
152261.30653266335	0.9930196064471981	1.2611646314697376	0.00041491788791372334
153768.8442211055	0.9933805001209612	1.2278042167834315	0.0003875404746116547
155276.38190954772	0.9937227395176395	1.1953494176490007	0.00035349897506956166
156783.91959798994	0.9940472884371534	1.1637740512916235	0.000321016499527455
158291.45728643218	0.9943550608997521	1.133052374113405	0.0002978552928613216
159798.9949748744	0.9946469237210696	1.1031599762299202	0.0002898838239800171
161306.5326633166	0.9949236989566518	1.0740726263496263	0.0002994465018776297
162814.0703517588	0.995186166221493	1.0457674874921883	0.00032520088542138664
164321.608040201	0.9954350648874558	1.0182222718512393	0.00036216666442971933
165829.14572864323	0.9956710961636647	0.9914151699334612	0.0004028207069348058
167336.68341708544	0.9958949250647142	0.9653256088679009	0.00043895136963104976
168844.22110552763	0.9961071822736005	0.9399333149748126	0.00046323160426044814
170351.75879396984	0.9963084659052716	0.9152192539654026	0.00047108938368764026
171859.29648241206	0.9964993431782777	0.8911644338033503	0.0004614185882732936
173366.83417085427	0.9966803520015861	0.8677508776560562	0.00043709234146924045
174874.37185929652	0.9968520024811584	0.8449604875705139	0.0004040327046659964
176381.90954773867	0.9970147783527383	0.8227764809108	0.00037031820073272825
177889.4472361809	0.9971691383447725	0.8011819734299916	0.00034401101216707304
179396.98492462313	0.9973155174728855	0.7801608901563499	0.0003316390319187295
180904.52261306535	0.9974543282696691	0.7596968999438516	0.00033647131054090633
182412.06030150756	0.9975859619519969	0.739775247421486	0.00035828761588579825
183919.59798994978	0.9977107895269164	0.7203807920256119	0.00039289734203363445
185427.13567839196	0.9978291628380567	0.7014991173294635	0.00043335740239629293
186934.67336683418	0.9979414155563775	0.6831165952713611	0.00047152550388545125
188442.2110552764	0.9980478641168645	0.6652192998287937	0.0004995582089288835
189949.74874371858	0.9981488086055027	0.6477946840473288	0.0005121222569484129
191457.2864321608	0.998244533599901	0.6308295936984626	0.0005069952820242975
192964.824120603	0.9983353089658111	0.6143120098590062	0.00048606814474215244
194472.36180904522	0.9984213906144961	0.5982300132405713	0.0004546502823199933
195979.89949748747	0.9985030212221043	0.5825718266628255	0.00042031665331408356
197487.43718592968	0.9985804309132515	0.5673258072538022	0.0003912444166128297
198994.97487437184	0.998653837911526	0.5524815128054291	0.0003746937711470183
200502.51256281405	0.9987234491565381	0.5380274238312801	0.00037478811958167424
202010.0502512563	0.9987894608908525	0.5239537722942753	0.000392411263502345
203517.5879396985	0.9988520592148291	0.5102496045813005	0.0004241641362949584
205025.12562814073	0.9989114206128951	0.49690532425117856	0.00046381763722564133
206532.6633165829	0.998967712450863	0.4839114731132165	0.0005033643007589855
208040.20100502513	0.999021093447185	0.4712587103389543	0.000534769607183786
209547.73869346734	0.9990717141181826	0.45893804196447013	0.0005518101010352819
211055.27638190956	0.999119717199661	0.4469407573403578	0.0005514338331250766
212562.81407035174	0.9991652380471028	0.43525813566422455	0.0005343602150521476
214070.35175879396	0.9992084050155223	0.42388165477092	0.0005049806786667639
215577.88944723617	0.9992493398202886	0.412803988271767	0.00047064701475427846
217085.4271356784	0.9992881578803985	0.4020167467738474	0.0004394566225504514
218592.96482412063	0.9993249686441645	0.3915120450950363	0.00041894487342554124
220100.50251256285	0.9993598758992382	0.3812829280034627	0.000414434545790347
221608.040201005	0.9993929780668512	0.3713216096860145	0.0004275134609027153
223115.57788944725	0.999424368480277	0.36162085492266605	0.0004559269502613071
224623.11557788946	0.999454135649249	0.3521746068938585	0.0004943569708318696
226130.65326633168	0.9994823635097427	0.34297518685234585	0.0005347747036319567
227638.1909547739	0.9995091316601125	0.3340161997848997	0.0005689825313994201
229145.72864321608	0.9995345155850488	0.32529185707907204	0.0005902734307582669
230653.2663316583	0.9995585868672673	0.31679599899382466	0.0005946431228574826
232160.8040201005	0.9995814133877426	0.30852245122866845	0.0005817651148542329
233668.34170854272	0.9996030595167126	0.30046532257637604	0.0005551452845317072
235175.8793969849	0.9996235862943351	0.29261896551207955	0.0005213415051529731
236683.41708542712	0.9996430516024372	0.2849778819430835	0.00048849625103491
238190.95477386934	0.9996615103284481	0.27753668304529117	0.0004645346878496066
239698.49246231158	0.9996790145206247	0.270290084067182	0.0004554190166271301
241206.0301507538	0.9996956135354106	0.2632329101049088	0.0004638363366969899
242713.567839196	0.9997113541773371	0.25636011345806115	0.0004886091508625435
244221.10552763817	0.9997262808318165	0.2496668169770154	0.0005249630667124118
245728.6432160804	0.9997404355904594	0.2431483771434465	0.0005655933589323799
247236.18090452263	0.9997538583695116	0.23680039103097164	0.0006022787547825363
248743.71859296484	0.9997665870223452	0.230618529308157	0.0006276572354767297
250251.25628140706	0.9997786574453934	0.22459826267052327	0.0006367845400316507
251758.79396984924	0.9997901036788434	0.2187349308172063	0.0006282376632829786
253266.33165829146	0.9998009580026704	0.21302442140975247	0.0006045870170601325
254773.86934673367	0.9998112510266353	0.20746348276258658	0.0005719013103306277
256281.40703517586	0.9998210117764773	0.20204850701175983	0.0005381201546731727
257788.94472361807	0.999830267776256	0.19677464549414025	0.0005111127790146829
259296.48241206023	0.9998390451262197	0.19163785631269323	0.0004974555683266564
260804.0201005025	0.9998473685771161	0.18663596218131712	0.0005012035857806171
262311.5577889447	0.9998552615993214	0.18176516852511473	0.0005221274767675661
263819.09547738684	0.9998627464502315	0.17702039989860147	0.0005559157281162179
265326.6331658291	0.9998698442367623	0.17239987626148132	0.0005962326712323614
266834.1708542713	0.9998765749750083	0.16790087409573992	0.0006349772098153648
268341.70854271355	0.9998829576465803	0.16351793255016486	0.0006637336456702831
269849.24623115576	0.9998890102517423	0.15925003265829285	0.000677407303302207
271356.7839195979	0.9998947498598573	0.15509427926226244	0.000673638059693835
272864.3216080402	0.9999001926579163	0.15104545855709928	0.000653388091777991
274371.85929648235	0.9999053539954804	0.14710390878271223	0.0006226211035149044
275879.3969849246	0.9999102484276898	0.14326471777430283	0.0005881932867689615
277386.9346733668	0.9999148897562053	0.13952514729914606	0.0005584335802659339
278894.47236180905	0.9999192910695945	0.13588489218861863	0.0005411221723353151
280402.0100502512	0.9999234647788443	0.13233762103982966	0.0005398099313412815
281909.5477386934	0.9999274226530909	0.1288847525587791	0.0005565110128475696
283417.0854271357	0.999931175852956	0.1255209603428164	0.000587423463155964
284924.62311557785	0.9999347349623117	0.12224495787644121	0.0006267970113190732
286432.16080402	0.9999381100183482	0.11905544929662404	0.0006668161915086093
287939.6984924623	0.9999413105388587	0.11594731191484509	0.0006986856639097185
289447.23618090444	0.999944345550381	0.11292268921560925	0.0007171420867585786
290954.7738693467	0.999947223612599	0.109974384823371	0.000717503591001989
292462.3115577889	0.9999499528418183	0.10710560657063226	0.0007017634897722457
293969.8492462311	0.9999525409350718	0.10430948320274247	0.0006727543026890608
295477.38693467336	0.9999549951911337	0.10158814462134308	0.0006386949973136837
296984.9246231155	0.9999573225311034	0.09893667184431573	0.0006068837935882859
298492.4623115578	0.9999595295176638	0.0963549986951282	0.0005856007706018174
299999.99999999994	0.9999616223746145	0.09384077053303813	0.0005799509451215249
