0.0	0.31619676126966345	148.49658150791134	0.0
5000.0	0.1791830668036145	83.44909318145531	-106.36682110967918
10000.0	1.8858221313463779	17.33893115221393	-53.35563570643377
15000.0	1.490961973037766	65.49534150709772	-127.19207486195864
20000.0	9.310070460751207	106.71935772647831	69.58618251948246
24999.999999999996	9.21593483477173	86.38693056835976	56.22051425474583
30000.0	9.088378990803792	74.6908651105008	-57.905779756316974
35000.0	9.252268619732234	110.45717206625103	-67.87746904184178
40000.0	9.457573856938065	72.7304942435153	148.71145506541023
45000.00000000001	9.347823216864882	117.48600807012969	-47.10455670150791
49999.99999999999	8.938535402075932	119.90185642780772	-76.76710426988426
55000.0	9.44542197076396	85.18303147914496	125.17963959578377
60000.0	9.069454177365436	68.65540883155506	-48.59825528665347
64999.99999999999	9.468276278431437	99.90255626778138	122.31635924402048
70000.0	9.135253991117185	109.82639411721793	78.38335259226866
75000.00000000001	9.541673769606028	73.96036650499026	-156.02268455510412
80000.0	9.584953378334765	87.30298242875938	-35.95237533300762
85000.00000000001	9.451903929489626	70.54170058265707	-39.712743181496386
90000.00000000001	9.999704979668122	94.10605385501852	-152.19838236430343
95000.0	9.159762834250213	131.4695855239975	112.94339374182026
100000.00000000001	9.16296667118278	115.31090436716055	8.355744959186106
105000.0	9.361174205981152	91.75385866419312	-171.37351861258054
110000.0	9.562021636410647	90.49577664932184	64.3242785311618
115000.00000000001	9.042030364280611	122.56070208373443	-49.37684067753729
120000.0	9.298923527764915	97.13342022486745	99.1462313158028
125000.00000000001	9.173992489530264	104.80519154508768	-116.61608712925191
129999.99999999999	9.478923813042643	95.11266298089535	-65.39547691690315
135000.0	9.511123547560377	81.56299841197972	-30.18884158415941
140000.0	9.105088839300628	90.84657031627819	17.460538489636765
145000.00000000003	9.546934636287286	108.29188680271999	40.740847400233854
150000.00000000003	9.178373959511047	95.0100324614419	73.82134298127856
155000.0	9.356464893175495	124.4341265860012	154.56147959449532
160000.0	9.209924850823514	73.92410164244502	-124.74435126490692
165000.0	9.499881894517614	82.98951693642383	-124.27110112037418
170000.00000000003	9.184257892617344	69.18321168615479	-107.93136875733987
175000.00000000003	9.310687897990462	103.48216835906304	101.00161298700402
180000.00000000003	9.553479308104468	63.12914946654009	163.4395091525331
185000.0	9.713481575523593	117.38276756279393	107.9614438098279
190000.0	9.597694763481208	59.1281079712582	-115.62854413206414
195000.00000000003	9.339787612688749	117.71333580917602	151.5504027480406
200000.00000000003	9.078467844014087	117.73486504004202	-63.23452701071322
205000.00000000003	9.521093273507743	64.8244511707374	85.47229456406863
210000.0	9.697383145559296	83.48768360472567	-130.42873968211975
215000.0	9.455046109749095	118.88445075800783	18.129991919273724
220000.0	9.496482291089825	83.70041927113827	-37.53753367072877
225000.00000000003	9.455868189740814	104.2977652069687	-18.750670440192014
230000.00000000003	9.941185917774574	98.84142943134167	37.51170230717067
235000.0	9.21754145715531	107.849124394545	167.03784497440947
240000.0	9.313103013307655	83.6984644651288	119.69101330243011
245000.0	9.211172958509037	130.69382469381944	-125.83647830684994
250000.00000000003	9.023846537076944	123.32964536944827	-96.74687012395579
255000.00000000003	9.129170510357596	90.84855987384067	-5.13594921632144
259999.99999999997	9.780558316711813	21.142326729395414	-119.9296919542067
265000.0	9.32650555267766	86.58349922679736	94.96701055167038
270000.0	9.47464634946091	103.17574945204106	129.02958997807
275000.0	9.188917173125411	72.08160672218752	-45.25395354216553
280000.0	9.169345095887813	89.65170865056932	-153.47991946218832
284999.99999999994	9.128419736701256	120.14779674538893	131.6060674590919
290000.00000000006	9.20670721881094	97.09309018481052	24.111548365336382
294999.99999999994	9.466971940127385	81.74177996421388	138.36117565118792
300000.00000000006	9.313948508947194	106.0479966330623	-59.53271561137099
304999.99999999994	9.340218872372612	107.49915218647465	-0.05264444109686021
310000.0	9.903361402864219	121.64347607847395	-140.47867270488658
315000.0	8.917393238404408	127.84241753659029	-73.57377018995207
320000.0	9.383105527943215	90.6647079824211	-127.08263674990144
325000.0	9.669271361278737	27.460370092833088	122.84166157043937
330000.0	9.211862472920286	62.98172103395251	111.67908312689785
334999.99999999994	9.262803327612563	91.20157686253826	81.9162220117231
340000.00000000006	9.15661104678513	89.69279141894857	-102.60883807722567
344999.99999999994	9.221560329771798	106.10097026689506	94.45646300052886
350000.00000000006	9.404750415805335	84.92479972849809	-52.281827659953436
354999.99999999994	9.238187446423883	128.70797185607086	35.98659782004677
360000.00000000006	9.357014170862271	82.04510876497358	-61.300800903649275
365000.0	9.545341062037146	66.71165820408088	29.083599126935777
370000.0	9.39380431916775	115.52611955255256	158.9413758580704
375000.0	9.201930913863997	110.35995100426452	-132.15148042395617
380000.0	9.287059133257303	114.50746869956356	-134.04683961140256
385000.0	9.708425668756462	96.90361395935707	-178.55732536153323
389999.99999999994	9.455067851615425	112.65797977256052	-130.95060911930312
395000.00000000006	9.263153158721378	73.46155224221827	-138.3001370019533
399999.99999999994	9.33374755240687	73.12503211481788	-171.02176263715225
405000.00000000006	9.49328092044093	53.646447643732095	-79.14350500588823
409999.99999999994	9.14498770730779	55.194810866314135	-109.22889467419972
415000.0	9.42034354625817	61.26325936091964	93.74945877751759
420000.0	9.189805451589292	94.62793175724859	-57.42487007963182
425000.0	9.465543806509746	89.81180801249752	173.23999154026546
430000.0	9.600641625284794	101.94727185388385	-45.029297090307004
435000.0	9.237070751339187	122.61323117940817	-83.09769153627613
440000.0	9.20672492127482	88.17786954557545	35.487543154498475
444999.99999999994	9.37934543804186	75.45382639096599	-27.322431748165034
450000.00000000006	9.422678784848971	109.20389671203225	-160.37648748205112
454999.99999999994	9.324821190397909	103.2217810028085	-59.581581984806384
460000.00000000006	9.18840295470853	130.52345067072744	-20.55909438040207
464999.99999999994	9.814797043370655	57.23346945086119	-46.693375813344545
470000.0	9.130478989434916	94.77179741666467	73.88730402332953
475000.0	9.673884433060653	91.12330173491321	-2.9669887934861396
480000.0	9.51636690693886	66.59159585525937	-106.41372661073355
485000.0	9.516128436302507	70.99819747997833	155.6995337959824
490000.0	9.280316641375329	55.118108205062924	-170.87363719744
494999.99999999994	9.351829139401826	106.0728505373864	-77.75374125349754
500000.00000000006	9.040729843706394	106.17022719828803	129.41910163240283
504999.99999999994	9.159477158916467	95.80604219551176	49.25055745028135
510000.00000000006	9.235797501816396	99.60476482920984	82.92018502226723
514999.99999999994	9.25882256197266	89.01080606671113	134.5047821682864
519999.99999999994	9.365952090786388	113.18550274262877	11.123310779063761
525000.0	9.208674916478165	103.44303751642231	147.90290886416565
530000.0	9.033670482262325	117.73091794114058	121.15238226327283
535000.0	9.254033116783589	116.4112535290767	13.015733675371116
540000.0	9.220903417435784	122.08017968166789	-70.26534874259114
545000.0	9.385723275414078	107.45935741101754	-154.64593175692383
550000.0	9.35335254809925	109.21247549733692	-99.47641982280359
555000.0	9.569173486022738	77.80869314458722	-38.975801572993035
560000.0	9.230830935842487	86.04878081346392	76.591903164601
565000.0000000001	9.432121190116563	82.29406738620285	100.77440368600723
570000.0000000001	9.273953585933862	98.2640536519588	175.2372736287663
575000.0000000001	9.684774867025503	86.33504367898458	-171.14976468851307
580000.0000000001	9.53691845729573	42.95019539250238	101.17918855934101
585000.0000000001	9.38983445747762	38.31271938654621	-56.43214936911485
590000.0000000001	9.336448537384348	65.22565141963572	-175.2141541257442
595000.0000000001	9.148935126672976	92.81607316283333	26.016435161081404
600000.0000000001	9.266326177919506	107.69043595031314	13.777062318191621
605000.0000000001	9.264189483893439	101.22348955336186	176.30334227592618
610000.0000000001	9.324342166025803	103.69580490228199	-89.36206386267709
615000.0	9.310571271235958	87.89981775609442	63.76560987644303
620000.0	9.250763283650784	43.50204928167175	93.53659974738176
625000.0	9.68548696175988	45.30157147722346	139.7369804463139
630000.0	9.260607997312253	51.819677598958236	129.22615334833353
635000.0	9.385277557065312	105.93450183647565	-112.27615017754587
640000.0	9.306883830151861	83.10449795224945	-139.5149036031014
645000.0	9.474715855691406	101.36442131927821	-25.65154416685638
650000.0	9.72602108536869	42.48117759438971	159.82570026707006
655000.0	9.223166068609308	117.97908599773238	47.99342054710175
660000.0	9.163002756528158	117.83254607396887	-128.86539888787655
665000.0	9.261090895764974	98.93439225650886	129.84742337309612
670000.0000000001	9.176037857268492	105.68093088498428	62.930752097531915
675000.0000000001	9.174034245991331	112.6196665804107	161.7304722579199
680000.0000000001	9.456428546739835	38.12064850172267	-138.10993416907382
685000.0000000001	9.150623413983027	117.19250576590147	139.21773562624168
690000.0000000001	9.580513616630292	74.38675022031477	-111.49352120677862
695000.0000000001	9.404559478787752	122.91134634690874	-139.65450319091585
700000.0000000001	9.457098633566261	105.09723024715308	152.43809562817978
705000.0000000001	9.265994525342865	137.55663968150367	-93.3499088363168
710000.0000000001	9.111931168328548	91.50692196864438	93.75529908665189
715000.0000000001	9.153554480582914	100.77079153879787	-133.9926137369552
720000.0000000001	9.119415487087	112.79732214381528	120.87010383971175
725000.0	9.092332218812187	126.07687171084132	-51.03172198100841
730000.0	9.610063159188249	57.33077731686264	-164.4687246955809
735000.0	9.083372123407948	110.31939250227887	-30.42184172222587
740000.0	9.061198649771805	126.73472252711976	-48.16841751174376
745000.0	9.498506669144199	85.40495864053388	98.06311803430607
750000.0	9.23991821189742	97.29828744819694	-156.19186968472343
755000.0	9.134137132319081	87.04019480147664	-134.9629804699564
760000.0	9.160945251153857	110.7168539882348	-78.23573912081423
765000.0	9.072757377477911	109.47252535352538	-58.06140807339058
770000.0	9.625153469313979	109.31815828480768	109.21712903096734
775000.0000000001	9.217821486015364	92.28246385289937	1.4562660105387133
780000.0000000001	9.233835751597129	74.88264311193662	-25.755091154406376
785000.0000000001	9.080585033729315	105.21112083091428	116.36273987573739
790000.0000000001	9.270661128780949	102.49397013171122	159.89652091863752
795000.0000000001	9.20005105385952	113.07129732157614	-111.01162349447829
800000.0000000001	9.470399182366533	82.12362386947517	-48.54302711468659
805000.0000000001	9.388806132988694	115.66340171108362	97.79520478630944
810000.0000000001	9.132310841926289	111.52888754258223	-23.995706914097426
815000.0000000001	9.11670807346859	112.35686935295136	134.4519020124871
820000.0000000001	9.114736724140041	124.2489601028797	92.65974307077644
825000.0000000001	9.270444433637358	116.10243115733438	-43.94459896765022
830000.0	9.422866219716129	42.06397553841373	-35.932246842749834
835000.0	9.285085248602574	89.04291570035508	172.0144915776154
840000.0	9.108181393750227	104.75723682585603	-160.0219850374487
845000.0	9.085961486927461	112.17311237740647	56.46510106962334
850000.0	9.1785823451241	126.82211990389027	-75.6629499387548
855000.0	9.317548217270186	90.99231843131211	108.49834230869864
860000.0	9.874807938282338	45.79514294282275	91.09538328430462
865000.0	9.794377610762682	72.44460466793014	-78.8635021690307
870000.0	9.129996967235808	86.60500828029825	-111.89353722838113
875000.0	9.237532292269169	78.8288110911561	150.79872757188986
880000.0	9.20797096118765	113.20092353750874	50.260752267691224
885000.0000000001	9.626985994117913	134.90739690478196	146.10955450542937
890000.0000000001	9.310191925146416	124.49981833051879	-61.3487766341329
895000.0000000001	9.590148329758664	108.74729046980167	-96.17921527078289
900000.0000000001	9.069749030740237	72.90876803620779	100.27124840126078
905000.0000000001	9.796324794901803	138.16603558246135	-11.196235551632954
910000.0000000001	9.485807246098998	90.1596549069531	-172.01147309209014
915000.0000000001	9.338644423907176	99.97386963009018	-113.08194440068408
920000.0000000001	9.307417444933973	124.85851071837398	-70.35700861916955
925000.0000000001	9.230672143101438	108.6623090375254	-128.2661233370192
930000.0000000001	9.33577373875789	64.18576653885	-67.52071658403963
935000.0	9.056711358401904	104.24769605073169	-116.69652332462636
940000.0	9.256781174326578	113.59915389595037	127.5654676455623
945000.0	9.49580386401257	105.51773270241246	-111.45246021913718
950000.0	9.55069570394353	72.14312386171154	-163.82411835634866
955000.0	9.340058514050328	83.52124890244596	27.19757609083031
960000.0	9.329408453810581	103.11981217770041	155.24004450388153
965000.0	9.239397412257686	100.12255520085492	31.086157136537615
970000.0	9.341788170778942	78.47209868847234	-44.82445584478251
975000.0	9.09488296400637	115.18341430539844	-52.52605744028151
980000.0	9.298938726105158	104.55165834216574	-147.7401939955115
985000.0	9.048919844175133	104.98075401732365	109.66830442027702
990000.0000000001	9.44957007685594	108.6239397345033	-139.79401936000875
995000.0000000001	9.169342399814166	128.6426879187179	69.17208551987012
1000000.0000000001	9.116804347166207	114.45652626720394	22.917797783487632
