0.0	0.11281025417192936	126.6173811841785	0.0
50.0	0.4325549866229796	107.03286995067043	-86.35743238841245
100.0	0.2955387667722959	104.33940091892083	-105.13615486051414
150.0	0.5760799392297017	78.45171238017828	141.87572444954745
200.0	0.8817640908624594	72.64974646398359	-139.8318666222176
250.0	1.9004508771075281	18.95712913298282	170.64396955615157
300.0	1.6309959269831382	43.99538256512131	101.78337753198304
349.99999999999994	1.9632024581690115	20.224997300704413	-79.46878623037817
400.0	1.9566800287434578	28.160099736456644	-160.66110711917474
449.99999999999994	1.862325615094876	38.62285947713055	-35.916080125189595
500.0	1.9240033140904016	15.098441461620919	-110.04907081042683
550.0	1.8169876026226035	25.268921702158675	-106.28371321670502
600.0	1.9500867765596057	31.592839343761963	-177.7133512833852
650.0	2.0214772359673527	20.924056007476285	-170.43882839524676
699.9999999999999	1.731326791082419	45.624701864927175	44.365183983006396
749.9999999999999	1.3064169515096964	49.938007622470856	-78.50292661813212
800.0	1.1523678288064942	58.30167645872989	62.55587008781802
850.0	1.2234883061495794	46.523690551797195	-132.70870607988758
899.9999999999999	1.0330726145234745	49.96376836055889	104.39725382148288
949.9999999999999	0.5880187923616348	78.02272319924309	-28.924966008061197
1000.0	0.5804168264717768	78.71626041558169	-25.19567348599093
1050.0	0.1799137424736728	83.41858078126563	48.40719899684503
1100.0	0.49831520976356447	84.17800489493824	169.97186882000724
1150.0	0.3457941428388521	83.17015849324216	-20.694281665888703
1200.0	0.35749995019357356	64.04429323211438	174.8984136111344
1250.0	1.1572047790632995	46.78953084600101	75.62031115314377
1300.0	1.3974645430592605	48.7656148109562	95.04650050920455
1350.0	1.127820237600535	44.425208753201375	-130.24407867246657
1400.0000000000002	0.8335241263068357	62.5903711052242	-84.2231509159199
1449.9999999999998	1.1428680608655453	52.44537898676375	-121.90193398901603
1500.0000000000002	1.2032434896295312	52.538282144801826	-164.5280612518106
1549.9999999999998	0.8660714349227372	57.01534973822733	-148.26110482367415
1600.0	1.2326313613292543	37.41181528542502	158.92038623876022
1650.0	0.9636733875942115	64.84067267963839	112.67408316888982
1700.0	1.4723920706107625	35.72644613386647	-72.76130367545576
1750.0	1.4038499933175623	36.56458961900269	33.62971574507884
1800.0000000000002	1.7834298417406205	24.34531639790813	21.583294728629657
1849.9999999999998	1.909874403634997	9.954755176033535	-71.19268876977087
1900.0000000000002	1.8316570096670015	24.988719107748445	-149.2472073870052
1949.9999999999998	1.7982798593524039	32.07595968021232	13.746500914110179
2000.0	1.5400921710701918	33.38509144409407	-65.60871656191088
2050.0	1.5402797658363117	37.42003298036543	-135.5147021981906
2100.0000000000005	1.7269578395287373	36.74712991248728	172.23551701696218
2150.0	1.9274377710478048	17.52334030298269	66.73565235663149
2200.0000000000005	1.6301556755623712	34.915353092259224	-117.20202522340992
2250.0	1.6817559116298226	29.228364406274338	-100.68809814414124
2300.0	1.60334323990095	29.598394209146832	-89.9402438157602
2350.0000000000005	1.7523792211684082	11.728902909205235	-90.16791644083116
2400.0	1.7973367956656068	15.85831181034753	-141.68490147423105
2450.0000000000005	1.7815903118699983	29.016800383066375	51.00650884591546
2500.0	1.617646706749626	20.575611203845526	72.67609849809634
2550.0000000000005	1.7860558043085333	27.547190798860772	96.79824136003505
2600.0	1.777199040520375	11.799412838496707	178.5766752668225
2650.0000000000005	1.602653830015248	20.04316350383874	-127.91006974337718
2700.0	1.7014620727112093	29.341743834680603	127.39560356616138
2750.0	1.7512769278797786	10.28104743868071	-148.35717218237477
2800.0000000000005	1.8359673237260314	17.97131734968128	-89.60673834718874
2850.0	1.6942268237640679	11.485349454154278	-123.24778682046758
2900.0000000000005	1.3293343604818106	33.07971170994822	-37.463810710424525
2950.0	0.5533613569398724	54.10622096129531	-86.69964963644705
3000.0000000000005	0.37243184545350366	51.286689361875574	-10.567157540436078
3050.0	0.342291785508747	76.3241088638426	-174.25390351866562
3100.0000000000005	0.7312087488879824	62.46490008425042	-67.16812029917863
3150.0000000000005	1.3941587249667504	39.1205964883077	-35.76718143489908
3200.0	1.4133801134165875	37.068789888307165	110.94958729499845
3250.0000000000005	1.4594546774644155	32.79099990882756	-132.40429165267219
3300.0	1.0755463171558075	46.41103768918824	-62.24714188431183
3350.0000000000005	0.7938605560325513	55.91911268032257	-85.96354184596846
3400.0	1.1801120213142227	36.30639951609107	-80.61044893177322
3450.0000000000005	1.4280890810978908	24.438691695071032	-150.85410124498145
3500.0	1.8928166986027042	14.151301816979547	-93.83452720935833
3550.0	1.6242702003487666	22.556995370684525	-68.3833541062334
3600.0000000000005	1.638918793110222	33.23477631316946	12.871985614257863
3650.0	1.5930766575446493	26.378043826952574	59.775144474399625
3700.0000000000005	1.4178074192369239	32.25413002812215	-46.99849278495221
3750.0	1.5958963431653812	35.65110776377031	-158.12171693422485
3800.0000000000005	1.2611729881421148	38.54152307554282	-14.186081242207282
3850.0	1.226829967488271	30.743700996439806	-58.69666409438407
3900.0000000000005	1.0131519602524262	38.743230595142265	-129.8176834876053
3950.0	0.8370877036813174	60.34404219465247	168.68525075685244
4000.0	0.9846942580035078	56.09122960889134	152.8212019616516
4049.9999999999995	1.356420351667806	33.27968347026253	174.9393468759991
4100.0	1.3013255680107396	18.21728219408093	-69.80145252994849
4150.000000000001	1.705405741375049	27.341295407598682	34.01340059333443
4200.000000000001	1.2875810300395631	29.747110606062684	106.51175992568102
4250.000000000001	1.3447207858024426	39.00582272602433	-80.51012368146871
4300.0	0.7703794105733717	59.73997614145152	-49.88079673878129
4350.0	1.4396224706406762	34.09449314483257	107.19244104634843
4400.000000000001	0.8335708791332003	34.206454154404014	61.60852339006542
4450.000000000001	0.6030989410731076	20.512739008490467	74.43999372419708
4500.0	1.1372648561779217	35.50347280573726	-114.5410571695091
4550.0	0.8901862381254235	29.575973636862493	99.53248029725894
4600.0	1.0461715343902194	27.427894376845217	83.71555262457385
4650.000000000001	1.5069107319271977	13.415407339681897	-6.813145511577266
4700.000000000001	1.0945171798535502	34.62771618555085	-149.15370045920662
4750.0	0.8071023477699674	30.306244211563826	-70.80882762593386
4800.0	0.8177028569197038	41.449120450112126	97.15447383778518
4850.000000000001	0.9922414476004447	49.205308721400456	-17.768885821606126
4900.000000000001	0.5667708912646983	34.41254241671267	-56.74983395457592
4950.0	1.3031352755407377	25.70490854670796	-93.40151595225768
5000.0	0.4535803399460508	58.73386341056908	123.82622207091971
5050.0	0.9902697369527295	46.359541596883666	-161.96581435580967
5100.000000000001	0.9479132082813433	47.29158135714836	-176.42159611432263
5150.000000000001	0.6230127411494629	52.77876942165992	-177.1713743534433
5200.0	1.1200938570038874	40.96702471796229	-44.65185739757772
5250.0	1.1030830431186152	29.800629773559557	-2.9631355195982154
5300.000000000001	1.2881341003673425	31.765317749150892	-73.63222406174458
5350.000000000001	1.2419859099657526	31.39725149927916	41.11873735623623
5400.0	1.4036486523187977	28.327574120788253	92.42954250394861
5450.0	1.337338081492184	32.79816404286788	116.11250524022685
5500.0	1.0519676486355518	28.22506502034538	-112.14304980363369
5550.000000000001	1.3292965558486385	27.509435023108647	100.62764658043108
5600.000000000001	0.9784628993276318	41.10589592527903	-23.455867857785154
5650.0	0.8719609321675762	49.94088687890962	125.36601988322876
5700.0	0.951771481074034	34.16271449323363	-39.49664690444913
5750.000000000001	1.0067108259893867	27.46427421596824	156.7767496321312
5800.000000000001	1.5012583324858348	25.190735373276645	-20.827577638757514
5850.000000000001	1.1045542479744104	25.572249736246565	-152.28003067189408
5900.0	1.2931613253607122	20.2990875030711	-6.2133316835567065
5950.0	1.2302407322219495	25.506420586465783	-159.14309100584734
6000.000000000001	1.0130736882333964	42.23396441799088	-122.39308707354324
6050.000000000001	1.263453969471098	34.23048166280498	-27.489263667473722
6100.0	1.2513693338632215	16.8250546841013	73.2889649620932
6150.0	1.4020032010995116	24.859696436192586	-88.61632953127749
6200.000000000001	1.3843314057771965	34.96226059418592	-137.6318685344481
6250.000000000001	0.7879614143604551	29.31518424419132	99.81351940058249
6300.000000000001	1.309041984249675	36.855981401466316	154.93130229903687
6350.0	1.2877657831241278	17.32272546866663	38.43476713229259
6400.0	1.0408205460287245	20.609384453142592	101.44478894444077
6450.000000000001	1.2537247570698347	21.724282794562615	-143.10773236680853
6500.000000000001	0.9535740840568243	13.388129005494848	75.84640542399788
6550.0	1.10912028130479	14.690925804368966	125.90597110808115
6600.0	0.7350266117688848	33.337858059066285	12.170813204245608
6650.000000000001	1.5320876896463766	24.376083997804646	-108.10261462076396
6700.000000000001	1.1218080558099126	21.308662835867548	-4.9287899014117
6750.000000000001	0.8468201715360656	44.215322754889726	-8.170177671883957
6800.0	1.0784118187751477	22.78643783383069	175.5396766844551
6850.0	0.9398585893382544	28.548421556183346	-156.3393113115808
6900.000000000001	1.38723980396134	16.467013270927563	46.6706400427437
6950.000000000001	0.5854224966685316	15.799660067754314	-44.26623838539201
7000.0	0.5582320074327989	16.80562106515905	-122.25089479941322
7050.0	1.0193232730090886	12.674017641465511	-34.718132518186756
7100.0	0.6474593126848834	16.009620679459378	12.62520127780045
7150.000000000001	0.8193025001650829	21.7234067091706	136.90879626745536
7200.000000000001	0.8498777075982122	37.95862251410323	-84.2692817099236
7250.0	0.7418258724781805	37.028882759065006	5.733148072827893
7300.0	1.307075381218465	31.86484284483197	94.90310793486026
7350.000000000001	1.0505043038690878	27.632006695702557	-176.39514731852313
7400.000000000001	1.2423947733477794	31.830102404936607	59.65591555403121
7450.0	1.2917509478655347	28.169761887640515	-17.02967908819866
7500.0	0.6226013758797017	39.431559203143934	-12.603902284175593
7550.0	0.8366274116701058	18.90846194014386	109.46640022578863
7600.000000000001	1.0801937769878578	34.47586215806578	38.723299494744595
7650.000000000001	1.205090494310386	9.844985630841773	-7.100513845654528
7700.0	1.436793493314921	6.913372061003584	-81.30102689387891
7750.0	1.2462785320848033	26.459330302184856	-36.0738376210564
7800.000000000001	0.8587403546716531	25.867645516904666	-17.03766127342419
7850.000000000001	1.4833459150966726	12.17165288487036	-90.53499041936269
7900.0	0.9195237686724276	11.36976308420687	120.28376896159182
7950.0	1.3652943903931563	15.354813405749137	-88.01288956422216
8000.0	1.4047393100214423	11.745030796939028	-4.534220304002944
8050.000000000001	1.3868566690543034	17.911096049205824	0.37680714274884036
8099.999999999999	0.7756483396563498	32.45445414101631	-161.0786938073574
8150.0	0.9886997651442818	5.3543978912590555	136.25725853524258
8200.0	0.8580878578232701	25.210552528450936	111.7245146503042
8250.0	1.265306532072483	24.826618851228684	147.53096135051786
8299.999999999998	1.0708050650099423	28.7946180656017	53.099942594771676
8350.000000000002	0.8211204437357147	4.088804771324688	28.262776005172984
8399.999999999998	0.8038300599511624	23.274403967672203	115.75850498429696
8450.000000000002	0.9497832737996196	35.725654623220734	115.29371044421033
8499.999999999998	0.7755698832346026	33.767381185061964	-84.61917571593763
8550.0	1.43960722764662	16.982099754409294	-5.511779697900337
8600.0	0.6185507590003807	33.75637630875738	-50.30922374480495
8650.0	1.261871854885827	13.674115002009772	77.59504333863325
8700.0	0.5100203250245449	24.543432417709873	-116.03495820113014
8750.0	1.0864274416366948	23.427245804581347	-65.17030608880728
8799.999999999998	0.953332251978848	3.548531716984094	-22.9150598100682
8850.000000000002	0.6522893216297081	26.2721706212452	15.385228836911232
8899.999999999998	1.4826632210459674	13.775527341361819	58.604080007052
8950.000000000002	1.252761892777364	24.911893593499116	-111.98237806468593
9000.0	0.8541283233251384	19.577120648916974	143.95630340361276
9050.0	0.9685693309271446	33.815886623635045	79.42484790302588
9100.0	1.1818407443468562	19.674113695059038	177.17993051861112
9150.0	0.8474290312579871	26.724894865569077	-55.26292843194272
9200.0	0.7566344058676838	29.103308914628272	-83.81464377598924
9249.999999999998	1.4067441865327548	10.565638057670805	172.71843543338068
9300.000000000002	0.9625588829122255	8.099780447639048	-87.63478930869594
9349.999999999998	0.8001653612169078	20.7929963202117	-61.9575647499577
9400.000000000002	1.2078630648036355	23.107355777043885	-126.24582355384628
9450.0	0.7532063241373304	22.137854750494473	-122.89532911974226
9500.0	0.7745938879202064	11.110464350291709	-25.273370933630975
9550.0	1.389147717019323	16.90068645626584	31.248313142863644
9600.0	1.0989605319803768	5.6919263085871	88.6164058644799
9650.0	0.8086970361792554	11.020697474770795	-73.35554904112338
9699.999999999998	0.988724079881547	26.24043787845761	30.98423773473594
9750.000000000002	1.209911087867362	12.033578850577731	102.83283395965188
9799.999999999998	1.4316936786252068	11.579878270042455	-37.691744487580095
9850.000000000002	0.9121167791206164	18.010721716221152	164.81146535880876
9900.0	0.8192599349556586	22.487299580703557	-78.57564145954294
9950.0	1.2716359554020158	24.777463165965116	11.86695257401895
10000.0	1.3849994465333118	17.65626064591865	88.30979098046446
