0.0	1.1558414577295115	48.31624962109845	0.0
50.0	1.078334739531947	49.696189523401635	-165.6258975132251
100.0	1.0756837634404965	50.7435122290899	13.730897874665573
150.0	0.9513225123798953	54.77291850848229	-158.51852381946938
200.0	0.9586949028910158	55.24719545429048	43.63707059227327
250.0	1.046900297511303	59.59837936480089	-111.85890723784331
300.0	1.145382851590865	58.0623505843966	85.44533084585238
349.99999999999994	1.0548932765364225	61.714961975347094	-85.00322861051961
400.0	1.1276177760492785	58.83612918430569	108.58561120542561
449.99999999999994	1.0713384672863995	55.10015254134752	-54.38825861337247
500.0	0.9734108876402221	54.17754556806745	154.3956899534889
550.0	0.9667496778287786	54.44613100068822	7.894303797122187
600.0	1.1639408186726936	51.95338980498657	-132.00212250180746
650.0	1.0199408981809412	62.87673822674899	81.79286525621754
699.9999999999999	1.14301267172261	56.749244658962375	-59.4293282940979
749.9999999999999	1.0047532648364859	53.4823505047491	169.34792486521002
800.0	1.0345321129650222	55.31497542647271	50.26208202322785
850.0	1.1686491376056805	59.33091156619111	-83.18973716324551
899.9999999999999	1.0674720746684883	53.32443995173231	150.8532627617691
949.9999999999999	1.0053436220348255	57.33476185026186	46.74711875080779
1000.0	1.1589588756308253	58.150769699152455	-71.28020646071398
1050.0	0.9797922657817651	54.474477898200846	-170.6331124472002
1100.0	1.1703912194244344	60.16211184068537	87.79167781771754
1150.0	0.9975115535497674	53.79707791923886	-7.4405018304508195
1200.0	1.0822781145077565	62.291130554479224	-95.56418010935943
1250.0	1.077615965448587	50.180071968767	-179.57308549395034
1300.0	1.0370737682556714	64.71650780944157	99.38391546387447
1350.0	1.1365560840353213	52.889932014213976	30.55464160277623
1399.9999999999998	1.0378207161727633	56.938606595376456	-46.225307636246214
1449.9999999999998	1.05275431823792	63.3929349020156	-102.86275866311935
1499.9999999999998	1.1242928399801686	52.11482990480751	-161.07779537281644
1549.9999999999998	1.0483288245856428	55.825095480569026	140.63188531933326
1600.0	1.052211362228638	65.57060358450643	95.877033733652
1650.0	1.0752661949839617	59.351448103124255	59.483593366793116
1700.0	1.1247418664499924	52.89249975608291	22.759824594546025
1750.0	1.0672378608369786	52.71816217873621	-10.74774561025259
1799.9999999999998	1.009053663524693	57.02158355295724	-37.75797348556364
1849.9999999999998	1.009201639191936	61.92761996997675	-56.20644707328256
1899.9999999999998	1.0394770894333074	63.501319366936286	-66.66254850333858
1949.9999999999998	1.0673519411811152	62.87493920200716	-70.77230398257443
2000.0	1.1006351547429134	61.09097689299873	-68.61969971250694
2050.0	1.1238375286705333	58.67258202834168	-60.26089156098907
2100.0000000000005	1.127323422605448	55.404777032350786	-44.37985975778127
2150.0	1.1162724411824192	52.33379860972806	-19.12419978466582
2200.0000000000005	1.1076485855891856	52.59449220576984	15.397424783971267
2250.0	1.117606733715808	58.84211247057781	54.59813085948228
2300.0	1.110805813654809	64.80090261184048	92.99076146346744
2350.0000000000005	1.0052959679604945	59.410033075945435	140.43904017149566
2400.0	0.9563905983701664	58.952550923076345	-154.1959733976263
2450.0000000000005	1.0600008110064205	66.81860303435954	-90.285908355419
2500.0	1.099708200974187	55.60901441102925	-21.091719737271355
2550.0000000000005	1.1401892812684977	60.90267100745265	64.82615625216197
2600.0	1.010592291224524	58.76541137635359	145.65197689309326
2650.0000000000005	1.0328246043808296	65.41950521613255	-110.04744016473778
2700.0	1.1201150984896548	53.81987304816343	-12.38538934502111
2750.0	1.1014738617608284	66.01736947152546	98.55267817905785
2800.0000000000005	1.0295115975106002	60.71437481543222	-132.9856405510759
2850.0	1.103387913501417	54.97028422307535	-10.158441214895891
2900.0000000000005	0.9851047846317781	65.60317914775328	124.36454556803031
2950.0	1.1496787034025593	64.68614523888445	-86.10971776698607
3000.0000000000005	1.0127731210555513	68.51668713880832	72.83796197293513
3050.0	1.1621166348027205	60.79697645104864	-121.33186171255358
3100.0000000000005	1.0284908169059261	63.29926715546488	52.13380722859976
3150.0000000000005	1.073363550362913	63.90354850953683	-127.33154440416854
3200.0	1.1200062027351267	63.24050507946029	63.30353997050888
3250.0000000000005	1.0603767497530763	69.77348350578471	-97.53248060497754
3300.0	1.056832273793498	67.52126516950804	106.7729663568463
3350.0000000000005	1.1130392664710647	58.8648503638253	-32.751683555248476
3400.0	1.09828715724243	57.17468691230931	-156.41968715307044
3450.0000000000005	1.0866476626047978	69.27196091884001	83.68544705174105
3500.0	0.9919325923107227	62.88664970948215	-28.73019334113595
3550.0	1.0244735401553744	67.96182061905661	-119.77863982490804
3600.0000000000005	0.975803732139125	64.46877771910677	146.26288972521635
3650.0	1.0549920921853384	71.32560861357292	76.47026264703668
3700.0000000000005	0.9656813707748958	62.46891718060823	11.548174254240843
3750.0	1.0301060497194052	65.13413173242671	-46.4019393415221
3800.0000000000005	1.1030295637018903	69.93658685509382	-83.55565977520422
3850.0	1.1831008163768866	66.06596706749063	-108.60562418002111
3900.0000000000005	1.109238000129547	65.30830372723052	-123.75429043759817
3950.0	0.9956369579577437	69.20869077206166	-127.82360619662474
4000.0	1.108547276731213	65.95152548497352	-119.80366218578322
4049.9999999999995	1.1678924861440012	68.81198062235643	-101.20058156411187
4100.0	1.0327485584153424	73.30631034897623	-72.08059405386525
4150.000000000001	1.1090025356403834	61.07001442179124	-25.114468256584296
4200.000000000001	0.995251580070245	67.1997234524123	41.432119180730055
4250.000000000001	1.153938009106524	67.66677376295253	109.97401579660331
4300.0	1.0355116230863168	62.62794771343388	-154.19115451976893
4350.0	1.0254779673193941	69.84794998412842	-57.6103305544903
4400.000000000001	1.1871547320303868	68.44490869438566	68.61520638286079
4450.000000000001	1.0933958919749338	61.212717162555315	-160.26240193865002
4500.0	1.0058232380452725	64.24671685009847	-11.991380747880392
4550.0	0.9900949111542089	67.76306397555355	146.16005307666077
4600.0	1.005596724795715	69.54086682539673	-43.485946209645185
4650.000000000001	1.0534725694097526	66.97163858954184	141.63779197848783
4700.000000000001	1.0158818451864957	73.55776169756007	146.38853927299553
4750.0	1.0098663346646393	73.27578350285886	-60.828622926429425
4800.0	1.2473293125425118	67.9013784168731	77.19793594944436
4850.000000000001	0.9809581654868819	74.74344242932293	-80.32190406760702
4900.000000000001	1.072933968810141	73.08226709890009	-147.38595554921145
4950.0	0.9740169358535934	60.46039589779022	-24.171887186374356
5000.0	1.325151280447334	58.23739086881519	57.01204614634498
5050.0	1.072423840393447	72.15041937638176	118.95763912474536
5100.000000000001	1.054337054789605	62.7565865380037	17.244295215522516
5150.000000000001	1.114955681913736	60.66112825986849	52.49909319019325
5200.0	1.000271451363562	65.4573223310458	33.82283608103051
5250.0	0.9991157708748798	62.65421992578999	33.834396576953885
5300.000000000001	1.0623752047056585	69.08321924256418	57.20797001127452
5350.000000000001	1.4189297003519739	55.08237030316545	148.09893333477964
5400.0	1.091288959628596	69.0578170453503	-46.107187381397395
5450.0	0.7700158498576675	69.92535854108357	108.1449504463986
5500.0	1.0097602064309312	72.7102593204083	-64.00404674644724
5550.000000000001	1.4458013096	52.72190489261532	-89.11585743523145
5600.000000000001	0.9005128815905589	78.4044455511317	71.76693102955038
5650.0	1.006539530240772	53.417453679496695	147.45660838038935
5700.0	0.8267231476039464	71.97186159540563	-81.16263159044556
5750.000000000001	1.2938199417113012	46.462450857345075	12.550986311759349
5800.000000000001	0.6761518026719261	57.437096929679306	152.18962012313074
5850.000000000001	1.4362621335478742	35.94749246005869	-178.36864239959655
5900.0	1.5125557849085551	37.156406766768505	-59.516538528450404
5950.0	1.5223970078650022	42.2667778293414	14.888373817269692
6000.000000000001	1.670114060626456	44.60971829980124	-12.401252199070186
6050.000000000001	1.6086416034766198	28.98041779457366	-69.22898419447176
6100.0	1.4267879281978706	49.52501561105752	47.89364418304876
6150.0	1.8756612227248244	19.64270352760971	80.37443456359587
6200.000000000001	1.4760186734685448	43.02498658645209	22.330883776964352
6250.000000000001	0.5238760413393014	68.71468343830378	-120.53084607172232
6300.000000000001	1.4643545701118141	41.98805485929301	11.996972530391018
6350.0	0.6540095044581766	73.17116569215247	-95.95256061465865
6400.0	1.1147594900128166	49.737744297067685	126.73291654416373
6450.000000000001	1.3670978394323303	35.2477542355512	3.069878060462065
6500.000000000001	0.9077626144664503	50.79761830422008	27.98242847045425
6550.0	0.9648118208547682	57.63693035816216	-84.99293627985192
6600.0	1.3112225925728873	45.106246054641545	122.66750235667341
6650.000000000001	1.5865734175040807	44.78990370347505	29.512956728460896
6700.000000000001	1.5491339949907577	44.45933053454736	83.9638781682235
6750.000000000001	1.570407763492928	35.681444039149454	-2.8172975236863524
6800.0	1.6050867371397555	38.68012068490028	38.64299072075488
6850.0	1.223121542771631	45.30590859423809	-57.15560352736581
6900.000000000001	1.658435619884705	33.98113848530084	127.6375527908269
6950.000000000001	1.8180265908259257	7.187340401771746	15.404829589823246
7000.0	1.6691946772644248	30.706742371041674	129.7105369873962
7050.0	1.5056313071321374	29.028794544746262	-51.25494031670445
7100.0	1.4364502635395318	31.527412055986947	138.09614678286263
7150.000000000001	1.626808270043536	30.38708054817676	-124.05003078995954
7200.000000000001	1.7982505554071213	20.01682929296328	32.351628182010366
7250.0	1.6729975450984909	30.699298021220745	36.367921508960855
7300.0	1.699119365532428	30.392909237196843	148.50709795930044
7350.000000000001	1.7810369687478858	9.755301270160064	-80.72856769606756
7400.000000000001	1.3254027924344414	34.585781360001164	152.58317831005013
7450.0	1.5394864791466765	18.750122577485634	97.40111590743923
7500.0	1.085478567439705	51.52735637772719	54.62770982021078
7550.0	1.2976059173627124	35.87877908277723	35.20875372507956
7600.000000000001	1.754824280257097	22.297076324363683	141.6491166688827
7650.000000000001	1.5317739138002429	22.85874778421244	-128.9845533556854
7700.0	1.7291945308907406	21.753406729503702	76.17989419644906
7750.0	1.4505293431918782	24.554174501860526	19.35440868056202
7800.000000000001	1.3357356594429994	38.301978223930384	-94.30365684244053
7850.000000000001	1.1887787448627416	33.584467995187076	-120.8908966457518
7900.0	0.5105780706770969	63.04092206254518	-50.54731291316943
7950.0	1.2531613187860526	33.105809569940455	119.728105016897
8000.0	0.5646322294302754	67.50800365892708	-143.79262888595542
8050.000000000001	0.31327083954997387	54.65967286598785	78.11741597029209
8099.999999999999	1.0793049453397958	39.46300664037767	-42.509417308639776
8150.0	0.5686717615674124	46.4496702279567	179.6429500495726
8200.0	1.6485153617526997	31.16312691800246	108.71808566356404
8250.0	0.948334629795316	33.23551530224873	-151.25606297089493
8299.999999999998	1.5704090897275698	17.733583987892736	17.65388491683772
8350.000000000002	1.6472189935724424	8.891783179118224	-116.12700625788479
8399.999999999998	1.537155327306411	24.110901606263702	157.17504951561762
8450.000000000002	1.4277491976363559	37.05881580016569	36.16628436634144
8499.999999999998	1.542354379042345	33.48910079511885	-1.2050345813459005
8550.0	1.32295617243256	33.240199998493544	7.371308746060566
8600.0	1.2953492083186728	26.077273541720444	94.36745048169506
8650.0	1.3618336844825751	31.996872512117005	145.10799395467873
8700.0	1.1876252002479548	38.972635772904724	1.70258046307623
8750.0	1.2285953955519544	33.090698325403366	-6.659165109549398
8799.999999999998	0.9560201182472207	31.588558494383623	119.7315913497509
8850.000000000002	1.0621870098650095	29.801940383395554	-132.23650700289642
8899.999999999998	0.6765527384068796	39.669097598567646	69.38772240747501
8950.000000000002	1.1631765279626085	36.16865572288092	-93.66755780811454
9000.0	1.4600278509626243	32.68849047870668	-57.25777347732683
9050.0	1.1094827154784608	28.989766446946888	5.47529315330327
9100.0	1.3305439864795223	38.182856384908376	-144.68889247090144
9150.0	0.518825533865271	38.63446765045067	159.33442317951636
9200.0	1.6799713673089092	26.235884129904022	44.71751444845149
9249.999999999998	1.1148864289515188	45.60279396337995	-38.508423228798655
9300.000000000002	1.4137778128090426	29.442775917295545	-138.74645640454335
9349.999999999998	0.9758639083568774	36.9981293664898	105.8307847308459
9400.000000000002	0.6306132659566115	32.19499500116378	-135.28019554918936
9450.0	1.2330386069183972	35.45125404650845	0.9928978156285374
9500.0	1.4248256799722696	25.99929984022003	96.64023809986986
9550.0	1.575422611618523	28.415041542053995	-168.50565649962118
9600.0	1.280792774390786	31.54827066123929	-59.9119687199274
9650.0	1.3834630674296284	33.810283285764214	-143.36618555202125
9699.999999999998	0.8910392027945072	50.339649441017784	160.7424224679999
9750.000000000002	1.4085016255176623	31.116525193796015	68.26279141263295
9799.999999999998	0.6670913843226702	34.86031516635177	-37.0324489862653
9850.000000000002	1.071273143557449	44.94707890020098	19.454004095899332
9900.0	0.4024884678906071	13.141546505278356	-98.51600468577129
9950.0	0.70332394815705	33.74302581293669	-153.60542056755764
10000.0	0.7071846196092791	32.92656596598969	-29.07870335603626
