0.0	0.15386676241550368	13.56018101631628	0.0
50.0	0.3228144089817401	19.646678614229646	-114.77943230668201
100.0	0.18122246969886519	27.107953286207312	-116.13608040557173
150.0	0.2726127535381968	24.988265981458785	-79.07715293700873
200.0	0.33630333478360686	19.278443858399154	-8.11232960858814
250.0	0.3330887642197365	21.93879068474367	156.18577617734368
300.0	0.22779284010408998	16.33284958331317	41.265246415399226
349.99999999999994	0.29027840199949134	21.290987588230283	-86.20287753216613
400.0	0.33153228694410547	23.61037512097046	-67.42873949777477
449.99999999999994	0.3718103856040224	13.197699954286286	-55.86845726432872
500.0	0.2403298209772615	14.128736213186244	38.02834177204613
550.0	0.3288052160992669	33.11141504561124	-80.52429825981125
600.0	0.4969058108192195	28.814377392392167	88.2977833180925
650.0	0.36160227472658896	25.680234132934046	84.29366458879996
699.9999999999999	0.36410971897646105	33.59328337420664	83.82014171334481
749.9999999999999	0.4631774045253216	30.033936504260875	-40.432833997954276
800.0	0.5024474687277489	26.275401548476502	-161.4434502806129
850.0	0.6124044401069714	43.0587755096981	-117.55925632245321
899.9999999999999	1.2185587947801906	28.25023231977488	121.31700550415049
949.9999999999999	1.3252497941171983	29.913071494727287	-136.6984806464608
1000.0	1.0332435622174392	30.482282534313484	-25.469565502537183
1050.0	1.0541636272220853	25.579309739811205	-83.64648081251983
1100.0	0.8498833816132527	21.499815598837948	94.16695143177809
1150.0	0.8751849603776001	20.02552247463407	63.1983998106315
1200.0	1.5957316433087296	4.777950398537885	-154.73736939591643
1250.0	1.5693695771560234	6.073554204112337	-57.22303850230796
1300.0	1.3354598322366515	7.678437339908647	52.38173667869035
1350.0	0.9558446485210501	41.17980353471774	-163.72179479908644
1400.0000000000002	1.1346490539783776	28.403557964621776	-31.83272936516178
1449.9999999999998	1.2591593035640798	18.060565842474624	47.551690882107884
1500.0000000000002	0.3672213424763052	15.666953693647983	94.72125737759019
1549.9999999999998	0.8110841632289053	4.197142710764664	152.90504710198542
1600.0	1.464584860956653	20.05330813583711	-62.944049982196276
1650.0	0.994796758369296	10.319500661108405	35.61468336804546
1700.0	1.3193396525244812	8.02366186069753	155.12915508396145
1750.0	1.3949594001989076	24.10637119483212	60.6468399251868
1800.0000000000002	1.2332387487339134	24.341293408607537	21.21469239395122
1849.9999999999998	1.0678298582902843	5.100627650203614	-2.6317888267926284
1900.0000000000002	0.6427888437758646	36.55008383576967	46.41293385965163
1949.9999999999998	1.1261126687755425	20.04943281067778	173.87533596992526
2000.0	0.625732887491867	39.20908053441376	178.9469058262977
2050.0	1.357523330500232	30.382741336069486	166.51528342037537
2100.0000000000005	1.218039010231491	21.85149113702374	-83.66345933282334
2150.0	1.0017384239316298	30.805694953861295	113.36417892017894
2200.0000000000005	1.445984794731674	10.102355392887818	-123.05406183782021
2250.0	0.9219338454912094	33.1933636336398	43.50698433621439
2300.0	1.3385038070414332	3.6914358579558755	72.11657432462766
2350.0000000000005	0.9901588771166073	20.529961792931253	-53.5636339651236
2400.0	0.7396662281419338	34.802537376871406	-120.07087504771621
2450.0000000000005	1.210634838339724	25.894409006413987	-72.18158213626354
2500.0	0.6531717892078315	16.839789512465266	-136.9377933443271
2550.0000000000005	1.3994277885264028	17.85381266556385	-36.48078200207667
2600.0	0.952667518598542	9.707456459276226	-175.617073241576
2650.0000000000005	1.2459765438927435	17.62623741760286	27.23467975246643
2700.0	1.0296356096366097	7.802001673644039	47.72296966230826
2750.0	1.283862545585094	25.91011341636428	-144.25226755482873
2800.0000000000005	0.8591135948953215	31.325604420001884	-6.9978785786756665
2850.0	1.4260886169223357	17.737559304922982	163.90978618406456
2900.0000000000005	1.2447929877760668	23.469505155938432	-49.63068522199775
2950.0	0.9249423349017935	31.937865711173902	-20.358135493127364
3000.0000000000005	0.9381056456446579	30.619692752899148	-123.8419887694893
3050.0	1.0134995644908873	20.84737774671179	-29.745583117377784
3100.0000000000005	1.4346298979842091	4.096620069344662	115.22985759768585
3150.0000000000005	0.8076897081681202	18.885183206206268	49.10704209966249
3200.0	1.071097535572532	34.721646501343685	-14.715169646890477
3250.0000000000005	1.2203786754647497	18.516154608047888	16.478205128201267
3300.0	0.9908549739258057	17.363915494663374	25.45880836206225
3350.0000000000005	0.9119997041750939	33.06438113001215	41.80041404691176
3400.0	1.2749778874882618	24.008304490959926	-154.43876752202428
3450.0000000000005	1.306852677047174	22.60405138817964	135.82931234125013
3500.0	0.9925379761851713	32.993231707899284	-176.30433753812653
3550.0	1.1938793682539928	16.06151146660263	-49.82208574039546
3600.0000000000005	1.1617821092037477	18.673085918100707	25.72516229957636
3650.0	0.9548809591350232	7.727473471482849	-89.30944324243927
3700.0000000000005	1.3021521418784074	16.20109407688859	132.39231778366073
3750.0	0.9653448697067033	31.776617803359134	-3.362716605169634
3800.0000000000005	1.2629420654224168	17.925333831009624	44.382766344701665
3850.0	1.152762622766619	8.673406047078325	-71.44043484949675
3900.0000000000005	1.1867743972173417	10.946411504344807	157.94800122896024
3950.0	0.876742165521954	18.54048746423727	-75.74982860018591
4000.0	1.4188454329899625	17.91552322019337	-128.93680175045645
4049.9999999999995	0.5590515419254974	15.812381050671025	-52.44930750493485
4100.0	1.0008017973606815	6.821026906830171	72.07057973641166
4150.000000000001	0.5775070518204891	20.72561180553233	-74.74707585175885
4200.000000000001	1.2477486654994738	10.593857171618094	20.179368547257123
4250.000000000001	1.392806368456665	8.136020456112696	159.77374450120578
4300.0	0.8711037971852944	10.65799902006411	126.7199747043716
4350.0	0.9969735032598986	21.255301494183225	-67.3865237391871
4400.000000000001	1.3921598916138251	19.48307418325689	-147.04967158028794
4450.000000000001	1.0061096456249223	27.899841207977378	-13.383236140350968
4500.0	0.8479331488246183	30.457323493358807	-125.27811624838776
4550.0	0.9497115734658876	21.659521029287088	-27.068357259090693
4600.0	1.3617652536791627	3.7231418558417273	-27.53153209584449
4650.000000000001	0.886307468206262	27.556419388307088	46.26804385206199
4700.000000000001	1.3002402137324756	9.634236854076132	109.33743750261205
4750.0	0.7650113292978746	2.8315536497207847	-138.80155472729726
4800.0	0.6922551301791012	23.572537176132748	98.97584072366766
4850.000000000001	1.2305104360122654	17.155966613097103	-41.161893416135214
4900.000000000001	1.202095905211427	16.704471839888058	-127.35047287401898
4950.0	1.1821995803224759	15.796886240729506	108.15079364899765
5000.0	1.310610063864521	11.569486211468712	-121.47421806808077
5050.0	1.4011665422484127	15.420386494783767	-136.89128199963017
5100.000000000001	0.9740185293515666	25.960252002695395	-22.42845929729043
5150.000000000001	1.42177884372704	10.640841915756335	-60.49448160884517
5200.0	0.8425780273405818	27.125484336633875	-164.9896959720898
5250.0	0.5158108329019193	11.662752102997826	97.67299103090272
5300.000000000001	1.4060615633943687	14.15259192750435	-146.99423478276063
5350.000000000001	1.1513489082319002	0.27157489264731016	139.09080188904886
5400.0	0.8722481975397062	13.05075009879902	136.33657218604557
5450.0	1.3279882496328068	16.97040693468624	-116.29973380248174
5500.0	1.3295764388727103	14.268532782141055	161.51290480063528
5550.000000000001	1.3738075780924421	14.888863986326458	143.60293298029328
5600.000000000001	1.316621692575944	13.757402211332312	73.53675059502199
5650.0	1.3245130301586214	16.9817569417133	-4.857116135460803
5700.0	0.7463355095267993	13.498009848538347	-13.006915906812534
5750.000000000001	1.255149781250506	15.04113835507238	128.8585403021343
5800.000000000001	1.3202307064952032	17.204561902270687	-139.70550818632748
5850.000000000001	0.9390805420480306	4.732563250250771	-118.41551205923093
5900.0	1.2559652928977658	10.318154522493032	-160.9636157377669
5950.0	1.2973092679361564	12.85393725151035	-19.252832714952312
6000.000000000001	1.3174826478422457	12.992321817599109	154.37144464542376
6050.000000000001	1.1728484049580679	18.568585291212973	-108.92499462715931
6100.0	1.2714648681799716	18.568412092007836	89.9668985550798
6150.0	0.9502735715071978	18.18842841063964	-105.68147719949523
6200.000000000001	1.173436825509558	19.914576481586543	-128.32023138815376
6250.000000000001	0.9950948424913344	18.344699797225037	33.91919286321976
6300.000000000001	0.7177337037547628	14.110498375416284	102.22082167908896
6350.0	0.7395991663373538	22.339066373870946	34.9489984610942
6400.0	1.1154913096589343	15.916208854946255	-89.41404324657569
6450.000000000001	1.255462927398367	18.105326767502316	-42.103904111707166
6500.000000000001	0.7662283780484225	13.838020743247563	172.85981594995843
6550.0	0.8773370744503475	11.550117559092461	-62.445336231265756
6600.0	0.8693948812793384	19.956838408474656	94.13007230104634
6650.000000000001	0.9660145653670063	28.161046233809245	-167.09558847626138
6700.000000000001	1.0334746675568836	20.315946124240956	43.33572703012222
6750.000000000001	0.9720087938570728	10.00217231285904	139.1192520238186
6800.0	1.1338652521625188	18.93687229297684	62.484171026557476
6850.0	1.031672101707448	24.739803895460348	-175.90891162616145
6900.000000000001	0.9962350510334016	16.609205845194545	145.30329054968485
6950.000000000001	1.0929485054066073	24.67191862359922	-154.5034182948261
7000.0	1.0454222794120092	10.645737123432735	73.81830855062685
7050.0	1.0360635745177948	13.087588641821176	39.580025922276576
7100.0	1.1589926473355263	16.344741457361874	60.03288275027065
7150.000000000001	1.1812372960446995	5.0761276333981575	-110.34105692636824
7200.000000000001	0.9771422163468908	20.743620009567227	-161.98684573018605
7250.0	1.2586865564622747	11.820043543333577	60.14121175014941
7300.0	0.8773092974071867	7.3689414432568405	-176.70879736035727
7350.000000000001	1.259076255072846	4.660320245235879	-168.47184127910688
7400.000000000001	0.9585209667355257	5.868395682668381	-56.0745960907499
7450.0	0.8715755240210844	9.33860133004807	24.308788383747828
7500.0	1.3574001947496948	7.979974233694705	-137.44617963207392
7550.0	1.238948842357859	2.3126445288473167	55.76941846919926
7600.000000000001	0.7543302126386278	7.182172496271392	150.01424725737613
7650.000000000001	1.0281296507497142	11.26763739974329	176.20226370745974
7700.0	1.069892344578404	9.258831552124953	-39.78884795671531
7750.0	1.1022248756824244	8.937494887927306	-4.176046421048493
7800.000000000001	1.0187592647852455	8.101859770312945	20.10889986008364
7850.000000000001	1.0965358812733164	11.816888913983112	161.41710813784812
7900.0	1.1440609727313908	6.225589556170933	143.30358463059616
7950.0	1.0480560930345777	13.169691042401077	-26.29804601155306
8000.0	1.086252447713523	4.435581199491663	9.372030198178631
8050.000000000001	1.131299200967285	5.228225187544428	29.896149288469797
8099.999999999999	1.1014604005392885	7.075692112212074	105.00955564554005
8150.0	1.0025779637648389	14.996696230651095	-8.171505987356074
8200.0	1.0934076915117374	5.589709625759028	21.328832504711947
8250.0	1.0126618192156054	9.203172356107165	166.16684524294703
8299.999999999998	1.1928473871432357	6.756996669018694	-138.80241668487932
8350.000000000002	0.8589840360761691	15.276365020725926	29.483611506096555
8399.999999999998	0.9148323358797938	8.872901226103739	67.74611115402563
8450.000000000002	0.8423983935623108	3.431780540450503	139.99577337538227
8499.999999999998	0.7899718625536089	10.921421696792187	-11.26131914171884
8550.0	0.8252404831377212	1.8032264673348324	-86.7622730979893
8600.0	0.9467620111049314	13.419933617425219	173.40644903407588
8650.0	1.109383709760429	5.619475360082327	174.90525252355556
8700.0	1.2790608331290554	6.160473303780027	-141.93489345258624
8750.0	0.9193941146811044	5.6728194340585425	155.58455389100865
8799.999999999998	1.1061269475069326	1.6110008270244702	-17.263064304081542
8850.000000000002	1.0301093366385499	4.629889635758884	-24.744548385531296
8899.999999999998	0.9371920011479534	5.605557931331027	26.88386998075621
8950.000000000002	1.0795065702580329	0.7221220392973333	-1.6778771359889049
9000.0	1.252349790059553	1.1873557232743757	60.93922163311938
9050.0	0.9684302909831048	5.698278659568188	-26.854239191497246
9100.0	1.152099356346199	11.771319134995025	-1.146667349391458
9150.0	1.151926278431589	4.652498968439041	0.8956582070224599
9200.0	1.0532380407509627	7.808382632244059	45.127425766018
9249.999999999998	1.1220924980199505	10.590603144248474	-31.23634502043564
9300.000000000002	0.9800697202234233	8.0331154331733	-28.84827381816341
9349.999999999998	1.0172902929938894	5.440874486462404	-104.59755068681862
9400.000000000002	1.054745700236324	8.622713828420496	32.23840698405371
9450.0	1.234255063984579	9.150277418553255	-4.1125850326166935
9500.0	1.1287839433660762	6.916100281087644	174.01903405272807
9550.0	1.068191838485837	12.244044334649193	-34.364786687704914
9600.0	1.2308492126408408	7.272443312357899	-94.07503517374536
9650.0	1.160780508048927	11.31183147790749	144.2881112788492
9699.999999999998	0.76738739576138	10.354693555461695	-157.35013758215513
9750.000000000002	0.8324288693402265	11.826933415582584	156.00041950696817
9799.999999999998	1.0295956009578464	8.673608911872874	-50.533189601261846
9850.000000000002	1.1428866954860772	6.461903085311719	-49.57859497630343
9900.0	0.8581824014130429	5.354588139580847	135.5329912386868
9950.0	1.1315134316928455	0.18157229592414362	103.68774048099307
10000.0	1.1899561115476647	7.453893465219336	34.29685984207837
