0.0	0.5567057148160837	129.4022906435514	0.0
5000.0	1.2877417382660414	67.39886937806108	54.5370788868431
10000.0	1.3551381942809493	68.6650034238975	91.56399580461367
15000.0	2.0426310013998745	28.730057417074796	115.35946785603622
20000.0	1.1073455742028822	73.60061008588914	-90.30948101165883
24999.999999999996	1.5218080324371106	53.206908308914514	21.606344820101754
30000.0	2.223355491191456	28.740122355743367	-91.44139983903578
35000.0	1.7388029872098834	32.247253078984826	13.262804526802638
40000.0	1.8429347619720662	35.35568270304211	-175.24683997657166
45000.00000000001	1.4345130259543803	50.27214680583906	174.49565116342956
49999.99999999999	1.1088009949480504	57.87740670733055	-112.37824118756825
55000.0	0.581906718372719	105.19118099300384	-84.66865987579618
60000.0	1.5447390394198384	45.69678849809579	-156.85729084539878
64999.99999999999	0.8307160226215582	56.816148309547316	173.61974218451994
70000.0	9.320318952295795	85.77428928146999	-41.16873435707571
75000.00000000001	9.502517894723505	35.68691164890887	59.0585489791568
80000.0	8.947870942632802	117.92117086782584	-116.08886533018956
85000.00000000001	9.515206002825492	117.61475935042215	-155.7314537385782
90000.00000000001	9.26244682346871	102.9278698233294	125.26766848069543
95000.0	9.340947847095673	90.73142934024905	99.06343659233833
100000.00000000001	9.33486109145089	105.93707648383584	-37.26724024025639
105000.0	9.772118134869471	73.01500639411694	-72.42624227897731
110000.0	9.238187243758519	121.83713540500044	-58.9263440735063
115000.00000000001	9.430693391655371	60.453349336510435	-84.62616499185049
120000.0	9.306686360617613	72.63671261939376	-113.74996009861071
125000.00000000001	9.201692814266593	69.05093132569964	-43.20629168808395
129999.99999999999	9.432959468461686	115.06823598277151	-106.51216699035595
135000.0	9.264674722812607	94.09835329878716	-33.23767882679773
140000.0	9.229704405101412	97.63368299464982	-154.24369545339133
145000.00000000003	9.367837399274675	95.68751026580762	-130.4333097265034
150000.00000000003	9.721144316943162	20.704899980942354	-56.97930467677875
155000.0	9.601691789284201	43.17910347092045	-103.55115010895801
160000.0	9.291978638495314	99.58146675183582	-124.48732118050341
165000.0	9.514976401464134	44.67542684573891	150.44542410213273
170000.00000000003	9.234677983296482	72.63674158560693	-146.15234984277427
175000.00000000003	9.157177744820714	102.44812958518385	144.78437009733977
180000.00000000003	9.315782929487785	101.60858649219665	-55.25379471105288
185000.0	9.294387371728398	47.528565874716506	-26.114731446758256
190000.0	9.098708459993288	61.842828422528314	132.29297978868132
195000.00000000003	9.35280358944017	95.16013257344365	158.46482164256068
200000.00000000003	9.379522921545304	68.41313894645461	-7.471587980339718
205000.00000000003	9.249850270173821	81.9789417163914	-61.46294560358362
210000.0	9.398182137659237	72.79215478124794	-127.12989972932982
215000.0	9.63134414488941	85.71476114332147	117.58221715634174
220000.0	9.405759115342773	102.8976715935104	-174.66981031464044
225000.00000000003	9.188413322292794	112.81269009807198	-119.22619861058996
230000.00000000003	9.12559649516631	97.54665115023103	87.61880525247884
235000.0	9.260466115191601	67.91395416651746	6.700374189807492
240000.0	9.423379230821268	89.04655220400403	76.63494122844745
245000.0	9.31527657457284	107.17047614289388	-150.9095588578354
250000.00000000003	9.484933377228373	63.80293423182805	126.34573873442824
255000.00000000003	9.472793540022602	nan	141.46463581948154
259999.99999999997	9.225928287937306	105.52127386103298	23.496785925090606
265000.0	9.267732095470144	86.22572404729925	164.7056902770627
270000.0	9.309132464249274	88.13738386637245	177.5683522560374
275000.0	9.622913260750911	71.0515354742244	172.82134905325861
280000.0	9.366519679398403	88.14382364067407	-47.91724046402827
284999.99999999994	9.648751671524053	55.23041950020984	-156.29206735334685
290000.00000000006	9.988126445971789	93.00302753919055	-132.4488396325661
294999.99999999994	9.434348793078664	45.20137835223123	-169.13836689563877
300000.00000000006	9.512208720481983	119.97996152930773	53.0842816485795
304999.99999999994	9.12191208473755	97.74404185141046	176.94947363341902
310000.0	9.677105905247876	49.38708489750352	-44.12444693426289
315000.0	9.061181395744775	128.43284196435917	29.018422799950297
320000.0	9.246902036774266	75.42179986389738	-112.80337599955602
325000.0	9.100172816699853	116.81860572071827	-177.20321240855213
330000.0	8.855363421031557	120.56378455864471	126.97812266731253
334999.99999999994	9.370402182936699	84.55865236649922	-100.41066698042289
340000.00000000006	9.319172324483908	51.5281184659892	-169.9085138667002
344999.99999999994	9.634803883482972	93.02021010152295	-23.34516879205303
350000.00000000006	9.150106280975399	104.0757945659794	-107.60112786588188
354999.99999999994	9.264548006895323	100.43956746567767	177.6373286819599
360000.00000000006	10.002248706376836	87.7365030982774	-160.27681261240087
365000.0	9.289773332297193	69.5485122876469	-107.44002675392197
370000.0	9.265621671029631	104.2805786156806	89.5956165835904
375000.0	9.027698771517278	110.89688983490487	117.19348277737913
380000.0	9.379258061311937	82.19941178782194	89.49369008248348
385000.0	9.252402147479172	90.79124575791549	-179.96697588304397
389999.99999999994	9.139436801342212	94.50299581674271	75.19428726844218
395000.00000000006	9.528562178378362	69.67920292043414	32.10075234927362
399999.99999999994	9.153438939176457	90.76334326653044	51.02794231518503
405000.00000000006	9.129515004268814	117.55291406337363	31.169116978985244
409999.99999999994	9.272303657178105	115.0039612037215	-137.95426157025918
415000.0	9.445323616460414	82.1931097820971	-99.06109977165201
420000.0	9.128543366917055	99.66602504247176	4.8176191548647385
425000.0	9.353793228914668	94.83770941506572	-5.992533592850045
430000.0	9.417442736013111	109.27743796157844	4.156067917067399
435000.0	9.81631280106944	78.67433048200314	-29.0393187719166
440000.0	9.09906227015951	113.45294501622452	105.1249098059261
444999.99999999994	9.278674315834186	105.35871116099014	-121.63170491315202
450000.00000000006	9.241000875957932	101.56778483597357	-41.83742637693526
454999.99999999994	9.575251549662672	57.33879154006957	119.64791885100793
460000.00000000006	9.222137725637488	111.75923715158515	-166.7343263544607
464999.99999999994	8.987117883376886	110.50790615222633	126.0389506298832
470000.0	9.67812995718357	78.89411802506862	-177.66213946645908
475000.0	9.161942125028684	127.6272178281333	159.92056491376357
480000.0	9.39580737378061	42.981963016099996	-136.75444925048703
485000.0	9.654869771850976	67.0938937177649	164.12084732385117
490000.0	9.34279316117664	81.25337553161437	41.09829871330878
494999.99999999994	9.692077663584268	62.44571084163644	-162.60436304767367
500000.00000000006	9.733105127725365	113.880492745736	135.03056659989187
504999.99999999994	9.311373803966973	88.96097902015217	104.99053359605504
510000.00000000006	9.400404876566453	74.65319005364566	-83.11991940852897
514999.99999999994	9.160443191289573	101.33784696426679	-166.64052707688262
519999.99999999994	9.22075097753462	113.46139215304856	-8.565201745641405
525000.0	9.212004473726031	102.27095808321482	150.59638756264036
530000.0	9.545704179926172	79.0482306835822	-31.465528158426643
535000.0	9.268134843691193	92.98133479006387	131.04439762564988
540000.0	9.297883288742002	106.31053571755426	98.51566450717722
545000.0	9.045589998371048	110.87736996589831	119.22291957763227
550000.0	9.081050510055203	143.28007609361686	-9.786785204546367
555000.0	9.015692360467902	105.76897156575775	97.03418839367004
560000.0	9.564757891310613	32.18050470036385	138.36291593553662
565000.0000000001	9.176153354977288	100.41332526689996	-68.34801404829673
570000.0000000001	9.122638041766702	122.67219645527122	-8.451142084812526
575000.0000000001	9.319989929095742	91.06738418255217	-109.49093834799824
580000.0000000001	9.428065222254117	87.51772131312511	-70.45715085170258
585000.0000000001	9.13777480051241	97.25088227376008	-153.16714210623562
590000.0000000001	9.348426342476733	135.44297023005618	-37.9891130300131
595000.0000000001	9.058424661844247	123.71204462146072	-92.67201444130451
600000.0000000001	9.249680485508277	122.59600958317203	116.44989303647365
605000.0000000001	9.01286343017285	102.77389703153442	69.93493414388547
610000.0000000001	9.179930541613734	92.23516330973115	-26.732180180396696
615000.0	9.644153451240372	90.38684405813909	-177.65594964899313
620000.0	9.006781765576655	139.62591373622917	-65.25332951001432
625000.0	9.334283492817903	92.5707824336038	-137.0702702472873
630000.0	9.238322133973945	129.74137673792038	168.09261282828345
635000.0	9.30824505432641	111.53005609473375	125.04581381816493
640000.0	9.299285423313473	117.51912689851352	-99.95695788072109
645000.0	9.468588216597032	72.49783396398635	-28.79035252813519
650000.0	9.024854106927387	116.45690739974462	82.09290275218187
655000.0	9.275995445638427	128.83713333081363	-4.499029330511735
660000.0	9.531017867587686	108.62313814602045	0.8317926801875779
665000.0	9.249208797572141	45.27894708208149	11.534676798492809
670000.0000000001	9.396640424531805	85.51278021558126	-70.06420194968462
675000.0000000001	9.422143366541865	115.05067791611931	-101.40894936964757
680000.0000000001	9.314740310209507	91.10277240867799	-98.66507821047952
685000.0000000001	9.299678424073225	74.55565823197863	-44.67338817869756
690000.0000000001	9.542007812100485	78.86901088211356	-16.6815469886285
695000.0000000001	9.353846174476928	68.5627357559004	157.4331919665011
700000.0000000001	9.221928046100004	93.69799056866631	-103.63193942772757
705000.0000000001	9.113394877227401	100.45003017813026	155.74678650144307
710000.0000000001	9.273360890025792	80.54804150735526	29.990373582659913
715000.0000000001	9.788421303470349	63.772197295545055	113.51974145413827
720000.0000000001	9.81098971029562	nan	171.9506967211086
725000.0	9.186427208895902	82.98661548336675	146.61162705153814
730000.0	9.262089947146302	86.3963487909835	169.73518841470104
735000.0	9.183612148986116	114.409456037987	-145.96493797890932
740000.0	9.310374602873797	59.47847452900177	-137.72319998569287
745000.0	9.288967319716505	155.39993995875955	-143.04980219798787
750000.0	9.254470587239988	89.45534171492486	-14.711120311697554
755000.0	9.164645469927983	104.98589015080125	65.06753790064249
760000.0	9.368037413263105	108.90779465001569	-100.17395758795648
765000.0	9.555007198606681	24.285454581043123	100.01340846355941
770000.0	9.571742463238524	86.14577336333907	-80.19913868409937
775000.0000000001	9.358002345466062	113.59052477750461	149.31727769791527
780000.0000000001	9.276126594763895	119.87810515453377	-24.385658962445962
785000.0000000001	9.273671773916599	75.2287805717167	27.23479461206159
790000.0000000001	9.520900720285697	70.38982970791909	60.69563392405024
795000.0000000001	9.07169633984429	98.2229420845783	-67.85334761181053
800000.0000000001	9.061267720763153	96.90824535401076	-107.4944477436487
805000.0000000001	9.249221167024407	119.92875733865598	-169.4765568426116
810000.0000000001	10.107972027769895	77.97924680837114	-153.516581291203
815000.0000000001	9.357265004240203	61.89617467087889	-144.06787359562466
820000.0000000001	9.148986870580195	88.50570375863737	-130.1594248909508
825000.0000000001	9.3158216545155	60.25224874806927	122.91433894067333
830000.0	9.452812593526838	80.06869333810246	88.41987418168777
835000.0	9.318496741100663	120.92613740623854	120.6765759531966
840000.0	9.192643274204073	112.98753028949794	131.79980250629694
845000.0	9.022527601290756	105.54010501340431	77.70378876197282
850000.0	9.011567398748213	100.94976726848013	-68.20139721453597
855000.0	9.692942962355948	66.03937902455424	-22.196760356134106
860000.0	9.82735767601988	85.83395698705993	-161.0066557270958
865000.0	9.638558176615167	79.57869360830108	-36.002830445168925
870000.0	9.644002781845245	101.29032674080587	-136.63460752887758
875000.0	9.139029809025574	115.85961518686008	-14.129028090582821
880000.0	9.128876582798116	118.0670679787739	-37.61401634421012
885000.0000000001	9.171813317885887	105.24060321539056	158.1045589919318
890000.0000000001	9.594850947865197	65.99618004249469	-53.906391279785446
895000.0000000001	9.31332889581439	89.66921391077167	-13.524747725294542
900000.0000000001	9.114480207797476	118.7791857681683	99.62029646441158
905000.0000000001	9.400010654061944	135.11321022073847	-120.90384995993095
910000.0000000001	9.19825201905153	112.24931713439742	-15.689490763493115
915000.0000000001	9.330885475702472	83.63513687505554	166.71037461901093
920000.0000000001	9.207773348885825	107.01015716066216	-12.003781816935389
925000.0000000001	9.621724493230875	80.5312459916877	-165.88007201545437
930000.0000000001	9.176132936918867	90.01796300184192	-163.63342230368943
935000.0	9.187811713234495	83.31814085310859	76.69397587050832
940000.0	9.259491809025668	96.87184044768453	63.16302344861237
945000.0	9.251642583095114	55.32598667950797	51.2051123485173
950000.0	9.693423361986198	64.24382884719837	20.63713810950265
955000.0	9.37053240805364	82.31728253535678	-44.49344597268101
960000.0	9.572498457829433	94.08042221602228	-92.94933998854943
965000.0	9.256650061399773	120.10808653169582	-153.2054985475016
970000.0	9.267022761091042	29.631411641681026	89.44293582380344
975000.0	9.419408410424396	73.23209130746679	-60.41990264625866
980000.0	9.299526135466065	83.83484507826334	55.364168567495426
985000.0	9.68396617540118	84.60985867958664	59.15133173598383
990000.0000000001	9.060749727552935	111.74002092670953	-158.38968269999936
995000.0000000001	9.385179952185775	96.27035328561155	32.82310965666495
1000000.0000000001	9.178007150144307	96.12144207621623	-20.9252086325425
