0.0	0.9186268190037119	60.99736048848219	0.0
50.0	0.9475332786929054	64.23106334381289	-136.4928726462077
100.0	0.9937535322163171	71.74467137619314	101.67899865364807
150.0	0.9806765734790627	60.55270424283416	13.098401283995763
200.0	1.1798187566519251	61.81679956246104	-58.81328868200601
250.0	1.0847230050484309	70.0238248307495	-94.75569423657161
300.0	1.0722470709455583	69.48966121980072	-104.03233683094957
349.99999999999994	1.0872608836222075	71.47786452094594	-91.44160812327588
400.0	1.1810947851456115	61.92662991777589	-48.11353180724934
449.99999999999994	1.0632067244891792	62.67512464865655	34.81291467350725
500.0	1.0381523489672155	66.1706300201106	138.35231475566417
550.0	1.1255010960368308	71.94022383265215	-77.08345844445579
600.0	1.2314105303476381	68.54218540741584	99.12980027994875
650.0	0.9856831044895666	67.0383495737039	-28.876506583957624
699.9999999999999	1.3042276121657377	67.39017340484988	-80.94817533362425
749.9999999999999	1.141457630542007	63.57497685562123	38.74236505328063
800.0	0.8685236552877548	76.81086404292047	-140.73394841983804
850.0	1.2290780731002404	59.698112588417544	10.843036676064918
899.9999999999999	0.9431016586569111	72.94451137589556	-124.49321717086826
949.9999999999999	1.0007398562964107	80.19447566850428	91.70685360615059
1000.0	1.1869600603319514	61.78542828780576	-34.44042237620802
1050.0	1.1645981000528314	60.60144012563994	-164.39443946829186
1100.0	0.9348833351688983	84.75930196948354	90.27625856965422
1150.0	0.9975142424861697	70.55687801419963	17.657657462991473
1200.0	0.9945989497919274	72.62254180580196	46.594973149447206
1250.0	0.9187859170268093	69.08510237136234	-18.290692284957295
1300.0	0.9152663888189757	79.72859018198882	-63.437015199342795
1350.0	1.2394694269533115	73.7458526106208	-72.99771502914214
1400.0000000000002	1.365042094515341	67.86758402033968	-77.80166368587234
1449.9999999999998	0.99839896683664	79.24933417977894	-70.57597115750548
1500.0000000000002	0.9231855172041097	75.82898109188051	-22.119808325415352
1549.9999999999998	1.2403977150346819	64.70067151007221	39.9254619460579
1600.0	1.3062569398606498	66.87985896350564	117.62984835182128
1650.0	0.9862271202971358	72.89525967743421	-126.0503097252157
1700.0	1.0722151919114136	73.68051935514188	163.7064852116384
1750.0	0.8675718328310816	84.68189924016974	-88.309729959914
1800.0000000000002	0.9307352455484448	71.33172863495997	30.087444567006422
1849.9999999999998	0.7841497484660945	93.82773735922046	-165.43092345845267
1900.0000000000002	0.8244511335416784	73.0090973617752	11.96208945891829
1949.9999999999998	0.899256268433461	81.61800059669028	146.97206679691558
2000.0	0.8132381484123243	85.35575843122145	-86.6293440898582
2050.0	1.110660542447838	66.9960218736442	69.32740462881227
2100.0000000000005	1.3446160859605991	66.36448617826555	131.75129169628238
2150.0	1.0118252737359184	75.29494751294183	22.499788163819723
2200.0000000000005	1.2459162783153293	65.87815102530963	-31.792260023808467
2250.0	0.8580300062116603	88.14451574673048	164.11165044963775
2300.0	0.7425249894286025	90.820935401068	-93.10081740560136
2350.0000000000005	1.3917431400597087	61.983999228086695	151.70832576200428
2400.0	0.18260483947198866	125.36282170900269	36.32377111946252
2450.0000000000005	0.8909779986807125	68.9487239232008	73.0828807465792
2500.0	0.8642555528241134	80.59259511227548	-9.652288871545698
2550.0000000000005	0.8899982124172567	78.53295989686517	-154.8045656917849
2600.0	0.8348614982982162	73.29378155511388	-58.36829930617999
2650.0000000000005	0.9154206430996985	75.92523188356522	-111.83450751955795
2700.0	0.9170850002796238	83.02672371386046	-104.85758333301573
2750.0	0.9970499339023196	74.19105084172773	-142.70124585360531
2800.0000000000005	1.5020847111271594	42.44791139340775	148.05063933750094
2850.0	0.9401148254436917	75.34582877133455	91.93639137557717
2900.0000000000005	1.1751196970189108	66.55233328364683	20.930562029458535
2950.0	0.7789282372530026	73.7326587690518	-111.8568224928211
3000.0000000000005	1.3391719477022004	61.43759030200701	-47.4282384974528
3050.0	1.145553062365154	61.844266481659496	34.202372822134755
3100.0000000000005	0.8949838309906174	72.49146519582011	64.67453373820642
3150.0000000000005	1.1992865947100888	66.67954856443303	97.93743029491482
3200.0	0.9825547942306221	76.85752135170172	100.16708755514348
3250.0000000000005	1.1065893474712545	69.78070489808064	97.69774959630267
3300.0	1.2152149493589592	64.51724816968051	120.26451021832123
3350.0000000000005	0.8977005892600566	66.3938952064735	172.28231588040717
3400.0	0.9087269518209845	79.70094393541159	-117.33892596317084
3450.0000000000005	0.8779212779544183	70.26835076580856	-27.570362807839135
3500.0	0.9175892146611446	83.18760555093571	94.29778743592681
3550.0	0.9175994100129511	80.30490056618342	-108.32256023330586
3600.0000000000005	1.2421432835422297	67.14574860257316	70.43083611547388
3650.0	0.8616656587533179	82.5590977001279	-62.6047682510964
3700.0000000000005	1.0995648303525971	67.14447989879814	-151.8571898908006
3750.0	1.240945395186172	61.496769498026026	141.31292498227185
3800.0000000000005	1.296320122315016	67.01833177638221	107.25578548716528
3850.0	1.1897818219271565	71.33763980621764	102.23185413226109
3900.0000000000005	0.8844790103106683	78.46775072023507	125.27170073301389
3950.0	0.9718515539035059	68.94044924913226	179.45399428697843
4000.0	1.2794340459084061	70.94980093919679	-99.9241291220499
4049.9999999999995	0.823198591778317	76.6466787780168	6.014242264326327
4100.0	1.2289570148763578	65.29868745804046	137.655108820269
4150.000000000001	1.0565321929012164	78.85330469026532	-58.38137484004275
4200.000000000001	0.8236599366289018	82.35248640225439	147.44206608854194
4250.000000000001	1.0836392143564824	71.5741872682323	19.166069122812385
4300.0	1.2666869877567313	70.29526802395279	-71.64538411967814
4350.0	1.2296476072497458	63.528269117527046	-155.96331082386382
4400.000000000001	1.1667869085784777	72.77027197563771	134.77044016646784
4450.000000000001	1.1303657112035188	81.06461878829855	105.52273736226918
4500.0	1.1721907289263094	79.0984311519766	101.62525109069011
4550.0	0.8846244070294563	80.38297629124847	158.06258781028453
4600.0	0.9011454995646659	85.40664907820334	-131.35163204059242
4650.000000000001	0.8921976924295132	85.2460109267604	-128.77030942905373
4700.000000000001	1.3823320181212855	69.29780664883118	-82.24710407026987
4750.0	0.8505836704260588	86.07450496658699	-23.340370692562857
4800.0	1.0701774843499339	67.87192158275454	-35.24872398385311
4850.000000000001	0.97300352218335	82.287839545059	18.365197558604862
4900.000000000001	0.9080970899029577	70.97158005599618	-1.4858098269297093
4950.0	0.9548903130267562	81.3622968837306	-177.88670109679467
5000.0	1.162137290140571	76.24979076488533	178.10644667405995
5050.0	1.3094420072007575	70.5740479225647	87.29434604703087
5100.000000000001	1.1891758529330145	72.6510718138386	-53.155460213378504
5150.000000000001	1.0345120418371825	79.15753165267434	-146.1915047909372
5200.0	0.9309070805523788	80.10607838649915	-79.68187103757545
5250.0	1.2008025151216282	72.19720405770349	153.99740426003734
5300.000000000001	1.0562394218432105	73.44831095022312	-160.20628603258302
5350.000000000001	1.060496942538185	77.05744064871645	104.3764702413183
5400.0	1.1185101474733523	71.77905094442971	99.37570693010471
5450.0	1.16688223484388	72.4538752881905	-172.17460194540985
5500.0	1.347225499894092	61.60092124149212	-49.71413149626117
5550.000000000001	0.9997366541008472	74.57155556444644	117.49301968200888
5600.000000000001	0.765187923322113	82.42877288427081	-39.201917312106005
5650.0	0.48262389220309904	91.95821020262218	-53.867749442001184
5700.0	0.62182839402914	94.81946554624702	-79.9184294779222
5750.000000000001	0.6127657643507373	83.88677171062393	112.45338052806879
5800.000000000001	0.4972752118147954	88.75675698672781	132.24756927563095
5850.000000000001	0.3124536026177762	106.93747344588722	140.5791171705346
5900.0	0.46903864152993113	103.83522880565134	-131.16088918568218
5950.0	0.7646551807152657	83.60537694576267	-178.25148089016875
6000.000000000001	0.40927051324798935	82.81320795031442	-117.5742666658568
6050.000000000001	0.6171833694491365	68.4648856988571	-67.02115328426912
6100.0	1.0020364290829653	67.15566847973426	23.37912186321288
6150.0	0.961199673839905	64.65729094968334	53.65163885935171
6200.000000000001	1.1833618925210878	65.69980484925141	140.26076354398876
6250.000000000001	0.5213781817142856	79.92309780837454	-19.169533291751133
6300.000000000001	0.8469829847236596	74.44275856766893	155.57406169743317
6350.0	0.7514467731955922	75.22375104686854	37.081830701938216
6400.0	0.6827120441984723	88.7177753811149	34.29301251188396
6450.000000000001	0.9980248217325592	57.87567631428328	-116.47041210715287
6500.000000000001	0.7001279719046939	70.39400093443665	-29.571947076103957
6550.0	1.1580692559345755	50.33645394300293	146.49910510905093
6600.0	0.9271972446331289	69.06497988256139	-49.24471066300853
6650.000000000001	1.0243672838433804	66.8036450798796	84.53109071860408
6700.000000000001	0.9365893244380926	67.25796501544968	128.8754534997789
6750.000000000001	1.1789348316207822	54.80519900864104	-15.752346734361424
6800.0	1.2627624389195558	55.61395971190793	3.170381710648032
6850.0	1.2214979051999346	58.167423736580396	-144.72160489212874
6900.000000000001	0.7455453421492533	62.76988152893858	45.729135361691476
6950.000000000001	1.2809127862962955	47.26736064889578	18.574353756750046
7000.0	1.1534651819544008	49.87285500039539	-82.29172305832496
7050.0	1.357063357395246	48.177235247190886	-47.29166553084082
7100.0	1.3834189580908665	44.623249864326745	-131.76180677944157
7150.000000000001	0.7215243112461593	79.2545062114644	130.5888907543259
7200.000000000001	0.8123507957758077	75.32087968603106	21.762906136368173
7250.0	1.0269662678548097	62.71086304711594	122.50741573473485
7300.0	0.344281943918707	84.40747279222595	56.95666993961778
7350.000000000001	1.3373817607754181	51.84187841683756	-119.94911327438584
7400.000000000001	0.6055080063788822	72.32114716699368	-173.00472229865645
7450.0	0.7351948722358304	67.09959492942927	-147.6634748478415
7500.0	1.0385088453584703	66.06307339462282	-39.19054604581093
7550.0	1.0970654821026427	60.83494441670289	71.15499414091498
7600.000000000001	1.326351214744376	55.72124746975021	64.00803108308281
7650.000000000001	1.276031441468328	49.89712130665994	-125.01540967822581
7700.0	1.3459121741805369	49.131527687092756	149.11852213866698
7750.0	1.1728841295167418	47.21143515924919	-10.114775843654717
7800.000000000001	0.9068372577377629	62.24148977874003	154.30962650456323
7850.000000000001	1.4097466064915765	48.23414906546635	-95.18581697477022
7900.0	0.6307790651402092	58.17188610980449	-101.38262052393316
7950.0	0.9539098837210986	64.00002896747944	98.26466665544189
8000.0	1.1547907445745118	47.10797567487589	-116.17588758779047
8050.000000000001	0.26752088601020263	99.36700444177605	-103.6145944065561
8099.999999999999	0.7703058604639952	72.3465248880406	133.26993137319067
8150.0	1.5012540509901489	29.287377322269677	10.222460466367734
8200.0	0.6848347920484134	50.00185032876946	56.12810173846734
8250.0	0.975745686785071	55.57606688486266	145.98688339012153
8299.999999999998	1.3141047343772687	47.358108811025225	-151.74346003113453
8350.000000000002	1.4006606221925624	41.37191355508202	131.50684443397472
8399.999999999998	1.3408455217910487	43.152001885906735	-89.18212565487268
8450.000000000002	0.857648921391202	51.369980962079175	-162.09779954587125
8499.999999999998	0.8232125176137416	59.24401988666299	-26.76306031006806
8550.0	0.834914441836112	50.62310583116374	-41.1262877351842
8600.0	1.1279274278363018	54.081773589220006	126.2145054949887
8650.0	1.6323239621096142	24.22646125139585	169.6007499709111
8700.0	1.5632026129243948	39.01300458989672	148.64250099610294
8750.0	1.61230210953891	35.002083078804105	15.697705658469161
8799.999999999998	0.49648761780105694	56.13347924492815	30.249095697837905
8850.000000000002	1.3995055000142846	39.867236795717744	-97.17415942371086
8899.999999999998	1.4366744349489455	26.38070693868408	-46.61857059096733
8950.000000000002	1.0009766417825188	44.042029857925286	-173.61496175961213
9000.0	1.010651808200386	43.53882249735183	85.44855477817569
9050.0	1.168472297517919	42.14578678428923	139.50268122976712
9100.0	1.176544446950121	52.09016845616328	-160.47563909526974
9150.0	1.0987386420416376	35.193930286017874	179.20245360049927
9200.0	0.24517936381927594	26.439859518433224	56.279725447425996
9249.999999999998	1.222182207796177	41.945953196956275	-164.48761385893138
9300.000000000002	1.4045466179098025	26.508082129519767	-41.368040913436005
9349.999999999998	1.510489974632033	32.4381412343484	96.81857298192965
9400.000000000002	1.6280926281784966	29.307088266414304	71.37008134375435
9450.0	0.7139086581922408	51.96516894578615	-118.39813142507317
9500.0	1.415250687631174	29.52765873436431	-80.33962118139898
9550.0	1.3082689444538902	38.38319104095807	148.46382857867755
9600.0	1.1796288561402255	33.260148897026774	-132.3795919971715
9650.0	0.5253337433147351	30.002372555614826	-132.388443889296
9699.999999999998	1.459536018792068	30.858054196817328	69.83712424721149
9750.000000000002	1.0143710667439358	36.63466540802309	-57.79383306005503
9799.999999999998	1.4431691337003865	32.79260086652739	130.93101276043453
9850.000000000002	0.9243834569007445	41.70788287949152	173.4809519532989
9900.0	0.703811558027187	54.56670185561543	-14.035411813990432
9950.0	1.4655609834827272	25.7048111300822	143.84970357395886
10000.0	1.0894993516652551	28.60926857564729	96.72540595114116
