0.0	1.0215802057374088	107.14358376055644	0.0
50.0	0.9800086236159028	110.21388465174496	-32.221397743745065
100.0	0.9613178407891309	111.80541696604185	-135.41226358660646
150.0	0.9163432201025831	120.93137870711266	124.74993210334756
200.0	0.9946190018783652	102.75017482135911	-4.264491401741524
250.0	0.9532653677723888	105.25020072868024	-36.72368700819951
300.0	0.9231735777227356	115.40578570145124	-74.10867203062374
349.99999999999994	0.8339035549435506	115.68884487983958	163.41439819995315
400.0	1.0695642120302062	102.96796265233577	103.02792640219229
449.99999999999994	1.0617465905323034	97.4767840838767	148.22320764354788
500.0	1.1265512381050198	99.37775242204981	112.14482366965709
550.0	0.9728567072730562	111.94455184670785	-82.01162099733634
600.0	1.0329976461762218	93.62929745068881	177.2915451652368
650.0	1.0483941193948194	105.90279928253095	94.94062569636326
700.0000000000001	0.8874224160908764	105.52296979994574	50.7672837168834
749.9999999999999	1.201741548560975	87.15510370489262	-53.61722416450452
800.0	1.0434467102062377	103.51289014137512	-159.3350743570124
850.0	0.9361647779541978	102.54830699651137	70.63834680941213
900.0000000000001	0.9487932968426821	92.32728956472769	-108.35883795610943
949.9999999999999	1.1470930823819891	91.51936409758426	-72.84235417030582
1000.0	0.932151496472372	94.45923332027306	-123.05224678761432
1050.0	0.7621545137488767	108.0352228086034	5.537530598004174
1100.0	0.7667113471271282	101.13390603344077	36.29896242626113
1150.0	0.8062238851709257	93.79652712801077	172.47312253400798
1200.0	1.2334303630133487	81.31806844224822	134.42472423771255
1250.0	0.8717003347325999	100.7285540064158	-72.2425535573997
1300.0	0.7827962307313053	96.30689204874705	23.485719371796357
1350.0	1.2523763394147442	72.15745988849925	47.236430257435934
1400.0000000000002	1.1566341568541434	74.65058007928141	10.172850819916032
1449.9999999999998	1.27735503478443	71.57051643022227	-114.83006166277676
1500.0000000000002	0.8751586873102276	92.25485047496738	40.84231528759219
1549.9999999999998	0.8233460429099473	90.67370784889363	-77.47022210555787
1600.0	1.1349342335538484	90.27372584283455	3.95617407673593
1650.0	0.7538594713459915	96.0033530254252	-43.68820182745996
1700.0	1.277521479378475	67.57133268661539	-125.07938128024065
1750.0	0.9548250553719813	85.13463820333519	-16.976519890253776
1800.0000000000002	0.745153597640367	101.15700843454107	-45.7716841315097
1849.9999999999998	0.7410174303986536	95.4221188821781	-74.37885733420147
1900.0000000000002	0.7914537791766647	96.08312449668576	-72.64376877348005
1949.9999999999998	1.532742448893686	60.79466180856809	116.81482499738365
2000.0	1.2828497787726247	65.87992211651043	-122.6377550175028
2050.0	1.491923814068242	61.26525499128296	3.1623842039868357
2099.9999999999995	1.210427976394043	66.76259424077205	151.3008350692244
2150.0	1.3647148398721227	68.90664489752702	23.373183735613186
2199.9999999999995	1.1597939783406432	72.20147110973565	-157.055275878215
2250.0	1.5124847182955385	48.34235026787518	-20.281613142799458
2300.0	1.7734438981338179	47.88043829502632	80.868172455935
2349.9999999999995	1.8680248834393227	39.10794704716721	26.334908560637086
2400.0	1.9359073267393099	32.69929082918234	138.54250759999348
2449.9999999999995	1.7780210867506268	51.110406891577405	-125.15581756299603
2500.0	1.660999460609804	55.6148616094725	-101.38476458173213
2549.9999999999995	1.485262719965196	54.52148014454925	-168.58692873830904
2600.0	1.3373964792110613	56.09522843687971	84.54191631974557
2649.9999999999995	1.517379878271915	53.813669923098054	-54.366991000634066
2700.0	1.4270839203411718	68.45306779337544	164.67669890454806
2750.0	1.4973794910540197	54.89726370494584	32.474138471880394
2799.9999999999995	1.5088896061297687	51.633461048014546	-89.30664257109838
2850.0	1.773343768244922	49.77647780553182	-176.80305637812708
2899.9999999999995	1.6394038772460673	49.39420963554954	74.57507963957332
2950.0	1.7487144472309115	41.90549045427451	-71.56643252812695
2999.9999999999995	1.6370368142662413	54.58208263778049	-103.16860013960586
3050.0	1.1499903129446065	66.61162173349585	53.632480204409354
3099.9999999999995	1.4717915188104773	61.43694504979404	-108.62899493742334
3150.0000000000005	1.193881404211845	62.51255069568527	85.16068867191721
3200.0	1.089536725536333	64.92900779638002	-21.807918913743286
3249.9999999999995	1.0958131663953243	73.42914815688681	13.841427504779642
3300.0	1.3062428062362648	62.59040460071127	-109.62153474623837
3349.9999999999995	1.217152752532212	65.36364170455074	29.31761020547885
3400.0	1.5115070622777376	60.25246579063571	-27.254574618916113
3449.9999999999995	1.903089855626749	26.292938448969768	139.94647683042936
3500.0	2.185485614592641	22.612326233301545	-130.95703255825023
3550.0	1.8051561084661332	34.904531681239845	-75.850471829836
3599.9999999999995	2.0404049344693904	31.68004709681726	99.10996669647261
3650.0	1.5579895627448312	46.56446962877733	82.04848792485369
3699.9999999999995	2.1424727754752158	21.711750769730394	-35.27390766736508
3750.0	2.0847328359021735	20.160822577214905	9.677066402753068
3799.9999999999995	1.8811495175906685	29.333531643814997	40.930811324314774
3850.0	1.4873281856980807	44.618409090836586	-115.26846448501692
3899.9999999999995	1.4735751339099812	48.358175877616496	-75.71751060232894
3950.0	1.628683696140413	47.74572957166102	-46.444513854230124
4000.0	1.4878286983727007	45.848661030939454	-15.56100426877771
4049.9999999999995	1.8602764670625325	33.51144673361755	-100.21790778128461
4100.0	1.7114922039670797	45.74464059943383	7.645755596658846
4149.999999999999	1.7225360550770055	49.59369539572624	-164.44738010261827
4200.000000000001	1.6306152983115203	49.76972368998078	3.00881805606784
4249.999999999999	1.904971832147335	19.688886990737885	-21.58406024771473
4300.0	1.5487345546209008	43.74795676098234	-139.117720085048
4350.0	1.9860354895515318	20.17462770076113	-135.16725777012493
4399.999999999999	2.108418711665704	20.912642801522075	-17.279479414454908
4450.000000000001	1.659118125855351	35.06702314837537	-161.84297252871337
4500.0	1.7995097681813155	37.49170125742218	144.97186011534936
4550.0	1.7667748404162595	42.477839998569685	-104.10280607328963
4600.0	1.8715351200705275	35.313230524493676	-14.390454094415986
4649.999999999999	1.518637913177799	55.639211091347605	-166.54281988067555
4700.000000000001	2.0477422847259086	15.66866194292931	-162.5571675362951
4750.0	1.5361428605391405	46.84551027790298	170.8544005841536
4800.0	0.7816027756699439	64.3387980183736	-11.12264506824369
4849.999999999999	0.9337337014856831	67.6287060217515	114.2957575105982
4900.000000000001	1.4606546463853833	34.15548967645431	-1.6341661967959515
4950.0	1.1781933202913661	53.28708521101143	170.15567846684996
5000.0	1.5639360148046397	33.961679165012654	135.42855937647985
5050.0	1.6542466454225055	27.19176380228889	-141.40083561532865
5099.999999999999	1.5683614286319036	40.67855887076536	-154.303292373669
5150.000000000001	1.76133918927752	36.10783646657122	-152.17794744716542
5200.0	1.8357474219576	37.2376480792521	1.8268709980410822
5250.0	1.9066168926982103	31.27232692643109	133.8483451774299
5299.999999999999	1.8835733834247732	24.071773772045344	162.53523258971657
5350.000000000001	1.8438968140554788	24.58128756763889	153.19252679615036
5400.0	1.7476748487952658	27.524446522318655	97.07239146379119
5450.0	2.1209441750811653	7.437774851405368	-65.26291023393694
5500.0	1.8228821891329947	20.571653463811067	-127.63293737131997
5549.999999999999	2.0977777956193986	22.08852198976476	135.28340371513607
5600.000000000001	1.8471002378085233	23.412130606228374	147.93564996882156
5650.0	1.9559967845659203	26.133825131554847	145.9605083575529
5700.0	2.040200323723273	10.493634573574385	-84.47034129481943
5749.999999999999	1.8701001095050194	27.0663291599079	69.69693351287708
5800.000000000001	2.0068439945163097	34.945797907255994	-5.1552442034149575
5849.999999999999	1.8131320866172098	33.79605441601808	68.81188763376711
5900.0	2.18478342470931	9.559606715780175	-24.512575624257888
5950.0	2.211307266888066	18.858485404605904	-35.13963321261276
5999.999999999999	1.9778513328735572	27.586888310834635	-89.1994866486412
6050.000000000001	2.190335409241578	18.97998331276775	80.71707790676703
6100.0	2.32164628235705	11.21289028381433	145.7709214074136
6150.0	2.055541617643752	30.807825417602153	111.00399500596299
6199.999999999999	2.017043876065337	36.55076217873203	18.7439309508113
6250.000000000001	1.9858503753684158	38.26714102002523	-144.50547181166246
6299.999999999999	2.012297372453247	40.71473695385171	9.268625021373836
6350.0	1.7479010111541078	38.91269212276193	82.60742565317584
6400.0	2.0322726835535945	34.36475076001829	119.70045955152835
6449.999999999999	2.3178012452834644	21.612067758530223	138.93114861456496
6500.000000000001	2.1545644146582887	22.744988150942596	146.07226526390454
6550.0	1.9937181446473669	32.48967025083824	99.77271082399402
6600.0	2.1557975774706013	28.800175084836056	54.87120837488558
6649.999999999999	2.1743900133639658	34.564136518854575	-18.354837690813635
6700.000000000001	1.8229614838552428	43.40316156565993	-114.46961395470319
6749.999999999999	1.9783808261447988	33.97997910966846	136.51106518438104
6800.0	2.226770312908891	32.88330978323548	0.6222044377230455
6850.0	2.245089235557613	34.155574633585054	-164.63431301065683
6899.999999999999	2.2298575826391254	31.707528942386936	7.516498957379095
6950.000000000001	2.176923429234496	26.54734312553643	142.47819367394246
7000.0	1.5932201550818943	51.03080787175341	-147.9389295885477
7050.0	2.145012858281427	34.794634106162796	-34.0616683280382
7100.0	1.745696948514966	53.35186888219964	-36.44783097489579
7149.999999999999	1.958087268584906	47.001470553387186	11.453405145093663
7200.000000000001	1.685068118618935	51.81455032319008	46.371421523542175
7250.0	2.105910401503131	27.947978514058118	84.18297955326601
7300.0	1.8031992274154547	51.76678725521577	78.2341604512327
7349.999999999999	1.514612300792083	50.93403220502614	-47.180981979398645
7400.000000000001	1.7417493391598087	44.362448901780574	63.540819372259996
7450.0	1.656431278035247	53.732189270180434	3.247400170210437
7500.0	1.7934692253301923	41.206763765210525	-24.027913914196763
7550.0	1.6585517661354565	41.3666199900851	72.88811219738
7599.999999999999	2.1901777753126113	6.111424222735874	53.76131657305842
7650.000000000001	1.7542743470198783	42.92784224757276	-3.8126702232876815
7700.0	1.3407969062091174	55.84267535309089	89.1495299216776
7750.0	1.6047581882683566	45.86542820403023	-10.002529922466968
7799.999999999999	2.1958495667724387	20.57571237518084	77.82692380316865
7850.000000000001	2.035108147862914	29.59507240147867	-51.64833760510064
7900.0	1.5232420250664025	52.162192476589055	-134.80245922345824
7950.0	1.774282875114829	51.11986365401183	53.77843451225847
8000.0	1.7201617208790374	41.683347673814474	-83.11440607307989
8049.999999999999	1.6244917502623377	52.21885702185019	61.493351617481686
8099.999999999999	1.6725671614063924	41.15968428186888	51.99892968710922
8150.0	2.1009680016639467	10.094393488902101	108.00620526501245
8200.0	1.7051959912441133	35.48275034954345	-77.53915939467458
8250.0	2.1578708527766826	15.07965112251594	-82.02100371842099
8300.000000000002	1.7424995413825888	35.525283066217014	177.22094359065147
8350.000000000002	1.9087960214530117	32.42669371967414	-97.62805271157501
8400.000000000002	2.0721998719234267	17.97474000435877	143.98415651290705
8450.000000000002	1.8233503416125216	24.347760626892928	98.75767068303101
8500.000000000002	1.5926471303161331	35.88402858490171	58.657282606404195
8550.0	2.242343031376056	5.7377330921091	161.8202172569817
8600.0	1.7527334757750515	43.523141448755815	8.19732559458645
8650.0	1.8265589085710252	34.24007000355711	-74.77306517782178
8700.0	1.4545005383624794	42.15057075956541	74.48650739805002
8750.0	1.788259656880205	43.98050053294519	166.2092478831543
8800.000000000002	1.7690337417735387	39.79879808779539	141.78515137670587
8850.000000000002	2.0126943090466525	8.48830117060704	-156.17045447475226
8900.000000000002	1.7594948059965845	38.90166444505964	16.532715984408494
8950.000000000002	1.7253995954897547	40.11610129019628	157.3087865575767
9000.0	1.814978545022528	36.72987903297863	-73.79427386374938
9050.0	1.3523461738192373	53.38082323489308	132.08617418245066
9100.0	2.0468827043097226	20.67719172234014	-140.97728836807366
9150.0	1.9227264242946307	12.697967654302804	-75.23067806361578
9200.0	2.0112152044362923	21.98690163607984	-62.54502514877821
9250.000000000002	1.8281422884832035	36.25481479166633	101.11838823357597
9300.000000000002	1.8248437950932888	30.134107128064223	-125.00606366832137
9350.000000000002	1.7286665610759093	25.146045245016794	-88.84224466629817
9400.000000000002	1.9191897089787826	13.083196933861052	-158.3788588849407
9450.0	1.6464513221502595	36.55073798035188	46.82191201723783
9500.0	1.8291186478296382	16.571751845428725	-107.74285815076215
9550.0	1.457373147560099	35.39172159205277	-83.89260301222023
9600.0	1.6907960009119356	28.50729612232707	60.67162107893175
9650.0	2.037494688326034	4.63879528306785	-119.40533556428055
9700.000000000002	1.6958492306187058	35.67593036585462	-52.69843796132737
9750.000000000002	1.899653319151541	14.888705186186614	48.3577191194317
9800.000000000002	1.776989963806208	22.963830483974355	28.582669882495765
9850.000000000002	1.719079149502643	29.2054766150657	-26.731919004497918
9900.0	2.0381400899491866	6.07884849754136	-126.61274279362041
9950.0	1.6161684137149446	29.720147230276584	-111.72953335058963
10000.0	1.4328369218191257	38.94809535726767	-152.9595005203767
