0.0	0.6108708681431636	177.98592976457599	0.0
5000.0	0.25232589361827934	174.6519516285054	-150.1344458878896
10000.0	0.11574798681106017	170.45641222167572	-8.798418272226176
15000.0	0.13855767308894376	6.60735860938896	-38.22648681866627
20000.0	0.24891629934448606	6.465925811857412	-152.69950907252704
24999.999999999996	0.5654403822012929	28.997918058279552	139.03951584153182
30000.0	0.7755001984697396	32.655091496354004	-135.04615513825826
35000.0	0.7421138983442321	25.252928580607616	76.70095025398841
40000.0	1.467361733125262	8.798077476531034	-90.35018114300837
45000.00000000001	1.0054670367212222	1.8700088320300234	36.49427595665057
49999.99999999999	0.8774472457838055	11.452984554158471	-29.379336702566913
55000.0	1.144770097860524	5.004397409255328	141.7342793508971
60000.0	1.0752064396466967	7.126390461267803	6.702722372072841
64999.99999999999	0.9432602435625007	2.6775947627887433	-11.105307585239613
70000.0	0.9630056759580097	2.1590136433351237	33.5917980534539
75000.00000000001	1.01191945374119	6.9883850754717	175.28936484874166
80000.0	1.0864465728490944	5.600697843766991	-0.5083959118872247
85000.00000000001	0.9349709865418667	2.0288230834482417	-56.43014272879255
90000.00000000001	1.0485999271030673	5.01628437879008	-168.48817234551484
95000.0	1.0061962525335701	7.39060496017791	-179.8422561861939
100000.00000000001	1.0114100585743702	7.025846597787019	177.24741429549323
105000.0	1.0134330122037611	6.992200271053587	175.90871098689442
110000.0	1.0093358583215963	7.1588121560606215	178.11894657618308
115000.00000000001	1.0040777057193588	7.293323147571584	-179.12259998465376
120000.0	1.0217283411263307	6.751927645146145	-175.28518268193187
125000.00000000001	1.0491516914859618	5.222082920824217	-170.10587558737717
129999.99999999999	1.0561417642006135	2.9136093279155655	-156.465417931791
135000.0	1.0091070416657049	1.5402732088386337	-99.10896023145484
140000.0	0.9390447925908478	2.328712896630553	-54.33783635033782
145000.00000000003	0.9237127098067676	2.957531020542085	-41.01288712516008
150000.00000000003	0.9809043552119101	3.4596047945608523	-27.41426093149944
155000.0	1.058547811306611	4.622249636302169	-10.435778840133413
160000.0	1.099677621973749	5.8324802000784075	-1.4316040723960974
165000.0	1.0854820832809726	5.360254527217722	4.922490700375623
170000.00000000003	1.020455189832232	3.92561405042474	18.54865670276763
175000.00000000003	0.9433528915453038	3.154517885049375	35.6362963789075
180000.00000000003	0.9224996963532472	2.6467772158393053	47.2861528753616
185000.0	0.9810725569718147	1.7534033573783485	74.12119137907636
190000.0	1.048403910447775	2.3205884596244273	147.31700058899443
195000.00000000003	1.052633924250933	4.96310462290504	169.20412291133528
200000.00000000003	1.0170037945873331	6.876688535515517	175.7332886882797
205000.00000000003	1.0069342820155016	7.223305778774976	-178.29694040118636
210000.0	1.0382687713357763	5.966767012538162	-172.45900925260543
215000.0	1.0590829904642594	3.4089740244086815	-161.27998870700287
220000.0	1.0144049171705416	1.5540845298966788	-105.81176332383099
225000.00000000003	0.9400102208931234	2.321092613801293	-54.17485489024257
230000.00000000003	0.9238621105386657	2.9648198378334754	-40.91411916472342
235000.0	0.9858680192676738	3.499831466772074	-26.38342724110423
240000.0	1.0635294171169414	4.754452458241489	-9.371710215742784
245000.0	1.1009750987982152	5.865391622047715	-0.9072178213056169
250000.00000000003	1.0809889106039003	5.2292770830814215	5.805499848386908
255000.00000000003	1.0119259327356636	3.8077281384756185	20.442371795020623
259999.99999999997	0.9370720242292844	3.0997452369068337	37.142351910570454
265000.0	0.9256255018300944	2.570368970972735	48.72985361958077
270000.0	0.9900930907620356	1.6607414934647116	80.85354625459314
275000.0	1.0525093397000291	2.5885487013137967	152.14328262522864
280000.0	1.049315208597083	5.252645796028787	170.1876965403538
284999.99999999994	1.0135459875086936	6.998470495624794	176.39200317533698
290000.00000000006	1.0089171572427396	7.161449772514473	-177.62218629084458
294999.99999999994	1.0426706620011779	5.71896473903037	-171.70963322172844
300000.00000000006	1.0575524435288193	3.0920262931810285	-158.51047380556625
304999.99999999994	1.0056267605242677	1.5572785706136485	-95.76030065528056
310000.0	0.9337496893386048	2.4227166160403057	-51.945130929139395
315000.0	0.9278396376483204	3.016020284078748	-39.62224432773417
320000.0	0.9955262224233729	3.6008266730320537	-24.220768773452477
325000.0	1.0705893941676128	4.932078430586524	-7.9567061821945675
330000.0	1.1016462110868388	5.890193850946298	-0.2626541158167871
334999.99999999994	1.0750369579048231	5.061812873352094	6.9845705141777135
340000.00000000006	1.0022329650117952	3.6834131481217147	22.618614768942667
344999.99999999994	0.9313160708707351	3.048117001517207	38.57274241423281
350000.00000000006	0.9301232194903979	2.481876594814506	50.4714008982812
354999.99999999994	0.9993406257731526	1.5891310706374437	89.17031034955579
360000.00000000006	1.0557705688392793	2.88281024332986	156.12332871261594
365000.0	1.0454179925006615	5.52989946577284	171.06292575220579
370000.0	1.010584854448672	7.0990919208539855	177.06291206336655
375000.0	1.0115092316930943	7.0771220940360395	-176.94437232768777
380000.0	1.0468244979444847	5.452160222172027	-170.89388581051094
385000.0	1.0550080477684844	2.785717496259899	-155.0872077273662
389999.99999999994	0.9964887107225533	1.6063618050574204	-86.59486923143307
395000.00000000006	0.9284959072956102	2.5167830301471596	-50.02526314169259
399999.99999999994	0.9328992472286325	3.066579197734012	-38.254435125595734
405000.00000000006	1.0052503271510413	3.714594163570481	-22.037528760974485
409999.99999999994	1.0770053482768676	5.105600243453969	-6.68443292287551
415000.0	1.101517261238892	5.886579424882669	0.37618571349586344
420000.0	1.068416480235573	4.886677305388524	8.300907918235827
425000.0	0.9925274342541446	3.5728384968379943	24.794694368485573
430000.0	0.9265960411604727	2.9966624476231796	39.91526434934654
435000.0	0.9356926880280898	2.3855026213481767	52.480374569742416
440000.0	1.0083778437213406	1.5548231347995018	98.67074855124461
444999.99999999994	1.0579817124017497	3.191865012856189	159.32905436559315
450000.00000000006	1.041176615012647	5.790361291250787	171.85745893314115
454999.99999999994	1.0081892228381222	7.17792454229322	177.74381165635046
460000.00000000006	1.0146463492220348	6.970660339916965	-176.27489078257773
464999.99999999994	1.0505932269999683	5.169014761565684	-169.98797828389783
470000.0	1.0514156330152469	2.4962483078084423	-150.83168764125375
475000.0	0.9871883292003525	1.6888524414646864	-78.68713878583873
480000.0	0.9243470023498528	2.602885649824215	-48.34763432341042
485000.0	0.9389623122925055	3.1178147395525073	-36.78936192482103
490000.0	1.0149263205040087	3.8420104074463377	-19.865516334916503
494999.99999999994	1.0827375893400164	5.270619387232768	-5.544618967553601
500000.00000000006	1.100587780304629	5.854607445851979	1.029150559043297
504999.99999999994	1.0611663945583711	4.708079571036075	9.764208379326549
510000.00000000006	0.9829247719331194	3.4751871331571786	26.93716277188845
514999.99999999994	0.9229963854092484	2.943960750784287	41.1951896941457
519999.99999999994	0.9422321629575028	2.2815015352443218	54.84229519773251
525000.0	1.017047816573654	1.569309493734061	108.90019334732035
530000.0	1.0591561999396888	3.510282704437887	161.9391266574112
535000.0	1.0367156136176983	6.032572833592192	172.61040870954605
540000.0	1.0064104733313204	7.235216085151863	178.45370153419356
545000.0	1.018264497945964	6.841622494601791	-175.5882741262106
550000.0	1.0538540526497746	4.8711239332299945	-168.93190634565659
555000.0	1.0467881588930557	2.230122337127698	-145.50060061969987
560000.0	0.9778695747469229	1.7929082855715508	-72.04883119023178
565000.0000000001	0.9213754625015609	2.6815546528465712	-46.80716918949008
570000.0000000001	0.9459441434150058	3.1716022086357407	-35.16240819898509
575000.0000000001	1.0244772004419331	3.983286258205382	-17.689373271744145
580000.0000000001	1.0877700463158206	5.423661331353298	-4.471902016935506
585000.0000000001	1.098852255731945	5.7948313611872795	1.7707364189878505
590000.0000000001	1.0533032173443582	4.52916602870185	11.441817576497048
595000.0000000001	0.973506816894894	3.388992430119249	29.083008012142788
600000.0000000001	0.9205796889959865	2.8883838183016524	42.51253172467756
605000.0000000001	0.9496545346056326	2.1701697584848367	57.742146520577094
610000.0000000001	1.0252333946346013	1.6403225503457977	119.22642528048588
615000.0	1.0593244463426532	3.8342454882413843	164.1406401624991
620000.0	1.0321500900492862	6.255743833016008	173.38248972024545
625000.0	1.0052890450144603	7.27111622423734	179.22424077506628
630000.0	1.022288194213067	6.6895464237850195	-174.85608431761025
635000.0	1.0564836133048614	4.560674729421106	-167.66861466477633
640000.0	1.0411641234611773	1.9956682910805197	-138.87619810143275
645000.0	0.9687038445610123	1.9085736296171032	-66.5620975425224
650000.0	0.9196476049862773	2.7532930059388536	-45.360262459075045
655000.0	0.9537241671573014	3.2297382912457966	-33.379088704705296
660000.0	1.0337846137129159	4.137270114353635	-15.569957001095066
665000.0	1.0920592795987274	5.56043550175503	-3.485218633694479
670000.0000000001	1.096315950982726	5.7088012075227805	2.5790802145098612
675000.0000000001	1.0449103742191208	4.354225734243309	13.279171370927347
680000.0000000001	0.9644432021608706	3.313163921286714	31.140738798511222
685000.0000000001	0.9194169860736051	2.8289306997447756	43.83058979270656
690000.0000000001	0.9577875558075071	2.053744827514864	61.23708863544221
695000.0000000001	1.0327556966957268	1.768687199641779	128.8009836962586
700000.0000000001	1.0585365322466598	4.157965673716418	165.97030564514995
705000.0000000001	1.0276235560697506	6.457865201219242	174.13249292817395
710000.0000000001	1.004857651087368	7.2854893107928165	-179.9990642304224
715000.0000000001	1.0266086929454215	6.514918229693674	-174.1199698458883
720000.0000000001	1.0583571568254246	4.241559015373456	-166.19287990592665
725000.0	1.0346281059196178	1.8028942272061557	-130.88297349858934
730000.0	0.9598851714255392	2.028093386141897	-62.0795695714291
735000.0	0.9192020486970766	2.8187297564529885	-43.993632104742645
740000.0	0.9621630207693757	3.2940599663952446	-31.46537864465767
745000.0	1.042741133957587	4.301990036376556	-13.559994113974032
750000.0	1.095577475968405	5.677210895491134	-2.586604268722682
755000.0	1.0929898410044925	5.598826242486631	3.4585711839607827
760000.0	1.0360628780139358	4.186607939941097	15.25551187366064
765000.0	0.9558699061548297	3.245943095900707	33.08515179512808
770000.0	0.9195363230762319	2.7644858675844137	45.183941638789335
775000.0000000001	0.9664770922840368	1.935199655806656	65.4952108050075
780000.0000000001	1.0394936205156229	1.9492311595473961	137.15012544912935
785000.0000000001	1.0568704723819011	4.4775145117419575	167.51264553983117
790000.0000000001	1.0232555287015417	6.638249244274901	174.87291562146422
795000.0000000001	1.005126239942902	7.278352072762355	-179.21892615901885
800000.0000000001	1.0311177334477664	6.318066151872231	-173.37109857599117
805000.0000000001	1.0593739202664172	3.9171841984449616	-164.44198617100977
810000.0000000001	1.027275985767287	1.6608271883607792	-121.59017806118948
815000.0000000001	0.9515799400186894	2.1462912395279763	-58.40071585254768
820000.0000000001	0.9200439122623767	2.8788282407693018	-42.66638400217545
825000.0000000001	0.9711294655889157	3.3665192521379335	-29.42838791187472
830000.0	1.0512639522811984	4.474984178443639	-11.680149195348593
835000.0	1.0983088353734254	5.770921257225241	-1.7586753798639727
840000.0	1.0888880005215542	5.467786174911321	4.426548369976351
845000.0	1.0268410246654898	4.028980099121958	17.35152686764505
850000.0	0.9479197870231411	3.1854156008008387	34.905211758511385
855000.0	0.9209402819530293	2.694064699415852	46.61066600813965
860000.0	0.9755579705973877	1.8192297502390318	70.71048326098591
865000.0	1.0453442646141473	2.1734725581902063	144.12799184661262
870000.0	1.0544224702950273	4.789342938532	168.83167480363585
875000.0	1.0191576229156125	6.796465571027456	175.6109054090754
880000.0	1.0060892912676964	7.249622109955849	-178.44072414045377
885000.0000000001	1.0356968632646386	6.099644520326739	-172.60052777667565
890000.0000000001	1.0594499660295853	3.591448890282686	-162.33927809203928
895000.0000000001	1.019225464931746	1.5759183520957538	-111.38778314568033
900000.0000000001	0.9439476753772247	2.2598004546258683	-55.35380969219623
905000.0000000001	0.9221526752355896	2.9346764733930244	-41.34343416251115
910000.0000000001	0.9804900730533773	3.4489699241125162	-27.286573061813108
915000.0000000001	1.059279310448692	4.653167232057431	-9.944337223530974
920000.0000000001	1.1002419672495334	5.839070842289616	-0.98414771033314
925000.0000000001	1.0840297265856678	5.319075317565882	5.499082091819632
930000.0000000001	1.0173348131935458	3.8833293617245106	19.54038715573819
935000.0	0.9407220966251282	3.1296510156464175	36.59997677225721
940000.0	0.9236054231536438	2.616826233723104	48.15488129225574
945000.0	0.9848600228386226	1.7127289636112044	77.08732174533834
950000.0	1.0502276658810796	2.4322267883333377	149.8223112038789
955000.0	1.0513031458680009	5.09034116648867	169.9792655245382
960000.0	1.0154305651689324	6.9323473009062075	176.3526033624122
965000.0	1.0077258305950685	7.199128039042529	-177.66769956976523
970000.0	1.0402208717389576	5.86061072019772	-171.7941522907454
975000.0	1.0585218350404433	3.2686928179742663	-159.78435455460584
980000.0	1.0106110856129145	1.5490548425253792	-100.9681588489646
985000.0	0.9371353008983634	2.3666129671448926	-52.79748268320909
990000.0000000001	0.9254833874213945	2.9874920941680583	-39.99222026932238
995000.0000000001	0.990113037801487	3.5430409851974454	-25.066963901646513
1000000.0000000001	1.066723101865909	4.8329659112719465	-8.359022817351237
