0.0	1.5145179535700104	82.81288854125506	0.0
50.0	1.5170213130977797	83.11036812360479	-126.64163586687441
100.0	1.5717882588169176	88.00746943137882	97.62555642002488
150.0	1.5523670444734174	80.39093953270267	-52.0963850521193
200.0	1.5103021353403465	84.9943807344343	145.40605745427254
250.0	1.4648478709443964	87.00635483740712	-34.07788222099135
300.0	1.6317427638027902	76.16668155470737	129.29727673282227
349.99999999999994	1.4657087105506528	88.9971832379803	-77.76641658651373
400.0	1.7547787299656354	77.58770607953002	66.93172621088594
449.99999999999994	1.6740003302862714	70.17012157044861	-166.67133079666775
500.0	1.6060041112312635	75.11843201781102	-51.813641596042714
550.0	2.122782162077589	60.14811813037265	84.26831950134779
600.0	2.133214140006794	51.69968241886087	-131.3683940933255
650.0	1.8756060502387195	68.6957411765769	-84.3233956397607
699.9999999999999	1.834666948541166	64.09185300993909	51.15507893319155
749.9999999999999	2.1788885000749594	51.667146636526816	-167.39061640511733
800.0	1.8873010168146922	60.778599073495855	58.54809701682599
850.0	2.076856837193423	54.8369958168992	63.615307997779546
899.9999999999999	1.8676670599211667	67.70875905962781	128.24137322047366
949.9999999999999	2.171884507320689	44.89555220411812	11.701983014647942
1000.0	2.4115421122940055	41.78102167726837	148.27875131150373
1050.0	1.8016022692046803	60.83502877335503	-92.27304102464393
1100.0	1.8239307806070661	59.14846588691132	107.44122401040507
1150.0	1.696967758311044	71.42352996331317	-116.9866185456879
1200.0	1.8107044005176858	61.63344441918392	-103.22337070160945
1250.0	2.2106499413294842	40.6066711191868	-44.214765340126824
1300.0	2.0380905376409433	53.11671675997433	-68.93757586866985
1350.0	2.205160228549668	40.37849785308436	128.88947433623545
1400.0000000000002	1.668864978589278	59.51767816767265	-10.204388697465374
1449.9999999999998	1.7495261064336434	63.71458750928356	81.7654631075119
1500.0000000000002	1.6909783502705245	58.28977431051964	144.37554349539533
1549.9999999999998	1.7250942110643537	62.1873004467409	-129.1058837653968
1600.0	1.6593972798543357	60.02922038817132	-36.04388647208465
1650.0	1.7843380799535795	61.10443166301495	83.8018767501109
1700.0	1.8840815137715765	53.520454976570186	175.18345239217766
1750.0	1.8328554551979577	50.388540701151705	-81.24906008470272
1800.0000000000002	2.206217825641716	36.58062471076119	-178.76943833485532
1849.9999999999998	1.9751202138218578	43.31353508737689	39.90741558394486
1900.0000000000002	2.0067576167184304	45.01261686307469	155.44838364987902
1949.9999999999998	1.5349205508549224	66.11008582378483	119.91586755490475
2000.0	2.1428361512491536	33.740117825468616	84.92449934473545
2050.0	2.3792760640368025	12.772399172179883	84.63998651987845
2100.0000000000005	2.393753299249266	22.851787594727952	-129.42473202836496
2150.0	1.5450775403143857	55.77404245906529	-139.08719987108537
2200.0000000000005	2.1072774619407837	29.037822358445283	144.24978566423928
2250.0	2.3121434863172534	29.419894051905416	-124.05692969740419
2300.0	2.3317388023075765	22.033465083256267	150.21981220675067
2350.0000000000005	2.32384544097543	11.801412659112302	26.22708961463628
2400.0	2.2698837628191555	27.813408567620364	-69.81370364842655
2450.0000000000005	2.379953052380142	5.561517125396872	-119.61212466946208
2500.0	2.066252636767882	22.67027178284912	-166.11604280889583
2550.0000000000005	2.3419456819335833	14.04870436718597	147.22177887494956
2600.0	2.1216059775930547	30.842247073558955	60.75096995684436
2650.0000000000005	2.0428785258160147	36.2655686692158	-144.65494848814632
2700.0	1.8304894012951136	33.485107533729426	-15.659946013694574
2750.0	1.7052935041119741	53.437035528577574	-51.845818578901536
2800.0000000000005	1.7415882208490359	49.83089367814658	97.19521169854137
2850.0	2.2527347482513775	21.63121885578384	-166.65993465999756
2900.0000000000005	1.7033223126542842	43.11104123227888	-171.52303734522903
2950.0	1.846020298453943	36.02445970607753	176.1623833158935
3000.0000000000005	1.652982872885155	43.3894401101233	-51.23918151545511
3050.0	2.206399687917237	11.372402818984739	-73.74936401948406
3100.0000000000005	1.9364658781745678	31.496500573286752	21.890177825677114
3150.0000000000005	2.0103752019757515	20.51922789500138	-106.46405139911732
3200.0	2.0966711145343826	17.783252741391234	-151.79379100544597
3250.0000000000005	2.1341469232535366	11.398753821644583	-120.4632974260757
3300.0	2.030616371325721	17.461591259922873	-52.359087348339365
3350.0000000000005	2.083996096598411	14.690786085242053	-69.44612943241162
3400.0	1.9545947055552297	17.530424563674874	-174.91104258133328
3450.0000000000005	1.5010942880665448	48.2616065004543	33.4782689079509
3500.0	1.4211917644229968	50.78778730394232	117.55941485074393
3550.0	2.0162888640766163	12.335876035686642	-100.41328061357167
3600.0000000000005	1.6585468522032243	46.85349614842183	-61.74639202009472
3650.0	1.9480534781805288	26.350667276497983	-72.52068793681673
3700.0000000000005	1.4204884232439114	46.95019899622328	84.78323953515108
3750.0	1.9921208016524017	19.34934021968431	-132.35069469220002
3800.0000000000005	2.037750664193967	24.0241308664526	-68.3431683863635
3850.0	1.4755726314896085	45.05291721378559	158.03562544064874
3900.0000000000005	2.0472412543552245	8.340648203030286	87.58407360020644
3950.0	1.8187185058921178	17.48023521929529	18.083382728038718
4000.0	1.8391984200860199	22.96475235749357	136.9055299725749
4049.9999999999995	1.590605613554914	39.82147316907642	81.03421625303757
4100.0	1.6136731669797597	28.667778800476974	-166.7337446348599
4150.000000000001	1.4304641323349994	39.388216270642545	-134.16653322567527
4200.000000000001	1.5342559936091915	43.841761603617755	-13.015324796881501
4250.000000000001	1.7008290628164862	34.775381027127956	122.73780171812763
4300.0	1.8366509200123893	33.49984541492254	-89.729444370217
4350.0	1.6723891292256552	39.754770414089414	89.7668896266106
4400.000000000001	1.5866036630556477	42.45701557777265	-97.6752565486549
4450.000000000001	1.6519870494005513	41.604286050805456	102.69933624101405
4500.0	1.31901525854074	44.06737708303513	-77.43053778983789
4550.0	1.6087751537375905	38.96799214021888	110.81792400002877
4600.0	1.5586141195961782	40.84945034700995	-66.01444910680578
4650.000000000001	1.7678114850604105	32.31544730080333	101.34073799072948
4700.000000000001	1.4913993076933023	42.080794247987846	-71.7196678740831
4750.0	1.5100946043252546	35.489667173081706	105.07459701106049
4800.0	1.5413762719624244	34.60805435233391	-68.40082687900204
4850.000000000001	1.6093246305822584	33.875060199138005	111.26377653086787
4900.000000000001	1.320187057647825	41.34666069699351	-57.475474595015285
4950.0	1.2951403641196504	43.02236816370239	115.42567372416181
5000.0	1.2961792900233755	43.11369788904246	-75.59916752704464
5050.0	1.2958449529326146	43.29190194378432	89.17333233792235
5100.000000000001	1.342990011457981	43.279035215330246	-111.42825052089644
5150.000000000001	1.4202519635553925	43.63775529984625	42.12031104387541
5200.0	1.5501376561537936	38.16648768815862	-173.72715745373105
5250.0	1.5665174877301113	34.864106777999496	-29.576021161989388
5300.000000000001	1.5099996230859447	33.23644150832168	109.36225788084208
5350.000000000001	1.5726492599151867	39.27446879611614	-95.84230326779324
5400.0	1.5445562761104614	34.23101236068578	60.55139509917357
5450.0	1.5577057445638605	39.205639144063504	127.25923596156542
5500.0	1.3119757869976596	41.231961516383855	-131.7521170880915
5550.000000000001	1.6213113953825788	32.61913820584981	21.707414937583103
5600.000000000001	1.3588386842451385	39.4539836852594	-120.92404717389513
5650.0	1.3352174842110527	38.768177431583354	46.57239117689542
5700.0	1.0245510146995158	58.855865622251926	-119.0496816724327
5750.000000000001	1.198742711712494	53.51774384737477	-158.36205938913108
5800.000000000001	1.0053727999984416	44.79291593071671	-24.462681137834945
5850.000000000001	0.8891052133529259	61.54380672284328	160.01249070799784
5900.0	0.8310054551914806	61.87743184274123	156.0930331891961
5950.0	1.080407929786255	51.72606118911624	66.65745835853846
6000.000000000001	1.2650402414893664	50.21903134309307	134.0104017555
6050.000000000001	1.5203871242181723	35.876116951511925	-62.966954757783505
6100.0	1.174893384683994	47.45924876431446	70.3282217870868
6150.0	1.025304052970045	50.933620567768926	-50.08344135958334
6200.000000000001	1.2073153687051543	44.81429761858979	0.6374432160437443
6250.000000000001	1.3122397560509105	28.140961686186532	129.03358206230314
6300.000000000001	1.5097904690821686	26.939042590881723	-4.104311626209365
6350.0	0.34668526208502365	4.385110213288988	120.24594214793304
6400.0	1.4383274537656718	28.567947598607983	-149.5166384341094
6450.000000000001	1.4185065478189531	45.997035913184924	168.80569718959362
6500.000000000001	1.3107836790295246	32.99813874982845	118.59513180865899
6550.0	1.61732429906025	8.085289210528655	136.5411512560611
6600.0	0.38268025360355257	56.156479749232155	57.71861842745607
6650.000000000001	0.7795734950525159	46.269604909549926	-91.53066093031946
6700.000000000001	1.1875392468470378	29.061747636783515	-54.39157061410713
6750.000000000001	1.3014127438806975	44.921239812653276	-7.854635386688389
6800.0	1.3924872484998772	40.74167827771897	48.028518984679394
6850.0	1.1063045055180412	34.75519743910968	52.136161830386136
6900.000000000001	1.4966957437909378	36.508935727493	6.982155944867833
6950.000000000001	1.23872768840126	43.81676415516485	31.098167693076043
7000.0	0.9772226480855337	55.54350171757244	-54.13385969437214
7050.0	0.9425197660175683	55.53823794617228	-153.77490550958981
7100.0	1.2757980648848346	25.696349479584935	-159.92145406539447
7150.000000000001	1.391768556659629	18.235483287493256	163.2842249389236
7200.000000000001	0.7626206258576074	49.01289427851017	-39.747918477877654
7250.0	0.8363095428105722	37.5739137322167	6.549426052794396
7300.0	0.39324035334817675	36.08126617629402	93.20799045744752
7350.000000000001	1.1888372019828968	28.275145237964455	-149.76108822621475
7400.000000000001	1.635787747818657	3.978911896278716	169.56048656412887
7450.0	1.5217455931336736	29.165641461056133	-170.00239001928654
7500.0	1.5208751286930315	33.93088881376896	169.64740674666788
7550.0	0.8108480785175373	52.67595790492337	-63.95730970358037
7600.000000000001	0.9962980149394507	27.772158445666015	125.781741791581
7650.000000000001	1.6143320722101884	22.36078911980908	-121.85145145977454
7700.0	1.482724460800763	26.912534184816135	-9.503664975563003
7750.0	1.695204581249993	13.8034212920739	102.44547021992922
7800.000000000001	1.7499023474595012	2.8999418169799642	150.87725596445375
7850.000000000001	1.6413731343128912	21.900222744918274	-116.88425262440934
7900.0	1.4823948431054645	20.20025601208038	-170.87431943682137
7950.0	1.323173095254305	21.61336225092003	16.643713277306407
8000.0	1.3115902859282906	36.64214417717472	150.58003367283598
8050.000000000001	1.402729896390951	15.294689017341527	27.04307802371247
8099.999999999999	1.6925667938956075	20.457662816655084	6.830548750093869
8150.0	1.3705659555010599	25.821210253938	65.67217484929685
8200.0	0.9797999224085373	50.41020530592726	0.07890942533751424
8250.0	1.2428871171499656	24.66050912341062	46.01420224381969
8300.000000000002	1.3068572989466758	19.610320349653417	43.86683138313578
8350.000000000002	1.379076055998514	30.252053596146837	9.386004976772211
8400.000000000002	1.148798906275406	28.56777437547047	150.03114510758422
8450.000000000002	0.6130669052691711	41.09924613517613	116.09424946288031
8500.000000000002	0.892469496327537	17.254815208263796	17.960201576028307
8550.0	1.3150727623289042	18.729551787475277	117.17728768707515
8600.0	1.6914217487272756	12.297624054355643	115.07519128828243
8650.0	1.3893417279189268	14.652916283857754	159.5069936895473
8700.0	1.4290583948803155	11.334952917366628	-80.7254719110714
8750.0	1.4532994789078386	13.28428541798186	-159.78615279860577
8800.000000000002	1.2839705073171195	19.693404886568356	41.84647243763312
8850.000000000002	1.3286750204624933	12.301309079379044	-135.56012012449085
8900.000000000002	1.5607951678041052	11.981264007773106	-33.732601411446296
8950.000000000002	1.417659373711684	13.835453166043306	-112.37504252968758
9000.0	1.455714265053152	8.826600601651243	-94.43014391128872
9050.0	1.4183549645129867	17.38173522095285	33.66684138899264
9100.0	1.6754297158240328	14.787418771898345	75.47513776369782
9150.0	1.4348375177292667	30.195187079975494	71.73342730496518
9200.0	0.9270277875380071	39.70382121269677	91.94393154381348
9250.000000000002	1.1375064884877617	33.62227162199027	-127.13425625419215
9300.000000000002	1.2445999894618636	21.328636167022214	151.01713170162216
9350.000000000002	1.3337075584215874	16.785761379365834	-2.5074801031240446
9400.000000000002	0.8013346156957527	2.841109671235441	178.37974679339683
9450.0	1.244651273408917	14.406093113135151	-129.64652932603056
9500.0	0.8258800096628551	32.55813346241924	-147.41440821287256
9550.0	1.226627524946558	32.69138605516939	-67.85059154905613
9600.0	1.2462279246719317	28.78863533602973	-70.45047786726059
9650.0	1.2859220892938443	16.07172954156715	72.8031036243429
9700.000000000002	0.5565743996587174	15.688291206187047	86.95607617672387
9750.000000000002	1.4613080896283057	22.78074396726071	104.27564460983167
9800.000000000002	0.5240001598850729	17.15669587376071	-44.398515176202146
9850.000000000002	0.7525703992256464	15.685819779866291	-58.11335500147196
9900.0	0.7985147829995327	38.71329597752086	-50.752710918004
9950.0	1.3777987710675876	28.831586102197544	-176.38871214678778
10000.0	1.3824314207699429	19.82403328344665	-131.41779604657216
