0.0	0.7426183831841606	155.8604861519352	0.0
50.0	0.7390051932594346	157.06162139732402	127.30989269308871
100.0	0.669286350953464	156.90638864168986	-46.79734762615109
150.0	0.7075569250216389	153.11736601422552	159.32557410240904
200.0	0.6805028180889359	159.38931993500378	68.28306865291609
250.0	0.6438229903267607	148.76064426399245	20.737802687466043
300.0	0.6365800015059234	151.10627476986468	20.02251902953987
349.99999999999994	0.5979037870926689	157.07816350025263	93.57975564680534
400.0	0.6336645079871359	147.79937200213368	-163.62075853967994
449.99999999999994	0.5810603567242247	146.37153486696346	-14.448959549788377
500.0	0.56661819556298	146.22907329660126	-174.97185783683878
550.0	0.5998781264891291	149.6888155466239	72.33964788954843
600.0	0.569681328225367	141.76442825716472	13.196602157807877
650.0	0.6561914805332898	121.92547694124936	-152.06787956252882
699.9999999999999	0.6157686232083696	139.53807304247977	-108.86277029464122
749.9999999999999	0.6601375897495655	119.7907687080697	-29.198674740190373
800.0	0.6160970254054681	136.58472661012922	63.14996455685414
850.0	0.6111450288493839	115.86099824348217	171.62132180385902
899.9999999999999	0.5432982137475859	127.46555055545868	-40.78470800868431
949.9999999999999	0.5296837092652148	129.46120184782353	111.0998939593968
1000.0	0.5442557158641245	129.54153347345706	-99.21659001335941
1050.0	0.6258861697681039	118.20859164475732	40.65000451562069
1100.0	0.5441671824381162	119.14376334367276	-179.83438377104486
1150.0	0.5208100072506018	116.54208354967174	-27.548093752644252
1200.0	0.5121670750149011	125.67968353024837	108.97156703178969
1250.0	0.49133609765898106	126.49515147894668	-106.27904584827309
1300.0	0.7874132651712483	104.40963027638227	-81.09873462378823
1350.0	1.2798989389893949	64.05342161457492	-147.05465183365976
1400.0000000000002	0.7239323990781572	90.48422762392934	47.62215634790418
1449.9999999999998	0.9966873376865596	73.97492358624064	-117.0964139732618
1500.0000000000002	1.3786067086234273	70.76026018057426	-132.65178420922857
1549.9999999999998	1.3620059035707996	64.15124692784676	29.721845814019467
1600.0	1.2981486642756679	65.12793707912569	69.32311947463818
1650.0	0.6509595571828561	101.37354740743024	-104.99323755789189
1700.0	0.7317560540653327	88.0496577347249	65.42297917437119
1750.0	0.2125153517147044	132.200300731718	44.60821556574282
1800.0000000000002	0.2978389619160957	115.25868492851642	-169.43355268462705
1849.9999999999998	1.4100978093420236	68.14272124301147	48.608947456815045
1900.0000000000002	0.8178047723656098	88.46412777234464	107.3984827599805
1949.9999999999998	1.2215698693419832	75.13827159249985	17.93059518598842
2000.0	1.3736352007161905	65.40345862342939	-124.11390237834388
2050.0	0.6504460441416117	91.42161442848058	-51.987090968908916
2100.0000000000005	1.3440112995457798	63.96050770373763	-135.14970462524195
2150.0	1.090256217903968	76.00226396224652	-157.91038309251584
2200.0000000000005	0.863408422129262	83.67042569940836	-129.8228863947225
2250.0	0.47733368550600525	111.80957166082364	81.06095024798057
2300.0	0.3087798290870985	93.55456163878837	21.576424859956727
2350.0000000000005	0.22734688378010523	98.56735588300081	175.70047328917067
2400.0	0.7954729003178785	78.82515705931753	-177.19422896099448
2450.0000000000005	1.466185136874795	42.00067367442586	162.20239021743228
2500.0	1.3558688060187776	63.46805982721514	29.665552011731656
2550.0000000000005	1.4009715618859975	48.9634925427324	64.9382078567759
2600.0	1.3170914848282775	59.48189581843767	-178.1557500654036
2650.0000000000005	0.9675854684953411	76.37811972884514	123.27412598619809
2700.0	1.3248786779022053	62.77035767645944	-35.27835132420802
2750.0	1.3380934567198084	58.62972161923449	54.34117727119462
2800.0000000000005	1.5933936698051987	48.28469912292131	106.9595058123065
2850.0	1.5185725573620492	51.57079148745781	-56.22765932592083
2900.0000000000005	1.3013484557289428	53.18796388822257	71.76061082560182
2950.0	1.362076537269891	60.23111213811185	70.48377372176664
3000.0000000000005	0.8106910004347477	81.83895257560593	-142.56179019171833
3050.0	1.4181685175846208	54.25044576540291	163.60554933532742
3100.0000000000005	1.406323087200802	58.37353229345706	-25.870651501373526
3150.0000000000005	1.5444250802766657	40.08357161886999	-145.56503137173857
3200.0	1.4171891801102618	52.887020602233	84.7710669106119
3250.0000000000005	0.9834126432153846	73.7093741698221	37.097607706967636
3300.0	0.6024447075673632	79.43023984041365	143.84699256370305
3350.0000000000005	0.5543659626407802	66.6305388448349	-6.7721422275653715
3400.0	0.8582832910775814	76.67531403078824	73.9558216241731
3450.0000000000005	1.3746862058689007	49.58746500792489	164.42517944393288
3500.0	1.4245106454421381	49.64656064444516	-0.1935270290365297
3550.0	1.286064289859169	55.65463936772342	157.27432199020473
3600.0000000000005	1.1621892547453792	69.17126532810265	-25.766293889844114
3650.0	1.3130001694083875	51.673895917249155	-88.18961499989133
3700.0000000000005	1.2001198082933273	63.72804330619684	-133.2826310936854
3750.0	1.447885738893733	52.324370274025995	31.559429142745778
3800.0000000000005	1.439169213371679	53.336290303467585	92.10275127185888
3850.0	1.0849542429491734	65.92697434668558	-145.28516676683955
3900.0000000000005	1.1321788684250051	59.994669654504754	127.2411206171935
3950.0	0.5536122857799196	88.44677788266226	33.26484144495861
4000.0	1.5575944864801063	41.24436704119438	37.97824280222611
4049.9999999999995	0.7506642215566492	64.84887913446588	12.328780386991653
4100.0	0.5673149334659542	83.606167694562	-128.90356830525783
4150.000000000001	0.544711467367357	86.31792125617866	129.1045792605562
4200.000000000001	0.3966837989477767	93.44607931615244	13.96894185834201
4250.000000000001	0.9828697864831988	53.77554296053027	178.7824263066935
4300.0	0.6002591880857043	82.42176512219622	54.92681845923415
4350.0	1.0809492532450882	57.369200712625336	-76.95470394210231
4400.000000000001	1.3134582591734345	61.64611637954342	-27.586216743601753
4450.000000000001	1.1173009512394196	57.565996615681165	95.4236581321771
4500.0	1.3345535310121797	49.30620916200656	-79.55982228146347
4550.0	1.3825354793246967	44.35081987726803	97.27548039590923
4600.0	1.7375772656473505	28.861919532640176	-96.96530905422622
4650.000000000001	1.7828543027283472	34.58190792125704	-154.74284475031902
4700.000000000001	1.655004419735309	39.58965512227641	143.8191396297148
4750.0	1.8890547351709102	24.072818938034082	-5.531023191247977
4800.0	1.6707676193629608	39.037348930069264	-167.62320017535126
4850.000000000001	1.526736199423367	50.88000836317933	7.858328034385071
4900.000000000001	1.7239040419233784	35.15059039962344	149.6231265951663
4950.0	1.7796864793843223	35.449307154731876	-69.73813573885371
5000.0	1.557550889099563	55.77307777301222	-22.280608499169173
5050.0	2.001471432088626	21.084262844536365	-0.4032507653395836
5100.000000000001	1.5032321232082244	46.75102802718718	10.68678094967799
5150.000000000001	1.726031025720808	37.206977741091094	4.062405015696567
5200.0	1.5578586420634164	43.68069285873373	-73.3144644733202
5250.0	1.78560415256035	40.63345046145633	122.96691674368071
5300.000000000001	1.639869510767398	43.23287141453664	-143.6071682260138
5350.000000000001	1.9073622083211346	20.17052241200465	-54.64998317709929
5400.0	1.6549509073543545	35.74681255090532	-111.80650120909375
5450.0	1.9646848215249764	32.37406611675973	-124.71985672189565
5500.0	1.3350121017460488	51.07092420353855	-83.67069001938151
5550.000000000001	1.5053432205254407	40.751346772483195	118.66830464750616
5600.000000000001	2.062044289232065	12.658175854147881	-64.52142659192081
5650.0	1.6072299456625783	51.92868938788698	25.547038630239264
5700.0	2.009136334980927	10.325683121710018	-163.36319792177028
5750.000000000001	1.929141967475903	20.20628489177672	103.6476027273361
5800.000000000001	1.5792548573512728	39.997083655853544	100.98502666178337
5850.000000000001	1.6905351240484703	42.55471546638934	-11.743095607759244
5900.0	1.9278591076304963	30.594102394751438	-92.3438147547148
5950.0	1.3937028627391497	44.89823264832	-169.96474154903817
6000.000000000001	0.9478474905924446	67.82379325715596	19.26077653321849
6050.000000000001	0.957232985116941	68.5343168714067	97.92538384297083
6100.0	1.081298215591438	59.177589888497266	152.04936690347216
6150.0	1.1864184442518386	62.224783302913856	169.05068702329385
6200.000000000001	1.3286935510012199	44.09142809284362	-130.32698039371056
6250.000000000001	1.3665617362749802	52.06942134680842	-106.42813209383968
6300.000000000001	1.1588001695064343	60.608264035912484	-36.852480942116216
6350.0	1.0347247211323245	62.88030601386809	4.400688348144982
6400.0	0.9261425158701284	56.95299127749498	-73.61895919555313
6450.000000000001	0.6237978807906177	77.47467195250151	-63.30847725409966
6500.000000000001	1.4180826258608814	49.95226386046011	-103.22544115998515
6550.0	0.7319855251305779	65.25803423610681	41.0382931977199
6600.0	1.5708496113048889	40.271979554501044	162.98471623767986
6650.000000000001	1.563413037195514	31.54174165015327	31.006958445410365
6700.000000000001	1.6402136940459893	43.79801598430534	-153.16984161218534
6750.000000000001	1.362188421242915	45.21180255459665	-146.51054182191544
6800.0	1.8394077372233972	28.91762696560334	-141.99626580918675
6850.0	1.4550545141807183	38.51254175820551	-77.14833634723924
6900.000000000001	1.7817200032369933	24.353305451210083	-139.05756173281466
6950.000000000001	1.885118742695629	26.35868774701332	-105.99506841199202
7000.0	1.5632352383611132	38.30645726501341	-131.80657456753536
7050.0	0.5260024864773398	83.38068616785607	-92.03954224725182
7100.0	0.5457659106976003	77.18169514455037	144.95654018162537
7150.000000000001	0.5163319054774035	64.36891075653183	175.70263390582696
7200.000000000001	0.6757982184256943	77.33555144701272	144.32642532530497
7250.0	0.7844693162817116	67.13682642933043	172.1641580321612
7300.0	1.2099421428222563	53.190099074806795	-36.13529812621571
7350.000000000001	1.5527446339862756	41.78640763843031	108.25005339712004
7400.000000000001	0.8757890335016706	49.0683792839183	122.61009500135445
7450.0	1.0719358993743522	50.678952129451424	-167.15401098186706
7500.0	0.6333346374371499	65.54888232312783	-78.92507952187792
7550.0	1.1557710340488123	51.25532135174675	161.45550938039423
7600.000000000001	0.9724773478836277	69.16124869673232	-162.5221372374294
7650.000000000001	1.2034783308685977	54.8869745259389	-113.52788062590376
7700.0	1.4790443526627008	39.28185246723084	-162.85802937717622
7750.0	1.77031889482213	21.923605379516655	-113.47987625874747
7800.000000000001	1.4850613248680538	40.45018704314329	42.21079200271974
7850.000000000001	2.0030591144258443	6.664491809588921	-141.22253446452115
7900.0	1.6554395991487276	18.693728314261584	0.7022385318938784
7950.0	1.4483242148148883	35.77037348841143	177.7781578492588
8000.0	1.57417918027966	23.539160321704237	48.289089151345806
8050.000000000001	1.5628967171737584	37.26310696770883	-96.77108774832736
8099.999999999999	1.5068194469108152	28.805547904982717	66.56177293821672
8150.0	1.6411821031527323	19.761877981309137	-34.797919626264985
8200.0	1.4379378704061292	38.54048693314342	153.80013848117477
8250.0	1.766028772067411	15.068564462841483	-171.6148950006657
8299.999999999998	1.5580012082929122	33.704231232408794	89.5687920299947
8350.000000000002	1.7123414578916576	32.571401148414125	-112.18662412508789
8399.999999999998	1.5724303165255664	36.23209966944023	-26.154439262472998
8450.000000000002	0.5634028621407693	57.776617804472835	-168.80131191753733
8499.999999999998	1.1841773780885403	46.87783958016215	-109.32825747507702
8550.0	0.8908222434007429	48.68729931097116	-125.90992938903545
8600.0	1.1534482310896794	42.43991609178424	48.789464905578875
8650.0	0.7021472555500248	56.98631433582967	-115.17024415110627
8700.0	0.908865206760213	37.220499777466834	57.559608804505885
8750.0	0.275607809656835	54.70429103434685	-158.98624291019732
8799.999999999998	0.7060348959896027	51.40623394021051	158.30123648300454
8850.000000000002	0.4752690313465581	68.04667772898424	-18.95395193184552
8899.999999999998	1.0807152526790733	54.86469750071832	-21.271075622870462
8950.000000000002	0.693553364092968	46.08017692842522	95.95699083291304
9000.0	0.7901861717728051	39.73192996705314	-68.82361702993254
9050.0	0.8917836619596107	34.550344323329696	-31.61781646366756
9100.0	0.8994587736797496	48.80628148356578	-43.554382392023804
9150.0	0.6523613220035683	61.66886402419669	104.10274932885687
9200.0	1.1925265490409147	43.39993949367566	70.59446159910588
9249.999999999998	0.9226615122024159	44.52907817681834	136.44192803505447
9300.000000000002	0.7360122059882127	59.193874671734534	-106.94826335362296
9349.999999999998	0.4996152399770128	48.21984981674023	84.69009815070895
9400.000000000002	0.6435635383269276	46.247881937255734	16.65195361874742
9450.0	1.5759617439569482	19.32161657088077	-120.57440280044196
9500.0	0.44261852104367694	51.07313264523008	-122.0822451252843
9550.0	0.543181216234847	14.268875228551927	-119.9441565700295
9600.0	1.5299089229184466	31.457956699941278	-133.3548837472629
9650.0	1.3100152326310317	40.08792339250222	-174.96421274258833
9699.999999999998	0.6530722560940034	45.577648958086776	-78.4020695672347
9750.000000000002	1.4134607453270402	31.822940282680978	4.779561459169283
9799.999999999998	1.1021681772858627	33.201192348058854	136.1553710053948
9850.000000000002	1.2530711121996936	24.56419903300107	-88.75760595603006
9900.0	0.6488984710988829	31.328403221916105	-81.24581454519438
9950.0	1.3573641863249062	34.49770762171683	87.24105212220533
10000.0	1.3741925981826035	32.851969834443494	-20.872666084748353
