0.0	1.9751296311935902	73.2609708810376	0.0
50.0	1.91892099702064	78.29498611097752	-137.5156372342107
100.0	2.083014629593146	67.98094664921256	74.06783462840598
150.0	2.1432264510526267	65.08494812730002	-79.55838623345262
200.0	2.085127790396139	68.10741357863533	116.80955820265838
250.0	1.9955781725140214	74.60381929882493	-55.181604867787215
300.0	2.1734147438722027	68.18517587199297	129.62784855196352
349.99999999999994	2.032681230022949	69.37067407634129	-58.198088503552086
400.0	2.0810182249932216	69.91808449160732	110.51997969534833
449.99999999999994	1.9928169934305806	70.88437208515056	-92.35794630560481
500.0	2.08212095734078	64.5568531588563	60.63754621633545
550.0	1.9428065787835878	72.34602462963043	-151.85151769678126
600.0	2.06667504092459	67.2326109240568	-13.424611697579987
650.0	2.156636220580325	62.78439210071551	120.06587305086124
699.9999999999999	1.975106356740087	68.26739304207885	-115.52877116871234
749.9999999999999	1.9525831820531323	69.11963364555015	3.440312602832559
800.0	1.9567269616551803	69.91647906003077	115.80417141474179
850.0	2.0381753295537903	68.81649698027066	-134.78886334938193
899.9999999999999	1.9956361500078021	66.90729170300776	-35.705845586432304
949.9999999999999	2.0360980513998874	68.13001644479215	60.37816149638374
1000.0	1.9742301056686773	67.2202943125902	147.97541440867266
1050.0	1.9652766367767451	68.80524749061694	-126.10395227449507
1100.0	2.0484221261596236	66.5136241147162	-51.15635386748495
1150.0	2.123099025231424	61.53197283828498	21.03808365803993
1200.0	2.1011935904942325	57.67596372130396	89.38124335576634
1250.0	1.988007267763308	64.5631064302821	150.49330414776895
1300.0	2.0227711620630653	63.02708918405111	-152.80145493302388
1350.0	2.1084911404832294	56.74860641006627	-101.86550698270715
1400.0000000000002	1.9899883313140578	64.8156243336573	-56.08717331775794
1449.9999999999998	2.1859150074023224	58.910404716380754	-13.815947374224292
1500.0000000000002	1.9889449956701584	63.5742017005132	24.504104846362395
1549.9999999999998	2.1232285873258623	56.453096698577596	52.288227258761395
1600.0	1.9314895151644906	64.89058402050742	81.51151060967217
1650.0	2.0962645280793635	54.72195749936367	104.24465646408659
1700.0	2.0884784972340715	59.98975935546463	120.33429920634624
1750.0	2.0038507228835747	60.79452588988886	132.39005023204496
1800.0000000000002	2.1169923182669157	55.704231460745014	143.91964178180604
1849.9999999999998	2.169294671724423	56.30416464452842	145.68796472217883
1900.0000000000002	2.074472002154264	58.79199528085762	142.90799862429276
1949.9999999999998	2.015055905141842	59.16190758947028	139.0933342177983
2000.0	2.0280735682862225	57.12042994239769	132.0686357136778
2050.0	2.068619825034147	54.05676069946194	120.2026959115612
2099.9999999999995	2.0877470852280604	51.79056499820268	102.77297616314448
2150.0	2.08901918594849	51.35150126496467	79.65501758521548
2199.9999999999995	2.1294486500951266	53.244607831554944	53.03603779304264
2250.0	2.169678310147687	54.086392870251345	25.3617323617024
2300.0	2.152025448706886	52.88645447227734	-6.28462666245795
2349.9999999999995	2.1271513762294454	51.417319704218095	-43.91840996579663
2400.0	1.8999381182172106	60.07516599206055	-92.46498066556647
2449.9999999999995	2.0529913717674244	53.04220126533742	-139.59699973032485
2500.0	2.144764784060046	53.35995606685856	165.56806533973554
2549.9999999999995	2.061865170307648	49.578231142082174	111.17895789618613
2600.0	1.950804186488063	58.129587867120634	51.78001201091307
2649.9999999999995	2.1720066415964823	49.84230541336027	-15.894942869375733
2700.0	1.9910883544596925	51.66813748003905	-80.82168246625187
2750.0	2.0600730990713787	50.42920121015223	-151.97002774406454
2799.9999999999995	2.087595907781587	49.086026083044445	134.23067815180028
2850.0	1.9889923707126222	53.921419833458835	55.81687763586198
2899.9999999999995	2.161302826477917	47.94847281386499	-28.073435135634806
2950.0	1.94305433300917	55.7324561099764	-113.15920342066542
2999.9999999999995	2.17134032125593	48.17194102303956	157.11865914172478
3050.0	2.0262925522493855	51.150115233231794	65.33236840167837
3099.9999999999995	2.1111295990066017	48.049236464586315	-29.17181296407903
3150.0000000000005	1.9627360134112082	51.37742215302966	-129.9172468337397
3200.0	2.092249071994775	45.55988828538475	128.36053158432387
3249.9999999999995	2.176269618317123	44.94323265372754	18.00121537333459
3300.0	1.9395135301735429	51.468513117271996	-89.77423972136039
3349.9999999999995	2.0696043403482403	47.56682975150227	160.9113835767617
3400.0	2.0660868233708776	45.431556785939314	39.952673934729575
3449.9999999999995	1.9942720331351003	49.54233326415049	-77.04626123526745
3500.0	2.0961884297573405	44.063628565067354	162.10828119716768
3550.0	2.1442421854710965	43.51879471002586	35.16202061583008
3599.9999999999995	2.074571530644058	40.51643386209984	-94.97161222037825
3650.0	2.1054443575184747	44.75110108386979	130.6804221978034
3699.9999999999995	2.086107426863442	42.43226936742587	-2.8109699700382547
3750.0	2.0691591996231558	44.29389111047884	-137.95998726022162
3799.9999999999995	2.0345492721662337	42.19388413452578	77.51063845516738
3850.0	2.089476033377209	40.35248114322521	-65.49795997533042
3899.9999999999995	2.128774506538354	42.133816408403476	145.49272705885355
3950.0	2.1397561976958936	42.23284956588234	-9.13302129060791
4000.0	2.163890646784237	39.88160049760678	-165.708286228972
4049.9999999999995	2.1186577202492614	38.198397696333785	36.68253173673459
4100.0	2.0060973604161374	40.11512249055984	-122.62341735571377
4150.000000000001	2.0098164697742313	39.76732250916599	72.38350322507557
4200.000000000001	2.055494724138228	36.81528290877137	-93.56763072912015
4250.000000000001	2.044849136528608	39.09012987689018	98.12204472776705
4300.0	2.0369471773432055	36.8393957327741	-76.14449103355491
4350.0	2.09776798749572	34.92286811092184	109.69058753921357
4400.000000000001	2.013545194795229	36.648903019195345	-73.43366783370222
4450.000000000001	2.0616307477625315	34.97734717667721	99.61938886957851
4500.0	1.9993541057782218	39.522713216485826	-92.03704834911079
4550.0	1.927487563837991	41.691919856348896	76.90854866603837
4600.0	2.0165772506165958	35.699977978364785	-120.6823283829573
4650.000000000001	2.1566774358750336	33.213381101193185	36.98998920370858
4700.000000000001	2.1173422770638615	36.766429566870855	-161.1423509426334
4750.0	2.0700547809331997	36.37640659176991	-3.621731716854423
4800.0	2.0649125335644225	36.00875460338018	142.67983058556683
4850.000000000001	2.084623632786065	33.97809455520364	-68.03829205404257
4900.000000000001	2.060124990351136	29.465244573869786	76.66429107099819
4950.0	2.0627193315646317	33.090594936204376	-137.23789954306665
5000.0	2.084330519759521	31.742863759242322	-4.416664133639244
5050.0	2.13087163830594	31.450985087031178	134.56550049363213
5100.000000000001	1.9613942236470066	33.93054447648722	-93.64543349552346
5150.000000000001	2.0723547319170414	31.467457448266146	29.99472053565491
5200.0	2.1339147905314824	27.72496276492671	160.91855759456521
5250.0	2.0269874834410393	30.291248846336476	-78.12745717102162
5300.000000000001	2.1015875078824697	28.943149964995534	31.914108609105913
5350.000000000001	2.1536762233868325	25.4624739423611	154.99309500590013
5400.0	1.9794600881972553	30.73602100896625	-101.3539702079672
5450.0	2.1167623684613845	26.145055245840087	6.85570538880195
5500.0	2.0059165658884037	27.463634427184854	108.92853261484595
5550.000000000001	2.1204056925640797	26.576763628916673	-153.32601119190815
5600.000000000001	2.029164149834071	27.670530655505274	-51.095655522639326
5650.0	2.0241377324838075	23.667600677904712	36.504623805589326
5700.0	2.0952477137347576	23.033329730974636	131.90796825436146
5750.000000000001	2.031474693484226	22.103069818113582	-148.1844746918721
5800.000000000001	2.033845189363745	24.476401033629237	-59.17489354534859
5850.000000000001	2.1216723385938434	22.933952441465273	13.461109256744908
5900.0	2.0173030106056062	21.617754922094562	91.55710988900907
5950.0	2.1291206898100037	19.955461830599464	164.02163161591915
6000.000000000001	2.101245257383715	18.130957671410712	-133.27851247343418
6050.000000000001	2.042377863428341	18.158701265724122	-62.11239159021927
6100.0	2.117458995011885	16.351081313153323	-18.928998754510157
6150.0	2.0786504472583696	15.189918865869636	48.71284766264275
6200.000000000001	2.039964729213714	10.03532215239136	87.30231472686418
6250.000000000001	2.1086023418355473	14.319937529372288	124.54033459633277
6300.000000000001	2.0854467930596483	15.191613190575495	173.9402038268195
6350.0	2.125308971149655	8.397135940591472	174.98580309251858
6400.0	2.1178485726631937	7.847805594777481	-162.94965433879472
6450.000000000001	2.1221684441269844	6.692104363582675	-138.5238283265311
6500.000000000001	1.9917185358385068	8.317674542729586	138.6501036115538
6550.0	2.0453168661251304	5.831012310940564	118.78448429195865
6600.0	2.087968035976762	9.344050497090235	86.54725936991728
6650.000000000001	2.008349087787312	7.036685240635332	69.61261375115488
6700.000000000001	1.9450112178827856	10.08624563710833	58.22640599419194
6750.000000000001	2.0227355994144	8.13803105383081	45.5320295831809
6800.0	2.042802485561608	9.287912437952718	47.59216721413535
6850.0	1.9638058908215075	9.098414790668	66.2874588769646
6900.000000000001	1.9006725990733249	8.79176320258748	74.86615947591898
6950.000000000001	1.9769109421162918	9.710111697957585	113.6891467437273
7000.0	2.0017145224863175	8.144823127077354	-159.46023985673497
7050.0	1.871417139521195	9.804321382610485	-96.05570439283517
7100.0	1.9730374484673079	5.837428817934627	6.63907175297867
7150.000000000001	1.852729809860966	9.91977685509922	84.35895197743788
7200.000000000001	1.8517388178740994	7.051907159282342	-176.65105832300006
7250.0	1.8494609569094533	8.120787767461575	1.432018461574915
7300.0	1.8720455973571943	6.206191321320407	135.46509586415155
7350.000000000001	1.8499214612103854	4.295231193764743	-16.527302662186468
7400.000000000001	1.8108057538959046	5.807828862609534	-158.54872823099703
7450.0	1.8533990969967664	6.105130872191343	176.0422208911902
7500.0	1.9216792751281793	9.86409183154035	81.6747160054139
7550.0	1.798443795927994	9.479885938846348	63.15607076787676
7600.000000000001	1.8690061483710458	8.500767022734484	105.76206431986013
7650.000000000001	1.7914103944677897	2.9616100496867306	172.08974159756679
7700.0	1.8748187725922534	9.364068897548322	-57.58885349156296
7750.0	1.8706848978621247	7.048972287109584	98.590745847523
7800.000000000001	1.8612446699387946	3.431962112319116	-21.806138733534667
7850.000000000001	1.886212958104667	4.036988631898191	31.96704623644563
7900.0	1.8439086938506133	6.163706603673026	39.72772992222679
7950.0	1.712616348957773	4.009010036742323	130.26184842030187
8000.0	1.8527011249450969	4.777587892285197	-68.54990383379021
8050.000000000001	1.7714315862317984	7.145760426118834	-152.40129184466772
8099.999999999999	1.690466211480886	7.814034684190873	170.95065030027658
8150.0	1.680718422018938	10.074497333861412	-144.8528657316415
8200.0	1.7888981307752374	8.043327348406278	-30.080807469946727
8250.0	1.7203764471719858	4.349597006284501	43.316847941969506
8300.000000000002	1.7821336027143935	9.810337441980428	-72.08790391255775
8350.000000000002	1.7184479650451652	5.210776908855776	106.61238832542088
8400.000000000002	1.7373111187548076	3.5676882210089707	83.73803509557744
8450.000000000002	1.808178825670982	3.032884858685564	81.94016692865944
8500.000000000002	1.6151571480765374	7.548494404521678	51.022651510589185
8550.0	1.7049818007465263	9.695432303359953	146.11005055561708
8600.0	1.7252623023494336	6.762668089351391	-162.5219566898388
8650.0	1.6257305190827878	3.2645200998508286	-76.0415400297173
8700.0	1.6909336824751695	5.95323504856955	79.52761145175917
8750.0	1.5516177795935735	9.825702057155992	-52.79185578494188
8800.000000000002	1.56701486603829	5.286338358538038	95.39287109412317
8850.000000000002	1.5990726765757224	1.5963295944645284	7.069855323404823
8900.000000000002	1.6863682082748739	7.099937174616243	-137.19932484012725
8950.000000000002	1.7110376171531738	9.195343115667242	160.93257787376044
9000.0	1.718748610483939	9.07515407850702	49.07823170550615
9050.0	1.538569943748699	8.311043200483573	-4.325133171512611
9100.0	1.7064880502172486	9.120805707730575	-28.172844134035785
9150.0	1.7075189939899982	7.344509144799932	-110.836915489769
9200.0	1.6053750832972205	6.582215657209844	-117.75160713805691
9250.000000000002	1.6263967390698713	8.606958908979571	-126.64254443518901
9300.000000000002	1.5450214789931085	7.605419490145931	-71.14291414856237
9350.000000000002	1.6411836740859458	8.852001315685264	-74.6975680189941
9400.000000000002	1.58993867782816	7.745993769517289	-48.44521592666758
9450.0	1.6462467883067171	5.974823319989184	-47.213621374567154
9500.0	1.6560610209639544	3.098771276617206	23.880666436904963
9550.0	1.5266631914450857	8.044163550346761	49.28877083857518
9600.0	1.650046291599676	9.278238089612401	135.10515077469742
9650.0	1.6425426997413914	7.883517978198085	175.96917896642586
9700.000000000002	1.4063648808092892	9.292233313736793	-122.46011523730328
9750.000000000002	1.5090235000492087	8.363198649419394	-27.570342352769224
9800.000000000002	1.4040968805431682	9.447853319708422	32.991168040697836
9850.000000000002	1.6268939622215914	6.7061371550007705	98.694469751543
9900.0	1.567322139236607	8.697622687328332	-147.75227224093797
9950.0	1.568893416684799	6.364702934723424	-94.45453136574244
10000.0	1.5374572172960743	4.447683635233827	64.27149205284353
