0.0	0.6775110007735301	42.55081163169249	0.0
50.0	1.0777307500497577	43.296855456025405	75.97715022585169
100.0	1.0567562096972758	32.41461682689117	83.10402024634796
150.0	0.3833902642971381	23.611002630191326	-158.4656606774063
200.0	0.6995778983720535	53.31209932608741	80.70599494890325
250.0	1.2066340333801164	16.479058829460985	-53.29151097718105
300.0	1.2536176783592479	22.553618024902597	136.53087333069843
349.99999999999994	0.8996530384240649	32.30535748224357	146.35010477162325
400.0	1.4877945397674912	25.7363339517741	-109.06974189952385
449.99999999999994	1.3271971324615772	25.16234103534662	-158.47175502859395
500.0	1.5576061700716335	19.54287586796403	-41.325343799803406
550.0	0.7792240488329963	21.249989147780997	134.22676020740997
600.0	1.0656879859054074	35.56517123071442	-62.56997690222157
650.0	1.1564709564145432	32.39982880506679	110.5624329160727
699.9999999999999	0.9418342076113572	36.779496492719474	-68.04513359355876
749.9999999999999	0.7276973485940609	22.60511277026552	26.403218133287343
800.0	0.7014789265648212	35.92848403393872	-56.93850785971207
850.0	0.8573286356584637	37.02262056668753	-158.51417831912505
899.9999999999999	1.4161266918552495	29.710898919536827	18.8697798034176
949.9999999999999	1.3040951430380305	35.48959716929268	165.10558729560816
1000.0	0.97477158903859	20.087295735114065	65.62427598038897
1050.0	1.2290027695620307	9.785964470173852	63.568794041949616
1100.0	1.1892097081214623	22.281002459665117	-149.12377439497186
1150.0	0.7782807639027955	32.831356483771565	-122.78050223332843
1200.0	1.249334556366965	26.477035485040936	-71.41625857458972
1250.0	1.2875581770814517	22.080525297568958	77.91977790630797
1300.0	1.3970378660887968	7.507178275132907	11.61619628663087
1350.0	0.784816531305559	14.379117563208206	-64.51180652977902
1400.0000000000002	1.301466426015987	25.009486386064566	49.08205600524209
1449.9999999999998	1.4808061657254368	9.185301352843226	-85.55207483797547
1500.0000000000002	0.8849685320354516	30.11463137876708	-51.243683763295685
1549.9999999999998	1.3931087629716012	3.5540640524396054	34.32358613772565
1600.0	1.3635233038862855	27.00912804962823	-64.16371797969965
1650.0	0.8468145094153574	24.17595248411262	152.99980947858904
1700.0	0.6352411708734675	18.327596148922076	80.01371156327605
1750.0	1.2828777082595813	29.063960430649434	114.19859148445154
1800.0000000000002	1.0766201654832435	18.89998592456767	40.30457987672047
1849.9999999999998	0.5709437424482652	28.901938090823634	58.44170260971152
1900.0000000000002	0.8820015071847476	17.414355513411476	129.5776185631575
1949.9999999999998	1.4716747310771336	20.359440594077213	-159.55392286264808
2000.0	1.014482276230253	21.693627334035547	-130.14888446193595
2050.0	0.7665557629677981	25.549408976390712	-85.70054724598663
2100.0000000000005	1.2157539180671564	7.712170596451135	-30.929512211385568
2150.0	1.330404135047538	17.650345894386756	-11.49093020417383
2200.0000000000005	1.126819245879673	25.419772792174356	-18.814298179213417
2250.0	0.9460413907289785	28.4204607944732	-90.38772537394695
2300.0	1.1327702171692469	20.87571353259916	-49.114383201060626
2350.0000000000005	0.9433906417632868	35.967408165945336	110.16256978567496
2400.0	0.9668810959560765	36.86239627679836	-166.80315454780853
2450.0000000000005	1.1862287137165612	24.43212957116319	160.4719817738722
2500.0	1.1227020570970168	34.202439627477624	-10.769959622193793
2550.0000000000005	1.0474656621075102	23.289212574473105	-26.50512882411629
2600.0	0.9152416625372329	13.86351020852856	-49.434963607590284
2650.0000000000005	1.47836799439718	16.159907751990655	-20.830350976411026
2700.0	1.2440156513993559	11.750500042688008	-58.7198570891071
2750.0	1.5524204243272532	5.379681750102227	-140.8874475184019
2800.0000000000005	1.0522613163670902	6.712372334246795	-22.293528857531577
2850.0	0.9708978400105778	5.176320196941082	-118.08030825101791
2900.0000000000005	1.1396513551583756	9.581352322036954	-130.2807406511662
2950.0	0.9223764651955019	18.75260363346625	148.67391192868797
3000.0000000000005	1.1950289164207113	22.33038643760176	171.0321375616601
3050.0	1.4213376003192173	3.491643422673333	61.58508360433906
3100.0000000000005	0.9266063834431629	7.563877637136403	-5.955304631588993
3150.0000000000005	1.319950026393457	4.386025411806517	18.524086625971407
3200.0	1.0927655172519835	24.96141761781002	133.7256179710806
3250.0000000000005	1.1526236822483327	31.782073172051092	15.569592894594518
3300.0	1.1626069845374976	22.406847610494633	123.0349684010194
3350.0000000000005	0.8882071746262086	25.871590688400726	123.85688073059022
3400.0	1.167885114002048	28.619255383851325	-136.21535462239962
3450.0000000000005	1.1503988960086033	31.051026943252015	117.2725361134645
3500.0	1.1628776772174056	29.14274993505577	126.4686374691853
3550.0	1.0563408502333396	32.83231549323856	11.447125805788628
3600.0000000000005	0.652510383562578	37.324190228222925	91.74853177365623
3650.0	0.9788114439673046	10.81792926484025	-131.38281099974563
3700.0000000000005	1.0163619991002857	12.30236633718284	20.071990321051718
3750.0	1.0837085879741937	11.269901701760649	157.48484430034256
3800.0000000000005	1.1274274854095014	18.655964954056	37.22322689209236
3850.0	0.887402863156183	30.3647887346623	-118.1315420615855
3900.0000000000005	0.9473369276047615	30.97706207926599	-112.38125360826285
3950.0	1.0899547837216428	25.448098483599466	107.41181332527813
4000.0	1.2748716661238584	20.83177676510975	121.25789021957918
4049.9999999999995	1.0677992005609072	26.422531313167624	-144.5031438509194
4100.0	1.1845656524998203	25.38962365154163	163.7141297035073
4150.000000000001	0.9830189029233357	17.007036343238017	178.8737996872918
4200.000000000001	1.2339964109836647	18.306422473692315	0.8913231139415383
4250.000000000001	1.3115538308861097	18.011207719481657	149.59201970220363
4300.0	1.044664587697602	18.995913492424325	-1.6587307607278152
4350.0	1.0683102910671347	12.05674613716348	-160.54572354626455
4400.000000000001	1.2052336193241802	9.355131725805407	-32.44976223638986
4450.000000000001	1.2201553660722435	6.278099942459538	-90.57773963979426
4500.0	1.17724654374145	11.350916246161784	30.550799452298104
4550.0	1.244448890819798	11.083252960412096	-65.77456906652237
4600.0	0.8279585764977822	9.389194595891631	9.438885765010875
4650.000000000001	1.2226768559639727	13.599311003338464	9.352658659160706
4700.000000000001	0.7900008010620847	23.457554956303273	-64.06209374267172
4750.0	0.9273930198181244	22.57006797205595	-11.445976997373378
4800.0	0.9354735620498199	31.418578312769768	-176.66752171267478
4850.000000000001	1.1695858461125452	21.820029762044012	69.46456882728829
4900.000000000001	0.8945151534413436	25.91428859791638	156.274195774907
4950.0	0.973399825855435	15.473763461977166	2.8094441148106353
5000.0	0.9116132497716782	27.05329951253535	143.65874331820987
5050.0	1.0861742207737064	23.75592665276641	-85.21147965466196
5100.000000000001	1.2399838991275507	23.69448157423379	106.50745420452353
5150.000000000001	0.8954191987926373	18.0178628879539	-136.27923575473702
5200.0	0.8239327105935342	23.496737296160497	16.000557596373582
5250.0	1.0524223351208826	18.4815975605169	68.84715563758361
5300.000000000001	0.9258330914552928	23.944981998700168	100.54383088806307
5350.000000000001	1.2712745152558795	13.253036499008514	-2.004749940690542
5400.0	1.0577425759801389	28.093233959311103	-47.12857402139706
5450.0	1.0681596839153291	27.215883245819686	-149.23158928796641
5500.0	0.9821669942566523	17.834778334599072	108.42756264096552
5550.000000000001	1.338554469281322	11.237167888687468	-113.38983583935679
5600.000000000001	1.0936485403862546	13.680735375795047	85.46530858492915
5650.0	1.0256178228585777	12.40947069283638	-178.86105206192423
5700.0	1.206829751692667	8.287494223618431	122.52741212628749
5750.000000000001	1.198898630523399	6.669698491634079	-157.11051979644364
5800.000000000001	0.6152562117915693	11.819268928068253	-169.57321648010134
5850.000000000001	1.2669918994422005	10.698694189142545	-71.70129931723967
5900.0	1.083241755999034	6.749438222906499	-132.17271004392435
5950.0	1.3960867616719188	3.132613465214859	-11.256481543592338
6000.000000000001	0.6212854129608469	15.258249489314432	42.062602113760825
6050.000000000001	0.9366487558929768	12.207486405841598	-170.45267553588997
6100.0	0.9083135692960719	18.75436862317709	-74.45501111660829
6150.0	0.95773134475246	18.457624179752372	-161.9186334064312
6200.000000000001	0.7336277495461951	19.356690683294328	64.78848209626601
6250.000000000001	0.8354987587211139	17.983618046339927	-135.07193952678153
6300.000000000001	0.7687020539968122	14.237914721332896	165.97963383560432
6350.0	0.890997643925322	16.745350768558453	159.01778571809658
6400.0	0.8727632188424715	10.358573242260366	90.24741592263543
6450.000000000001	0.8026592669770538	12.63386627529168	-1.7655992223766737
6500.000000000001	0.9114666147395357	5.05902069316626	-49.006767591447584
6550.0	1.1269684216283467	3.352399007198033	173.21125409999598
6600.0	1.1535439420038254	13.569638411158182	-105.4500580902851
6650.000000000001	0.7967431050031395	11.447660462538337	-38.84566929127988
6700.000000000001	0.8804794284447173	1.9791832198534152	-53.40968230836912
6750.000000000001	1.063975406085835	4.820383469341288	92.40758915851248
6800.0	1.1068677048526399	6.473552502609646	-78.54806467152179
6850.0	0.9915403777593789	11.55273733169601	24.98253298819107
6900.000000000001	1.2451999986390407	5.979179633922176	-100.17788140913366
6950.000000000001	1.016487864279547	15.718802598765237	13.013671736044788
7000.0	1.2143613999593208	5.47789759079121	-136.45404034754137
7050.0	1.0546591302600528	14.170941080322404	-38.864790173372754
7100.0	1.0872671315987141	4.552715751847532	49.24142746292436
7150.000000000001	0.9466307452567491	6.310842879483243	142.0816725156496
7200.000000000001	1.2074289132546827	nan	-1.8707669487436414
7250.0	0.84764347995697	7.476868688981897	136.80580372555772
7300.0	1.006247215698169	11.928424510065737	-38.23170539260039
7350.000000000001	1.2128789148920975	8.935572221116404	-40.802269326112864
7400.000000000001	1.0200846359435702	3.2594385467048856	56.687546213132286
7450.0	0.8627248417843745	0.9701920624653464	-88.1850246229298
7500.0	1.2756918920138387	5.1709390892721325	-104.66644410405215
7550.0	1.0447151601435776	5.396674561062457	-68.33907262287104
7600.000000000001	0.7594359768518667	2.2226156409412074	121.62502473942719
7650.000000000001	1.0483911149530427	7.84969701754968	137.43854723784867
7700.0	1.2154622613322141	6.413738489456781	-52.23203936577613
7750.0	0.9610558021770521	8.24133960339786	74.56319291976999
7800.000000000001	1.2411198497572793	10.415614789047732	-169.20840129777315
7850.000000000001	0.912819408097102	8.87309263142607	150.6277221465608
7900.0	1.1766600826246914	5.842469307429895	-118.296565244087
7950.0	1.1380071811166952	2.3339885655533132	-147.8478431440641
8000.0	0.9727429020466447	4.6040569982421315	6.139942981406959
8050.000000000001	0.9888159252901212	7.712861014061361	-168.9276725893444
8099.999999999999	1.1209499055795276	9.78242186344614	36.26425289380172
8150.0	0.9139189897712887	15.40793935844874	128.75874427853864
8200.0	1.0584828196453813	8.783427962681415	114.7865768118197
8250.0	1.0571952904679132	12.0350494965674	-117.98115037880588
8299.999999999998	1.0624227205144041	7.490231717467917	-98.75368952528358
8350.000000000002	1.2162408556392539	11.626953219900733	77.07891690391486
8399.999999999998	1.153544907233897	9.359774366916614	-65.80587469148617
8450.000000000002	0.8434465095358096	14.179503748407068	142.9429779748703
8499.999999999998	0.9250473786587647	3.647778812679183	4.185172181065161
8550.0	0.9080545822583582	15.78974069365559	-149.91376511041037
8600.0	0.8034459079010455	14.9521787702682	45.4876444196253
8650.0	1.1935991305030418	9.750802441467098	-92.57311414098011
8700.0	0.9597079798437422	9.32943808996576	-76.73685187596449
8750.0	1.1557738761258762	9.220844607369614	-132.97737256924708
8799.999999999998	1.1119492910650002	10.306567056654238	99.42555859943772
8850.000000000002	0.8751238936199895	16.72967775602686	-24.922531441153613
8899.999999999998	0.8633906928141133	9.152753397914696	121.70825276533101
8950.000000000002	1.0008256626842	4.193388225780293	-95.56501301599543
9000.0	0.861661007541152	11.903412648245455	144.38598300737803
9050.0	1.1185050719634477	8.027191306571531	-80.44591194310284
9100.0	0.8748500072516441	7.442228487756326	177.6336816858052
9150.0	1.1215956396226803	7.461425438039063	-67.76349724282018
9200.0	0.8892422282665268	12.920539467120143	-44.618850095313086
9249.999999999998	0.8698012852787064	8.94009477331147	-35.02173020147547
9300.000000000002	0.9358541737291094	7.181885731755018	-129.02193661995733
9349.999999999998	1.1983969604850744	6.141497979273986	151.2743576237395
9400.000000000002	0.8305599207279842	5.2090376324754075	-58.626811858475044
9450.0	1.034962707367174	4.983470218130456	-15.039472669208388
9500.0	0.9937649364954217	3.56640086285395	-97.16727327995251
9550.0	0.9744208853781962	3.0496576281378633	176.1342208654124
9600.0	1.1139099914146124	4.132574632448223	176.620890253213
9650.0	1.0672789406265564	1.5458784636359622	-107.08114266195143
9699.999999999998	0.8863060601126964	0.6261719058406479	-160.17266940699727
9750.000000000002	1.1531234339570189	7.731807815414474	175.62257387637104
9799.999999999998	0.8285916228196158	2.557837382904558	48.83485338165318
9850.000000000002	1.1327237578209872	5.7851287514000465	-30.781027243207877
9900.0	0.9718448085431121	8.512019865559793	-165.67057435397172
9950.0	1.0805525641185865	8.482330710018108	171.1356465077084
10000.0	0.9544064260481465	10.919330973490577	-26.52263473572265
