0.0	0.7369925337202081	77.33033512660592	0.0
50.0	1.0190017454637017	71.37607156502145	-124.61312300668587
100.0	1.2543349424932344	62.52460324554012	130.2471613419925
150.0	0.7615925177305997	82.5477610637617	43.48867227607265
200.0	1.3092457988023103	58.98971244823546	-25.138123949161113
250.0	0.9351240621239774	82.90922372639766	-73.23853281349939
300.0	0.9035574173710849	85.49690749671095	-100.73891233756461
349.99999999999994	1.1395689907649995	73.44218553656665	-102.46567274722008
400.0	1.2208400764992147	70.16257529700947	-84.56840513373437
449.99999999999994	0.8015885426534697	75.75394823593939	1.3674692426137742
500.0	0.8610781882306193	79.93174683111181	60.198405776735115
550.0	1.199557211875982	67.15688081975054	133.2927084136696
600.0	0.9663654913660322	82.67908375975075	-95.61501002206276
650.0	0.9998147779798703	71.28248905990205	29.804645841816203
699.9999999999999	1.3340048154060216	60.33140571181558	153.10423696869495
749.9999999999999	0.8249183406201485	82.82315898972894	-40.3652537153553
800.0	1.3500165408550902	64.13862129425286	123.92481490626633
850.0	1.0743901720554876	77.4566661158352	-85.16464590798778
899.9999999999999	0.9606896424606879	82.406820736092	62.02648493450447
949.9999999999999	1.1334965590982713	74.96977425054033	-101.45967526672364
1000.0	0.7744115559476915	90.24108472863563	128.13429750574892
1050.0	1.3012664198758015	61.648287195230004	8.87938567674518
1100.0	1.2412614245560132	73.28038712486318	-88.37419970022414
1150.0	0.743681458419755	83.92018996811099	178.68650728165414
1200.0	0.9464959050120526	83.95599078239086	111.37938325113862
1250.0	1.308485551425104	66.6225663559873	50.83334808100832
1300.0	0.8636527509703316	81.86103997957586	-35.01003665696915
1350.0	0.8190661006554324	88.97010654385956	-70.65578911036171
1400.0000000000002	1.153782370071886	77.16021365042427	-99.05956293982871
1449.9999999999998	1.2694701948340217	70.77177416318908	-119.90719883970932
1500.0000000000002	1.0127238605971844	76.03682969345839	-136.9421138243269
1549.9999999999998	0.857347008756694	81.95746406707023	-127.28153859577722
1600.0	1.2133846089144535	74.81563952305359	-71.23310901657068
1650.0	0.7682373564113418	86.61049291136713	-6.019059576990965
1700.0	0.8824370027514411	95.86619064305778	-103.64640427604822
1750.0	0.5520144977351528	106.73555739862664	-64.40208298517221
1800.0000000000002	1.283896654851465	72.00474822476475	84.33099039238824
1849.9999999999998	1.4562904478713978	57.59849513976848	-4.96123317967504
1900.0000000000002	0.8435362650788274	92.02510273844288	32.49057731346745
1949.9999999999998	1.1806594959744603	64.61596328463881	-102.58310978525846
2000.0	0.7962663659532441	82.020434710307	135.4290576199106
2050.0	1.2452438650994755	65.4719762435539	136.89737744463494
2100.0000000000005	1.3172506519188276	67.79868843428166	4.967843306510161
2150.0	0.9750656235043943	80.82623637406641	-127.04581557895996
2200.0000000000005	1.5467802713829626	48.82126532624631	-145.63406154800282
2250.0	1.0997204205614735	68.66637872084982	4.285277664717104
2300.0	1.3929905626205616	65.38704942217937	73.1529046873644
2350.0000000000005	1.124038670395466	63.723959827032395	-132.45767727175277
2400.0	0.8210989939719523	84.53140429780125	-7.83283043755979
2450.0000000000005	1.5436151382309824	57.0956989925776	-91.31853032454163
2500.0	1.3325350539385514	54.2168377631603	92.37313677475258
2550.0000000000005	0.5593671496601298	92.32013831365437	-93.07205569585912
2600.0	0.3780657849329974	103.82233743378538	-53.83926643308897
2650.0000000000005	0.6280193093861582	89.5613176170292	-116.75119550284973
2700.0	1.2016205328359593	69.28803827631252	-59.44593573532503
2750.0	0.942925345066604	72.88069119189957	35.79113678364484
2800.0000000000005	0.7196989986211818	81.65540186764277	116.59224860340657
2850.0	0.7172725021636293	77.30271946812749	-30.238393164894525
2900.0000000000005	0.838210256890181	73.67054391527513	-114.89188525517031
2950.0	0.9238854465500924	76.48546133672252	-61.09503258254045
3000.0000000000005	0.7154757176401956	88.64611523036578	-85.67072937305694
3050.0	1.2096265089073794	70.13744047590275	152.63962223175793
3100.0000000000005	0.7519610959824617	66.10547057318132	-2.2416659275459496
3150.0000000000005	1.325517242866736	54.0149673681931	116.74390342661758
3200.0	0.9985027735827994	71.07557532053247	145.94099177135385
3250.0000000000005	0.6431923126473843	72.32792779826654	-171.6563287630754
3300.0	1.0191734017384884	53.43353178890207	-36.488420771401934
3350.0000000000005	0.24753903509793637	120.09163282390351	-50.213085961364506
3400.0	1.4056571790618384	52.31530593300744	-11.636753932229393
3450.0000000000005	1.8225277945728142	36.53300149857099	-55.51309118137343
3500.0	1.4784082685904527	43.81340068796299	-48.460311155093336
3550.0	1.3980475968304529	61.868248437346125	168.42805970272966
3600.0000000000005	1.773064065222162	31.38138335515208	31.718757385837925
3650.0	1.7297434854629905	33.351164634101124	-121.59131477111347
3700.0000000000005	1.7393933320918387	25.58412017215113	-36.862458303998245
3750.0	1.508127310569927	46.75997129944774	75.25606581553694
3800.0000000000005	1.8455087908079324	28.294167022145892	134.74472880051667
3850.0	1.7970507464413967	34.68332971874821	-149.16660093829577
3900.0000000000005	1.6925400903681105	43.455733202063584	52.461615435242585
3950.0	1.614078745473477	49.63398199737348	-153.42095721800487
4000.0	1.767689515158367	27.93668802998491	-2.167597113498993
4049.9999999999995	1.9425418228804532	22.132379933905685	129.85863998825394
4100.0	1.1511002095816818	58.759112253069546	126.61716843983365
4150.000000000001	1.8012680460854955	38.15342988006974	-89.23055961420971
4200.000000000001	1.4010130953935607	57.94990357082288	136.71153459785594
4250.000000000001	1.3472225988821471	53.10840452049857	-104.29863910394221
4300.0	1.1956330901973025	66.90419568683113	6.373675310970842
4350.0	1.50186030594382	54.16536920841626	75.3531737878594
4400.000000000001	1.6100146297507647	50.96797798411166	-94.7475109081828
4450.000000000001	1.3001380747349642	54.48996551735149	23.091266789285708
4500.0	1.3537002201291204	44.59715540723905	169.59241347925425
4550.0	0.515199653556901	86.64695993895022	126.35031257273616
4600.0	1.1520510163482824	63.40528564343006	139.43543999326786
4650.000000000001	1.3472157679699697	51.469412891992576	-72.03787743391685
4700.000000000001	1.1615278254857544	68.85987530385887	-138.36296918521515
4750.0	0.9492490139292128	68.0053278590419	130.26341217621572
4800.0	0.6509804495767421	71.94572392291728	-153.97747747290853
4850.000000000001	0.9150327745402022	73.77187975003277	-106.30864005551638
4900.000000000001	0.9692517849144134	56.646935360904386	-153.64720040408693
4950.0	0.20224467596511686	104.87859673819311	12.31618478225815
5000.0	1.1776880797243134	66.62019711722117	164.89622357894203
5050.0	1.5504770352376038	50.194860454562246	-25.770459037025578
5100.000000000001	1.5618725508073292	45.708826077098095	-127.27209465308663
5150.000000000001	1.4971648065986751	48.3013592223111	105.65103674785333
5200.0	0.8481274985240747	76.19207459831006	29.25555769214506
5250.0	0.9367832070105793	63.744696003443785	173.90206828177355
5300.000000000001	1.1724164549100822	51.11449421251206	52.25546330032972
5350.000000000001	1.1154986142117167	57.776349957435315	51.181359480168
5400.0	1.3842801605832307	53.372161520626975	-114.92460609285585
5450.0	1.304511041835924	40.899572270386145	124.87556688890233
5500.0	0.42595009102653797	82.4720446360301	145.7689844349794
5550.000000000001	0.5370733045939655	75.35751060722515	-13.892292565646969
5600.000000000001	1.234506121939618	55.387782915403236	11.43721241258049
5650.0	0.8661024245235935	52.27332406282397	140.0966375892248
5700.0	0.33547854335972876	64.82954085597832	70.70058310005052
5750.000000000001	0.7364150962655425	61.752211575536165	-0.8258080049740213
5800.000000000001	1.1853377257136535	52.35715942252502	77.3092592433469
5850.000000000001	0.7276977996735857	52.85271056049725	-23.026691764851336
5900.0	1.2575049910069178	49.94255371382611	-29.074996141390855
5950.0	1.04472796628122	53.267084948014805	145.51012314694654
6000.000000000001	1.5589124997525736	32.464752045598715	-126.9027674000941
6050.000000000001	1.482294225902211	37.13629547747653	78.69607187647732
6100.0	1.4956108718518402	39.700166855367	-77.46860325582168
6150.0	1.4525239004459896	48.65872295231432	41.89621212210374
6200.000000000001	1.3282202636387859	56.22340776789793	175.00198544320068
6250.000000000001	1.5138483060139196	47.194885183952394	-36.32371140287678
6300.000000000001	1.190500343938608	52.22180569627852	-9.277134164874171
6350.0	1.1006558293645194	51.24945937585418	-169.63257127198898
6400.0	0.4494506935639272	67.13521909739742	-145.94140514645002
6450.000000000001	1.0365698918647417	60.6966370857418	125.65369044455359
6500.000000000001	0.9045795766557438	50.55574845482311	-100.65086124976958
6550.0	0.6939440461149865	56.20846955412157	-3.9046862413442844
6600.0	0.844794225137814	65.43977696418952	115.79027155702191
6650.000000000001	1.012423757943859	67.19083106038421	-160.77818931806507
6700.000000000001	1.0722545789910953	56.054772824464095	108.94166989962191
6750.000000000001	1.3609287104370487	46.50570494446549	-13.485399118698362
6800.0	0.8866672952041729	47.4250640069175	-148.37625584049326
6850.0	1.1619507596261165	51.69667466728228	92.7188890654426
6900.000000000001	1.248392979821037	48.64096635942595	-132.1522461511617
6950.000000000001	1.1247225347024106	51.51011220366872	-66.94627751325817
7000.0	1.041828226897613	64.63410974970333	124.04552029769077
7050.0	1.391262775217407	52.006468318382375	-135.1917285516142
7100.0	1.2159048424792058	55.51056598171231	160.34046221614423
7150.000000000001	1.3792290606102515	36.6456361314317	137.04942532435595
7200.000000000001	0.7900579451713726	68.98326721928063	124.17068785127437
7250.0	0.85402401444759	69.38418690705299	-159.04092186329663
7300.0	0.8810554084321127	69.02466704234388	37.179324650221645
7350.000000000001	0.7063569971105258	59.00531560295966	66.83890207404643
7400.000000000001	1.5817651268931223	43.364130836710345	-173.30506643129954
7450.0	1.1545806279022401	54.4362498836376	-11.006869283997169
7500.0	0.589898008275075	65.93840088087018	26.816861364639244
7550.0	0.636532850968212	74.08167491153029	-8.342391992878259
7600.000000000001	0.46785714950479773	67.95694160410278	-171.32048416877095
7650.000000000001	0.5303010102192263	46.4896383385369	-83.18780238035892
7700.0	1.2956294546630673	36.7295402969232	54.296016376202296
7750.0	1.319501674764147	38.172063289338936	58.65371961291458
7800.000000000001	1.6346629432656146	33.79945702288383	-161.96710606698352
7850.000000000001	1.8018580280443177	20.159769035049983	92.86772936517963
7900.0	0.41629017979437366	77.8959406868723	25.911533653921452
7950.0	1.4027282205109601	37.547771813737135	37.68682859826798
8000.0	0.7897887447032096	54.085329850989034	-79.77603777541559
8050.000000000001	0.9292333437099629	41.5481082573133	-178.83450969848843
8099.999999999999	0.7864458702590542	61.81217864595643	70.70213793247932
8150.0	0.7273182383868498	51.995872988921604	-59.351253572038985
8200.0	1.5057290288431178	37.12575673725379	-0.20516123238506764
8250.0	0.8783076470745723	49.43690118610548	125.8554897392392
8299.999999999998	1.5700339642210905	19.21137797549881	161.9181076266167
8350.000000000002	1.486057764118686	33.13216505271738	-45.01654479846705
8399.999999999998	1.4655460963009102	27.604955376145988	131.64098826797795
8450.000000000002	1.8398079468147954	16.592276946659158	-87.34943617224593
8499.999999999998	1.6842033651159607	14.902078482282818	92.69303553525803
8550.0	1.7845914561304972	16.68058198400605	-87.57409832295754
8600.0	0.4294554768435258	76.3061716032166	-3.7318789289331757
8650.0	1.6773456967897817	32.8495446485174	112.99026874189781
8700.0	1.4445584128920994	45.31179227751051	-61.58055454857048
8750.0	0.6739562290758272	58.74581012883966	-156.88848327528686
8799.999999999998	0.8101255222509718	65.96146791739083	92.91577869126127
8850.000000000002	0.7754183359962461	51.63220400535211	5.926088502339665
8899.999999999998	0.8617661644290829	56.426367189815785	-57.59071396076314
8950.000000000002	1.2625182842657254	38.22899134318379	-66.53999649130066
9000.0	1.0000032846428453	55.564012341406176	-21.515962926540656
9050.0	0.6476204600737949	65.7633811440107	123.73010724279713
9100.0	0.7948125251596837	59.5823832514264	164.63246922539707
9150.0	1.0888850331525481	51.26588791472307	11.208418180387469
9200.0	1.1883854348262506	47.389349840699424	141.31356613263918
9249.999999999998	1.3669624980162534	43.32052727394286	65.62026644993209
9300.000000000002	1.4898247083079716	33.04825036662334	-58.09414048816272
9349.999999999998	0.979179480288091	51.32422439104885	-162.0007976747765
9400.000000000002	1.204299563136898	44.306489026600005	-42.50192694284741
9450.0	0.9291114662232385	43.34077291471583	-130.88571383861742
9500.0	1.4504725253481523	40.64072181699842	123.74853785140456
9550.0	0.6571211481096464	67.71566308687466	-75.08733674843464
9600.0	0.7175270883674808	54.51198550820243	-138.98110275728638
9650.0	1.0886079154494592	39.33646050517646	83.07529084678805
9699.999999999998	0.8203528989120724	43.33536575375175	-121.657263601524
9750.000000000002	0.5199490636673246	67.92308752814317	-60.71364120629295
9799.999999999998	1.0925198015316306	47.601275263442126	176.5277866615724
9850.000000000002	1.3409747940759562	35.11929578773414	63.07368608167441
9900.0	0.5581099125429632	44.87899916011207	94.33618337948305
9950.0	1.7045826034862854	18.67736789816718	-169.13843256720858
10000.0	1.168820177989478	33.15127058593579	-85.43040407273959
