0.0	1.8099260000721156	87.42500183578932	0.0
5000.0	2.08399343464086	67.52128991453962	90.21344201482306
10000.0	1.8981144533948702	59.57212544983645	167.7137897568843
15000.0	1.98152124736094	51.111756396805234	13.280124306827588
20000.0	1.9862955260523543	48.13794846760479	-14.031228765189214
24999.999999999996	2.094613198444336	37.38874886179456	52.64843744129109
30000.0	1.963853872569004	38.61062729703241	-39.117859233345065
35000.0	2.0510915692010836	35.27272770609614	-41.19860514779088
40000.0	1.810844089224505	35.089131431636346	112.19671143747364
45000.00000000001	1.7485132825773082	28.948551273230187	114.58733997454294
49999.99999999999	1.6770402472830568	28.266090700464385	5.2210890078019565
55000.0	1.7696740885847604	15.093820462046162	-1.0767715286027526
60000.0	1.7268217648735034	13.253935469353088	67.50968819461009
64999.99999999999	1.7347476573229992	28.654103144297505	-8.872716498718072
70000.0	1.3710299074438759	39.481947998497986	171.97626323146696
75000.00000000001	0.5243810621622077	47.84666371040549	-80.91943554827175
80000.0	0.3712928188122852	36.9733830572692	125.69446602632112
85000.00000000001	1.0593610020915591	44.29737110351749	58.11645614544224
90000.00000000001	1.0873564901401889	38.29591279801047	15.946627412167722
95000.0	0.5002214551135975	33.04773151384559	13.994956976302765
100000.00000000001	0.28796080611860186	51.985120379440666	118.34470704123582
105000.0	0.8735817684842049	30.24736501937137	144.15830359880576
110000.0	1.4611865657902334	34.55368636128795	21.31788225436186
115000.00000000001	1.4025897861569252	36.523506792729656	58.60291476493744
120000.0	0.8135106209751771	48.38638292198449	-151.83927268217934
125000.00000000001	0.8894762974495897	40.132874177106615	-161.16742987106625
129999.99999999999	1.319743788231017	29.974993975999038	-151.3179372135811
135000.0	1.1551989564035074	44.63929754197293	-74.56573625360022
140000.0	1.5979934275942511	8.337297342283657	3.3421797911549613
145000.00000000003	1.339556953534356	26.244451351596076	90.87664923124397
150000.00000000003	0.8908094474604302	34.16402672394195	2.7821004766758417
155000.0	1.4014475821152885	25.73383210935284	40.37464967176776
160000.0	1.2000532266431008	37.151447717047866	35.78611482936584
165000.0	0.45040586226765394	25.59621455521332	-46.77977299097216
170000.00000000003	0.9619011078789226	7.813109437621043	-54.47070473137116
175000.00000000003	0.7581303931754667	48.27785037494908	-44.46821148287604
180000.00000000003	1.3524653350597782	24.47173577184855	-84.52971014033992
185000.0	1.2464980658302462	23.02612108878352	-174.09388504170886
190000.0	0.6886797567582116	11.281977960194261	-170.55769332012974
195000.00000000003	0.5362620200157908	2.491575712555305	-140.35328295153965
200000.00000000003	1.2772242493264587	10.180400474313066	-150.05110623518095
205000.00000000003	0.9772180404388456	32.22332019157337	-117.83137692749187
210000.0	1.124707954156896	9.05362250641274	-131.0151741143974
215000.0	0.8285968136622549	38.55463516232274	72.18579732144393
220000.0	1.1103927911631628	29.29207237264781	28.133664726081648
225000.00000000003	1.5009552465260219	7.071837896415032	-121.64184632630327
230000.00000000003	1.295143990202239	9.43339862238037	37.15467381176116
235000.0	1.3860504117760357	5.158847605008787	51.03285577435246
240000.0	1.3922643464648534	15.1665337257172	-137.6225385782752
245000.0	0.7184083139144721	8.619929790022022	42.70675997361645
250000.00000000003	0.9125510638372003	9.978410973576882	79.22512018550661
255000.00000000003	0.9748360162110371	13.454210849475121	-173.6621342209237
259999.99999999997	1.2694726186313021	16.887477646070597	78.9239261103246
265000.0	0.9440352700884282	21.776196447652108	-149.96348038652204
270000.0	0.9844362079510434	17.024295853756687	161.41638050101642
275000.0	0.9903918885409425	23.355617766729434	97.6046753323895
280000.0	1.0532513425540946	22.346149139018927	-150.58185759186173
285000.00000000006	1.0005679860129584	20.521901137998153	-51.750467031512684
290000.00000000006	0.9395200395686607	25.586013548932797	114.68022757647144
295000.00000000006	1.070285686282289	22.025022914359795	76.09497483653576
300000.00000000006	1.0592792051940096	21.84440132821741	-88.27220774982393
305000.00000000006	1.0442880013986704	21.515077220250497	83.23134170558413
310000.0	0.966654940800937	21.279142880299364	-12.19820363313777
315000.0	0.9496360619094688	17.956236762401428	47.7935866440814
320000.0	1.0352276309413984	17.27907873687135	-61.092844059623346
325000.0	1.0340685217099614	18.34035818913932	-88.51119149867405
330000.0	1.0434346380596482	15.558752184256772	-96.61620182936633
335000.00000000006	0.9411778081481601	10.306925079273476	-138.91509593803343
340000.00000000006	1.0896796552560402	17.381602296906344	104.13893080591971
345000.00000000006	0.9557857434828293	12.159156075778448	17.992075185253277
350000.00000000006	0.8831233790593687	15.701796327208726	20.586917495141826
355000.00000000006	1.0530887199086105	13.040021329677009	107.71296505532858
360000.00000000006	0.9660850628642753	16.923646527773204	-171.12376577497187
365000.0	0.9807154921735426	14.21161020417744	77.42541205647451
370000.0	1.0299089195917002	13.413553201549608	112.79248095842412
375000.0	0.9867983456579097	9.503950572857054	-61.90437350310193
380000.0	0.9643113027214361	8.315899326054177	-7.87661906877717
385000.0	0.9422638309199963	10.17576276756944	20.618075038547325
390000.00000000006	0.8894070389931376	13.052496263429077	59.36523711638633
395000.00000000006	1.1099147690610824	11.627691303957665	117.7475910240805
400000.00000000006	0.9611599177850272	10.122229015419606	-177.88812035120444
405000.00000000006	0.9237375121673642	7.507014101439274	28.605335325563335
410000.00000000006	0.9073852775888569	11.474213686376986	-113.02429748430524
415000.0	1.1267337683702545	2.4810126331920537	152.98055155770464
420000.0	1.05135974515332	8.9109365364015	2.952450004988612
425000.0	0.9403673612041829	5.909746350403274	111.64251351219546
430000.0	1.05848803293152	7.953685433439162	-55.440906652800045
435000.0	1.082144221212975	5.041449746739019	118.28648265335529
440000.0	1.0350576971325616	5.175334995642137	49.37726957061802
445000.00000000006	0.9307155931033878	5.987542147282412	-124.64289731431332
450000.00000000006	0.9271778537164129	2.0807991573811573	-4.728677297352678
455000.00000000006	0.9651377815223796	5.915063188849531	-93.62775819031486
460000.00000000006	1.1102198063435398	3.0365797253228135	-122.95334808640082
465000.00000000006	1.0569835039379751	7.080060251303564	143.6094124819771
470000.0	1.0883119610286915	3.654097433372105	87.59505063459304
475000.0	0.9766819510827589	3.6972674284813807	-50.97587325972236
480000.0	0.978420843302481	9.287985727754469	-16.534270623125572
485000.0	0.9554068394880735	2.7959891951259155	59.84934092332247
490000.0	1.0090593840478101	3.2576104479417154	101.79284768870896
495000.00000000006	0.9368245220524383	1.8325397689459522	-120.1813197380772
500000.00000000006	0.9087881737106798	5.437642847988016	118.82893485514398
505000.00000000006	1.0576470549378278	3.31672291791714	57.10681918455696
510000.00000000006	1.0873933233317874	4.547713701171347	-175.79156123824333
515000.00000000006	1.028074439926953	4.812011577064827	-166.05768967747085
519999.99999999994	1.1742938103796938	1.756359023567163	-92.71351898642095
525000.0	0.9827767215981665	2.088067756892924	179.7098392942949
530000.0	1.1066655783641481	1.541479171593773	-164.0155894952684
535000.0	0.8990323872883113	1.3575151272296238	11.941283608839777
540000.0	0.9013021177553737	2.1472551586265016	173.28890723736154
545000.0	1.0518448281578734	2.0031862999211265	170.15946766843172
550000.0	0.9130482752642353	4.079747013990946	166.40784845411235
555000.0	1.0815937594247858	1.009275238735646	-100.00450144906152
560000.0	1.0524250093272587	1.3781429026654055	34.974790470783496
565000.0000000001	0.925618029688591	1.771220010407779	-3.066134997009204
570000.0000000001	1.0296720600569218	2.852245473990394	179.14076127661937
575000.0000000001	0.9590062249254943	1.7185411921082128	174.5301734790199
580000.0000000001	1.0795793661203519	2.541232863200718	-16.027970268065822
585000.0000000001	1.0792820071063685	2.0589595120304547	-16.16264114540835
590000.0000000001	1.0253745940221295	1.0199139054063033	15.491175265903115
595000.0000000001	1.0755152579362268	3.3162337513311253	178.9543901492678
600000.0000000001	1.0095720111993367	3.975994441964365	179.73848893177174
605000.0000000001	1.0111227803415541	3.580817362141283	-2.178283830992056
610000.0000000001	1.0082671493913649	1.0993900442918174	-74.67207583663512
615000.0	0.9751331911900635	2.3269692234675854	41.11307954291
620000.0	1.066133428942396	4.177385414342814	-168.6190849123875
625000.0	1.010802986779899	4.26761446128301	-171.25964655842986
630000.0	1.0609748114387008	5.77783594243501	-179.10357267167106
635000.0	1.0001177501147764	2.5062492313183027	30.159038097872678
640000.0	1.0525537471630084	4.3591951091434655	173.3918192795837
645000.0	1.048048528192409	6.376409452553636	177.08413161629701
650000.0	1.0590027228212824	5.518300729271621	-3.7599650482531985
655000.0	1.0625260727137154	5.457119223610827	-8.230705051335828
660000.0	0.8993235327268752	2.7210941693939055	42.138856069947735
665000.0	0.9172935480486505	3.269183116084067	-35.26747017909272
670000.0000000001	0.9806470618567317	8.352751564330516	-178.57654632706235
675000.0000000001	0.8629983013157746	3.354516567977425	39.5256938138708
680000.0000000001	1.1382014579198814	4.443727368998848	-173.25989455900995
685000.0000000001	1.0803659079246994	5.168043615517529	148.74853462655395
690000.0000000001	1.0632818394427055	8.311528934252081	170.49147880207784
695000.0000000001	1.0343512353221314	9.135817452296783	-151.70110633583272
700000.0000000001	1.0114483763094413	9.747373107801607	-151.77949618367276
705000.0000000001	1.0611527972942658	6.7931523303354195	-112.46805829268996
710000.0000000001	1.0731916947797875	8.079507676307088	136.54334567090197
715000.0000000001	1.0674540039276397	1.0401043096948444	-76.86418671654742
720000.0000000001	1.0444321887594963	8.615201519502335	-157.34214831292027
725000.0	0.976544959766853	3.6845350431755373	-139.34317051904654
730000.0	1.0703684756735803	2.438911941999502	-99.2927287368639
735000.0	1.066288402350395	10.672315916348015	164.2312640751773
740000.0	1.0092619228297146	8.245771804348902	-76.80625778713879
745000.0	1.1009537412654677	8.837851074763808	-165.9916302615244
750000.0	0.8780459290142746	7.218970550351943	120.69012391247358
755000.0	0.9887030836530387	2.468399960109409	-36.30667990619331
760000.0	1.1030606126431823	2.0376253503864326	25.701081671840438
765000.0	0.8833760610798725	3.4746785638536206	-76.64628070014682
770000.0	0.928912572850597	3.714179209591001	-75.74552261210015
775000.0000000001	1.1090270800778437	6.491093966188391	-31.798950508060148
780000.0000000001	1.0074373996018333	5.132526467798411	-30.730620101368405
785000.0000000001	0.8906783099979183	6.75642602829298	-147.82360563697927
790000.0000000001	1.022840280828871	1.5651308278134706	-28.021861451139568
795000.0000000001	1.1091014566238775	5.524018399840974	171.4665451083705
800000.0000000001	1.126641520031937	5.063345599922886	-165.88852384199257
805000.0000000001	0.9974907445622884	3.5286615987596335	-54.03345456454939
810000.0000000001	0.9233951831561575	6.9062053775906245	17.948476616714363
815000.0000000001	1.1185711926989275	4.975963644880143	-119.25606289044337
820000.0000000001	0.9540400068227728	4.9060402494192195	-88.01328426607367
825000.0000000001	0.9575117642330304	1.9576063819787333	20.19713013625989
830000.0	0.9464867712172982	7.177081482929883	-21.507367390534867
835000.0	1.0141550678934999	7.130441049225347	-144.98954887480738
840000.0	0.9559797700365993	1.5272216125528344	-95.91024102846755
845000.0	1.0583029826144508	2.2986058974564547	-135.10336179570191
850000.0	0.974610657463076	2.0495592892233367	-76.44056300112481
855000.0	1.128380160496981	5.050214342254087	-49.79675494403714
860000.0	0.9316069285229361	5.421116691705753	24.36383937437201
865000.0	0.9140983049226974	2.5340114219089958	113.78642364088549
870000.0	1.1173000445781984	5.166260193144489	60.100935356315425
875000.0	1.0361391167101537	3.3121662395202653	-144.0350274484336
880000.0	0.8768239660749131	8.487401859539029	8.429966268604389
885000.0000000001	1.0410033975976414	6.635242708526361	-145.5886343213125
890000.0000000001	1.001187135582153	6.707899018661243	-13.685459260106096
895000.0000000001	0.9812804449225028	5.447905337982787	169.95586056447618
900000.0000000001	0.9917490969933671	5.583424240540262	129.1364968945592
905000.0000000001	1.0711812289850886	9.622844083330097	33.822460527387
910000.0000000001	0.9946201322393594	6.305264601285384	1.0795160093939238
915000.0000000001	1.0445751225107467	7.862049551033295	-33.95737611385406
920000.0000000001	1.084276045060977	3.978608995026466	-29.75231507475104
925000.0000000001	1.0539000647958683	11.002713588808827	161.8280037786463
930000.0000000001	0.9343964442995021	5.798489850634138	123.56421396220789
935000.0	1.0153699571038484	6.748072741798914	28.753322184662284
940000.0	0.8456543230667622	9.816907033048967	-27.12932432714847
945000.0	0.870526243168757	8.293761062155976	-60.992885553466884
950000.0	0.9399941006584455	1.8958697255017898	-30.54858583693769
955000.0	0.8590847760781174	7.363870271969602	6.687543633037232
960000.0	1.032028097775716	7.653570074484682	-145.95471001616315
965000.0	1.0832094354829416	6.649344248332594	40.68284341008784
970000.0	1.0884499682359574	8.541549759627113	-12.452483258351505
975000.0	0.9300155937028992	3.806675810380513	72.59898588044571
980000.0	0.903689069032226	6.535311140616282	-160.97285143088803
985000.0	0.9758624030335538	9.043534974448018	1.8091547501043692
990000.0000000001	0.8223419685516368	4.907715166598679	5.626411984300684
995000.0000000001	0.8258226362245271	7.6356646711185325	-48.21066409263668
1000000.0000000001	0.9375084291859992	4.295384197912573	131.62224435057604
