0.0	1.5943970469983446	8.604945912179874	0.0
50.0	1.501113212091322	9.296185957651335	103.9737760680837
100.0	1.58431035189448	9.144773383767555	-135.63455463156453
150.0	1.340185213642231	9.00334493120902	-25.011062231332023
200.0	1.3208019871200378	10.492952560670705	90.52208063344582
250.0	1.5750559138871558	8.741323485856809	-151.80860823686226
300.0	1.4182436025951546	8.649546089135848	-41.39667948781486
349.99999999999994	1.5479818859197028	9.62385498569228	79.57779743784833
400.0	1.2677870010413512	9.57552132624923	-164.0378483890586
449.99999999999994	1.2754730562349925	9.998862712943913	-50.89470500928899
500.0	1.392416464461917	10.048696155153445	71.48597589164422
550.0	1.2471904001984098	9.104429070282386	-167.27054005767593
600.0	1.25248728295593	10.029505793838045	-50.21766788322758
650.0	1.5516548743326015	9.251465304231994	73.46787099126671
699.9999999999999	1.38969963959378	7.902033456251473	-154.48647573126465
749.9999999999999	1.5283411241786846	8.095504251650006	-46.082747491552915
800.0	1.2130917688257588	10.465727428837699	90.13561005163875
850.0	1.2276325045710448	8.67301274821141	-143.18376196923904
899.9999999999999	1.2409940368191155	8.019138935292439	-19.87871358993779
949.9999999999999	1.2872704612734203	10.069244690341378	108.26707982435865
1000.0	1.3208915736150104	9.786217279463774	-115.03779240293149
1050.0000000000002	1.1665803530943897	9.59529753363906	24.260178643560614
1099.9999999999998	1.3944013723773834	8.368790339401654	156.54611799284814
1150.0	1.3451551719463068	9.471068872919766	-54.14584454275348
1200.0	1.1707041883896576	9.768492511982705	105.69057619452398
1250.0	1.164398220543594	10.456958414411458	-84.17479250115835
1300.0	1.463142562547016	8.299934523927902	108.34252875371347
1350.0	1.2461004882009905	8.347769863717243	-55.41717061971648
1400.0000000000002	1.1811568083404502	6.497863905465216	-167.7440493269119
1449.9999999999998	1.3163935853859505	7.33089922214038	57.531211461090265
1500.0000000000002	1.2300988265693413	6.614708175614504	-23.89680343712049
1549.9999999999998	1.1849169715418666	7.849586197806128	-105.84803145567832
1600.0	1.2357702856858672	6.260255525168315	-118.95873627125913
1650.0	1.2533114267565906	1.57524552761041	-14.294510902758741
1700.0	1.5151771995686043	4.914562099233207	-133.6711296796875
1750.0	1.4432166669094728	4.586571051092207	-123.20944517443588
1800.0000000000002	1.139433671361173	3.0124149887352414	-114.95932866112258
1849.9999999999998	1.2449427979495666	4.494427531550985	-27.258984255881423
1900.0000000000002	0.7714313068385336	11.524466192286225	-178.53806028073953
1949.9999999999998	1.2825087263178028	12.363440523928231	-76.89203002194962
2000.0	0.940515995052912	21.345253161937183	93.93438118894446
2050.0	1.0040827900105334	29.36597633984409	-43.03202153411317
2100.0000000000005	0.9966264947679544	20.145046800980023	179.83871496842988
2150.0	1.233692544427334	21.286787940873594	142.1554504566555
2200.0000000000005	0.7771374833056673	27.7257274688977	-25.844955670990394
2250.0	1.2688729955649007	13.614341663673978	-37.2572071787537
2300.0	0.8710291425965146	6.506123816211702	-105.58543988672744
2350.0000000000005	0.6251619588056093	20.744129825186103	-68.8759265194643
2400.0	0.803950170276273	21.706084323691584	173.90633504853557
2450.0000000000005	1.236690726281382	17.017996824877624	121.22097180630078
2500.0	1.1871478060584446	20.860139715478468	-110.0217456220089
2550.0000000000005	1.0806754287319604	14.694578949330202	119.18744430860575
2600.0	1.3945818643238883	3.6625970110452957	29.64347318045688
2650.0000000000005	0.9891874675384359	10.558111614937436	-44.91988799391951
2700.0	1.0331075599615112	15.661481505003529	-162.8720679196007
2750.0	1.0742145955399198	5.678278332837844	67.99524457976638
2800.0000000000005	1.259591870040601	14.769138945593367	130.40899850256858
2850.0	1.0243637773922358	19.807704639797937	-18.792545649904323
2900.0000000000005	1.1883977566378536	12.827274315776737	119.35893482157589
2950.0	1.0569759803712073	23.112582574249057	-146.42428823171838
3000.0000000000005	0.911898343589671	18.180819491983467	-138.20140906257873
3050.0	1.2655024697702244	10.212498127661814	-174.3889906530313
3100.0000000000005	0.8800566785079702	2.920985101941573	72.24619635937233
3150.0000000000005	1.2362172443787263	15.77630494669439	-109.42924642278128
3200.0	0.8501489489438708	20.021162867727156	25.61473423019651
3250.0000000000005	0.9327475129538323	19.682525750899433	-105.16318332545742
3300.0	1.0469353454288344	21.89518287859487	-102.25936752790668
3350.0000000000005	0.9500941720469007	18.28261295684708	-92.77731991972908
3400.0	0.8833706488903924	11.01488983126437	-137.3079973201365
3450.0000000000005	1.2341028266269396	17.185246116005594	61.46370572489115
3500.0	0.9267263016702794	22.537249413010912	-137.41218488854864
3550.0	1.2281694965764476	20.81566511029016	133.84958894617594
3600.0000000000005	0.9389792459733229	23.183573975571353	176.75296306201122
3650.0	1.2321581627204548	18.33723580767095	69.65246324323958
3700.0000000000005	0.9017528914232192	16.178005451908792	-107.00626273591044
3750.0	0.7786001739815911	23.93708310731948	-33.520146574624654
3800.0000000000005	1.1287916897451546	13.01298519674346	-32.01515204692291
3850.0	0.7669527623610489	2.1984640201036982	103.71152886483962
3900.0000000000005	1.214969106916118	12.731132096281742	-6.150439071380845
3950.0	1.087431405017993	8.608087980017004	-160.1909082846359
4000.0	1.0180796863354717	14.533522092415414	119.40414092394298
4049.9999999999995	0.8542577602253597	3.5638962942035612	-136.27551838862172
4100.0	1.3089385133077296	16.919406770184235	-155.82076667806206
4150.000000000001	1.0719445699507435	12.840429162491631	-56.58563366571774
4200.000000000001	1.0822231993425182	10.869321739674351	-81.38136352120173
4250.000000000001	1.3198299347167834	3.2700816703712943	38.477986219547866
4300.0	1.3389042562844349	4.108400323369663	-125.83004310338653
4350.0	1.0664027808083911	5.587053874459547	-170.44196784180957
4400.000000000001	1.0591517198566993	13.5055623565637	0.12076824897813976
4450.000000000001	0.8535827088103909	11.809081604106467	134.30354870048458
4500.0	0.7736027004546496	12.447674498696374	-32.32835684443021
4550.0	1.2442536286269796	6.612760033724793	-43.62549070979379
4600.0	1.3379853664613903	12.108140424438274	16.170260473785913
4650.000000000001	0.8840532892516633	17.612574286214432	-167.69295409572328
4700.000000000001	0.8043713028790437	20.471115835296136	-41.96088237364813
4750.0	1.1195084737025107	11.705625658675228	54.33105812552267
4800.0	0.6758635842429525	11.747114988543228	41.29360232131025
4850.000000000001	1.103845828689023	7.296610724476921	141.4335856932955
4900.000000000001	1.2343751656775859	9.30076601873272	-107.65525934678094
4950.0	0.8328795538187662	18.691781303263014	142.91330601907535
5000.0	1.2834367054459919	4.156260584804879	78.75295764505113
5050.0	0.6304964666394991	6.98899816629235	-159.114378506782
5100.000000000001	1.049291434899865	16.97745189370201	149.53940011890867
5150.000000000001	1.1708490479050924	11.77545516633357	171.31841650077862
5200.0	0.8299569434507593	12.800145730348538	-21.462806196002248
5250.0	1.1138789995100287	19.61426362920061	-171.5650330500232
5300.000000000001	1.0532526897301444	20.501639455646803	-160.3082424444734
5350.000000000001	0.8668481797464455	12.465390240935683	68.13590034405553
5400.0	1.0648728683339646	11.262647015767019	163.7417899354151
5450.0	0.8868678398029133	20.453004314979903	-138.40732799375652
5500.0	0.8921264702199175	19.444957301896036	85.05190112388765
5550.000000000001	1.135268903088862	17.24789578475784	-142.86319826481792
5600.000000000001	1.124987038473327	16.241963753349903	-70.26883159074018
5650.0	1.236330283826335	11.47349713292217	33.34192616102641
5700.0	0.860984518860072	16.81064529814879	-14.635122960391362
5750.000000000001	0.7680146336157143	4.270916438668629	46.96814916991663
5800.000000000001	0.998356941989345	17.98973834938473	-30.286786595453925
5850.000000000001	0.8750335114321153	8.607751523888842	-65.01165395616705
5900.0	0.8387000932173615	15.135282521035407	-74.91428503170417
5950.0	1.1965312234890946	8.92863358141214	61.58109711767715
6000.000000000001	1.1567586106270684	14.682412763478702	-153.72266275041227
6050.000000000001	1.2149587784299147	10.916159527305854	-101.84380540022309
6100.0	0.9480722904958304	5.853696420436766	90.6225963332046
6150.0	0.9339698973504966	11.81900815975926	-103.36829243864659
6200.000000000001	1.2376203623992448	16.729909233838768	168.71081598863555
6250.000000000001	0.8641218087821742	5.979214659932415	-98.55398376269306
6300.000000000001	0.9225550179416444	16.91789006209267	-135.32970958015287
6350.0	1.0091553969246425	11.397865574218772	-70.22586709437013
6400.0	0.8440310135492863	17.08027041085406	-30.761366046371414
6450.000000000001	0.936230146733695	12.000856014116497	86.43887580657571
6500.000000000001	0.8327456103460177	4.397412249831332	18.65265053745647
6550.0	0.9866778161183917	6.359010526485853	90.80723411760749
6600.0	0.7636202657425896	16.713918459465415	137.87435159886476
6650.000000000001	1.28004313631285	11.457591132191201	13.313732636605911
6700.000000000001	1.1821554197783286	9.703671537022334	-22.345231278283546
6750.000000000001	1.1033679479851128	9.510463311217714	-43.38459773360506
6800.0	1.1979614463317751	6.690605076951158	-141.04490047327894
6850.0	1.1241659889147069	9.49853006765213	-96.26083413994029
6900.000000000001	1.0526322475043504	12.61202181165396	-109.86779923930743
6950.000000000001	1.2226166722989849	9.594350005743681	80.20520321065537
7000.0	1.1510739377946524	10.444285013722384	-55.21965646533246
7050.0	0.9565960688113129	2.746663087344979	-32.4160402416622
7100.0	1.2553655392773893	5.828478238577444	-167.90391284470692
7150.000000000001	1.083051968314631	12.394841162655608	168.20877411092712
7200.000000000001	1.0287967398162936	6.287874574976211	132.97513341500408
7250.0	1.0917698778265437	6.858039044675662	-83.70690004575003
7300.0	0.926697469409776	15.969960787801451	150.43756888638603
7350.000000000001	0.7063841697115508	0.6201384625392223	-82.65341118624717
7400.000000000001	0.8562055272335548	14.954012373165385	-147.5668794469291
7450.0	1.002752565683222	1.5783721688557515	-171.1715783457927
7500.0	0.9286585234418225	8.837875438006094	-77.33112233087334
7550.0	0.7736211139793759	9.552762984047249	34.97385860262983
7600.000000000001	1.034682086867181	4.8928507751104116	-131.2328789375519
7650.000000000001	1.2404823676316334	3.2479684944566025	114.13042119240976
7700.0	1.14261959773268	11.236961089073743	41.201424487228394
7750.0	1.2602369915881644	11.080258790476089	-27.888625631134886
7800.000000000001	1.096616398027033	14.482534826530895	173.95587670915876
7850.000000000001	1.1936211124051248	8.994742105605948	72.26695613977874
7900.0	1.1478978393403096	6.134366813509289	6.729907429684973
7950.0	0.88895085064318	9.01552005423366	-57.332660792838766
8000.0	1.1489943235704807	7.618227409152851	-7.218922513734024
8050.000000000001	1.1760469422021236	2.8591591731508745	-105.36224535844181
8099.999999999999	1.1205803623780233	5.274752041753054	-17.713736914896096
8150.0	1.0348538453415672	3.7100049869189364	47.563942336835304
8200.0	1.1793564092364348	2.5294805913811054	109.22306558113759
8250.0	0.845988962788094	1.5547525450730626	96.74626992254704
8300.000000000002	0.8132879797339698	1.0587473173027302	-9.882917577296947
8350.000000000002	0.9946707673438187	12.114552885821492	171.33449520896755
8400.000000000002	1.186669121686198	0.8938693253723109	89.28782881702702
8450.000000000002	0.8598171262647337	15.528538714368251	22.296457606949758
8500.000000000002	1.2640582990500933	3.4776129718729134	134.09618705639883
8550.0	0.9810148514572221	5.069738823825475	10.127809888844393
8600.0	1.0887495413059922	3.551301281652696	-12.445810194327404
8650.0	1.2500759707610032	1.0091310925947032	102.89040267784613
8700.0	1.2220598206597773	6.454101456182137	-162.6665826237463
8750.0	1.1991997863507586	3.8735939315319596	-95.45573650162173
8800.000000000002	0.8523224317616884	15.526088969457847	-29.35886945081493
8850.000000000002	0.8877177724197135	6.078721082515451	-121.98191034099388
8900.000000000002	0.9636835782292077	4.377499485184371	122.30858977071378
8950.000000000002	0.8964247063512608	17.180393760977708	42.79551150313195
9000.0	0.934085013951648	4.788340767165611	85.7255062303993
9050.0	0.9471825147527044	11.722065876592538	76.24260480687015
9100.0	0.8389083863546533	12.31544563902638	55.51347399657607
9150.0	1.0263630397554093	9.389004433458663	105.33717956941268
9200.0	1.1441146049058968	7.918620132790628	-107.21104300990251
9250.000000000002	1.0187941485351557	12.207507773585396	69.01424654670683
9300.000000000002	1.0506869502922982	13.17975788529787	-34.974670776054644
9350.000000000002	1.1067582353314134	9.973999665629876	58.66544890373432
9400.000000000002	1.018862114770265	10.306407674486737	13.873561452713004
9450.0	1.0971972746290388	2.541046835680381	143.24809076990095
9500.0	1.0267012874485286	14.884648242819408	-8.24656375562127
9550.0	1.1336639656776195	12.805728523283829	65.10597242615391
9600.0	0.9623873206951836	5.940388764414833	167.94002332122858
9650.0	1.171387098683321	6.254384097773513	116.14930407970297
9700.000000000002	0.9812983572761039	16.728726525902257	147.48624750361378
9750.000000000002	0.8949987557110897	8.30069192831287	-126.24520519409519
9800.000000000002	0.836778826684107	8.742925054269646	116.77950273993638
9850.000000000002	1.2206309166357692	8.904211541297652	-100.92014031561864
9900.0	0.9534231597267522	12.506007194203567	139.92881397002267
9950.0	0.8463692940430267	12.12387764876952	-87.09488962803376
10000.0	1.1131634899588458	10.866644720072275	114.17691641805993
