0.0	0.47718188142893037	54.88068536816933	0.0
1507.537688442211	0.4917401547960739	50.625627868765456	1.1031897016057051e-05
3015.075376884422	0.5077202234495024	46.8145463689343	3.777940069843608e-05
4522.613065326632	0.524652612102828	43.40815754006773	7.484487208507769e-05
6030.150753768844	0.5421603500267022	40.36399276543334	0.00011456162711520534
7537.688442211054	0.5599461061078462	37.64028027400529	0.00014868356622750137
9045.226130653265	0.5777787526639717	35.19808762479061	0.00017020043202730937
10552.763819095477	0.5954809544725743	33.00230033561949	0.00017488147472544246
12060.301507537688	0.6129184406414022	31.02188976819843	0.00016220485409632675
13567.8391959799	0.6299910874395059	29.229784269675395	0.00013547445587879035
15075.376884422109	0.6466256815741932	27.60254367090623	0.00010109294827138837
16582.91457286432	0.6627701322884818	26.119956580766647	6.715243112472176e-05
18090.452261306535	0.6783888818255168	24.76462724168484	4.165396248614138e-05
19597.989949748742	0.6934592829264387	23.521586217712365	3.074437952390238e-05
21105.527638190953	0.707968745184616	22.37794017028408	3.7363084718333546e-05
22613.06532663317	0.7219124874432035	21.322565262430967	6.059412459082287e-05
24120.603015075376	0.735291765785332	20.345843188263416	9.587004192557388e-05
25628.14070351759	0.7481124742025536	19.43943611387278	0.00013597430425160917
27135.6783919598	0.7603840375189785	18.59609599471184	0.00017263672277710565
28643.21608040201	0.7721185340581227	17.809503408927654	0.00019835002133559556
30150.753768844224	0.783329999557377	17.074131620962657	0.00020802392153286282
31658.291457286432	0.7940338746697329	16.385131915281054	0.00020009978803685107
33165.82914572864	0.8042465666920876	15.738236984376389	0.0001769010618843637
34673.36683417086	0.8139851024937398	15.129679372559629	0.00014411575069492774
36180.904522613055	0.8232668544215936	14.556122724303364	0.00010954985946782728
37688.44221105528	0.832109324656286	14.014603639788685	8.139958099736736e-05
39195.979899497484	0.8405299763545788	13.502482613568617	6.645865061521431e-05
40703.5175879397	0.8485461021602011	13.017402333961398	6.86162605746424e-05
42211.05527638191	0.8561747224947556	12.55725219300288	8.79960422852998e-05
43718.59296482413	0.8634325075374519	12.1201380057619	0.00012093992236220924
45226.13065326632	0.8703357180553296	11.704355841247892	0.00016080257046793934
46733.668341708544	0.8769001612845632	11.30836947822203	0.000199425088881506
48241.20603015075	0.8831411589166922	10.930790667517515	0.00022891973280816222
49748.74371859296	0.8890735249213055	10.570362021888908	0.00024342073078535722
51256.28140703518	0.8947115514522846	10.225941902924117	0.00024036386200640948
52763.819095477375	0.9000690014584025	9.896491220880106	0.00022104301439222204
54271.3567839196	0.9051591068713305	9.581062048969669	0.0001903422345138711
55778.8944723618	0.9099945714059138	9.278787651415948	0.00015566149385914775
57286.43216080402	0.9145875771112931	8.988873705902726	0.00012526020209421848
58793.96984924623	0.9189497938833403	8.71059105720517	0.00010647772361150244
60301.50753768845	0.9230923912165713	8.443269141231674	0.0001040930156991534
61809.04522613064	0.9270260515503688	8.186290298799857	0.0001192575612923808
63316.582914572864	0.9307609846597718	7.939085137825001	0.00014929927226278142
64824.120603015086	0.9343069426508602	7.701127740002308	0.00018823323209181042
66331.65829145728	0.9376732352383885	7.471932040128258	0.00022815123697185447
67839.19597989951	0.940868745095867	7.251047922899757	0.0002609125269734469
69346.73366834172	0.943901943164579	7.03805796845253	0.00027995705167938105
70854.27135678392	0.9467809038749657	6.832574388508037	0.0002817561736048507
72361.80904522614	0.9495133202788911	6.6342361371222225	0.0002665754518374119
73869.34673366834	0.952106519096275	6.44270624208933	0.00023839362263980047
75376.88442211055	0.9545674756702159	6.257669932748218	0.0002040964600537088
76884.42211055275	0.9569028287966068	6.078832338856269	0.0001718912848673608
78391.95979899497	0.9591188953649795	5.905916950340833	0.00014952885615952536
79899.4974874372	0.9612216847230769	5.73866426793068	0.00014260465335981108
81407.0351758794	0.9632169126678142	5.576830366670162	0.0001532900245081952
82914.57286432161	0.9651100149685268	5.4201861954234625	0.00017991789411182777
84422.11055276381	0.9669061603507181	5.268516190196788	0.00021728011472742974
85929.64824120603	0.9686102628959207	5.121617696467497	0.00025783403420474095
87437.18592964826	0.9702269938509845	4.979299833290053	0.00029332960047493637
88944.72361809044	0.9717607928705008	4.8413824480949526	0.0003165942912258638
90452.26130653267	0.9732158787391533	4.707695715661207	0.0003232078410631316
91959.79899497489	0.9745962596348852	4.5780787870737285	0.00031238141013718043
93467.33668341709	0.9759057429913675	4.4523791333540155	0.00028715897934671096
94974.87437185929	0.9771479450081947	4.330452007887701	0.0002537779233024218
96482.4120603015	0.9783262998378405	4.212159705054849	0.00022026920351607304
97989.94974874373	0.9794440684576441	4.097371049379627	0.00019469078377637116
99497.48743718592	0.9805043472192877	3.985960798442719	0.00018331078789247737
101005.02512562815	0.981510076053825	3.877810023485139	0.00018935846693740062
102512.56281407036	0.9824640463084354	3.7728050196034486	0.00021215725434858495
104020.10050251256	0.9833689081949103	3.670837561991262	0.00024736287123379355
105527.63819095478	0.9842271778406614	3.5718046079879646	0.00028791910486446675
107035.17587939698	0.985041243948681	3.475607953110845	0.00032558761254405927
108542.7135678392	0.9858133740851688	3.3821535681811645	0.0003527018768641778
110050.25125628142	0.9865457206269367	3.2913523243361205	0.0003640444702450731
111557.7889447236	0.9872403264055633	3.2031183837382518	0.0003577662543579524
113065.32663316581	0.9878991300869919	3.1173695716289798	0.00033591573582428984
114572.86432160804	0.9885239713185355	3.0340271023352914	0.0003039945689565874
116080.40201005025	0.989116595666802	2.953015313401042	0.00026974486610709813
117587.93969849245	0.9896786593596094	2.8742609824225225	0.00024135467564313757
119095.47738693467	0.990211733834536	2.79769385487742	0.00022576470521766892
120603.0150753769	0.9907173100890688	2.723246111182116	0.00022707684898341487
122110.55276381908	0.991196802824541	2.6508527997496163	0.0002457199553437236
123618.09045226131	0.9916515543760458	2.580451135399541	0.00027825043988449375
125125.62814070353	0.9920828384253945	2.5119809514295257	0.00031819294895298224
126633.16582914573	0.9924918634998425	2.4453844024468294	0.00035744296794963345
128140.70351758793	0.9928797762670388	2.3806057393135562	0.00038800823033690126
129648.24120603014	0.9932476646416292	2.3175918703333567	0.000403908954455388
131155.77889447234	0.9935965607241879	2.2562911979163816	0.000402311425395082
132663.31658291456	0.9939274435914435	2.1966537334420053	0.0003842104124887665
134170.85427135677	0.9942412419579734	2.138631782622698	0.00035434431540027126
135678.39195979902	0.9945388367220556	2.082178431734562	0.0003199109270805246
137185.92964824123	0.9948210634048461	2.027248461012874	0.0002891656523245353
138693.46733668345	0.9950887144864151	1.9737985107062852	0.00026962855446025635
140201.00502512566	0.9953425416382504	1.9217860919486325	0.00026627550389265835
141708.54271356785	0.9955832578494777	1.8711697566630108	0.00028045844949581316
143216.08040201006	0.9958115394422039	1.821910180399693	0.00030981382329099477
144723.61809045228	0.9960280279758363	1.7739690962240657	0.0003485789564253403
146231.15577889446	0.9962333320400655	1.7273088464143247	0.00038879709066201844
147738.69346733668	0.9964280289419974	1.6818942968708124	0.00042240700955926546
149246.2311557789	0.9966126662942834	1.6376909299037334	0.0004426979480111248
150753.7688442211	0.9967877635150133	1.5946647147532502	0.0004457795740020857
152261.30653266335	0.9969538132485259	1.55278406142897	0.00043179692273920896
153768.8442211055	0.9971112827177937	1.5120170316164379	0.00040442344749183303
155276.38190954772	0.9972606150158567	1.472333240113691	0.0003703989991000009
156783.91959798994	0.9974022303422607	1.4337032883866947	0.00033795056660697624
158291.45728643218	0.9975365271858182	1.3960976486456	0.0003148197554749404
159798.9949748744	0.9976638834558439	1.3594884342825666	0.00030682048581818507
161306.5326633166	0.9977846575586674	1.3238485166742096	0.0003164410682157539
162814.0703517588	0.997899189419793	1.2891511204062627	0.0003422094724148406
164321.608040201	0.998007801449356	1.255370254150126	0.0003790986389089717
165829.14572864323	0.998110799451648	1.2224819136784115	0.0004198126909766086
167336.68341708544	0.9982084734804088	1.1904612773634613	0.0004559648942355292
168844.22110552763	0.998301098643869	1.1592850564599408	0.0004802823102299282
170351.75879396984	0.9983889358631675	1.1289309235900102	0.00048814812289200266
171859.29648241206	0.9984722325901669	1.0993768535270967	0.00047850527344369575
173366.83417085427	0.998551223490025	1.0706011125108268	0.0004540989240376768
174874.37185929652	0.9986261310913636	1.0425835710026363	0.00042110042262573426
176381.90954773867	0.9986971664085423	1.0153037206766746	0.000387402261452601
177889.4472361809	0.9987645295377657	0.9887417339937529	0.00036112606162910446
179396.98492462313	0.998828410225629	0.9628779013117457	0.0003486486069189343
180904.52261306535	0.9988889884115231	0.9376942863700396	0.00035354872513152554
182412.06030150756	0.9989464347432987	0.9131723220739122	0.00037538471823894725
183919.59798994978	0.9990009110643419	0.8892941011164476	0.00041000531137954906
185427.13567839196	0.9990525708723949	0.8660424277328194	0.0004504744101157646
186934.67336683418	0.9991015597516538	0.8434007279184116	0.0004885814214332745
188442.2110552764	0.9991480157784256	0.8213531916993264	0.0005166759638708788
189949.74874371858	0.9991920699036264	0.799884191234639	0.0005292640521718243
191457.2864321608	0.9992338463145195	0.7789774816242	0.0005241007385402422
192964.824120603	0.9992734627770784	0.7586193010182692	0.0005031930041162509
194472.36180904522	0.9993110309632481	0.7387952463334001	0.0004718073626049343
195979.89949748747	0.9993466567631856	0.719490318247195	0.00043741922492512646
197487.43718592968	0.9993804405836271	0.7006918406447668	0.00040843391789903254
198994.97487437184	0.9994124776339977	0.6823859750562284	0.00039188417856432403
200502.51256281405	0.9994428581982429	0.6645588041202172	0.0003919333720561523
202010.0502512563	0.9994716678947175	0.6471992718080093	0.0004095469120132855
203517.5879396985	0.999498987920697	0.6302940896562651	0.0004413999621240503
205025.12562814073	0.9995248952837759	0.6138306154829238	0.00048105753254064034
206532.6633165829	0.9995494630191519	0.5977976984922688	0.0005205532676400318
208040.20100502513	0.9995727603944792	0.5821843902749655	0.0005519354952529821
209547.73869346734	0.9995948531021337	0.5669796703451901	0.0005689735102341325
211055.27638190956	0.9996158034405124	0.5521727306247335	0.0005685805824692162
212562.81407035174	0.9996356704864089	0.5377531076745613	0.0005515190696886261
214070.35175879396	0.9996545102588813	0.523710654457673	0.0005222303177448032
215577.88944723617	0.9996723758757764	0.5100354883516472	0.00048785007931503936
217085.4271356784	0.999689317703547	0.4967179724647195	0.00045663568926402524
218592.96482412063	0.9997053835000779	0.48374873262267987	0.00043615176025395643
220100.50251256285	0.9997206185515405	0.47111868199243306	0.00043160989321797485
221608.040201005	0.9997350658024282	0.45881898968438334	0.0004447184309343289
223115.57788944725	0.9997487659784756	0.4468409345263063	0.00047328533305240314
224623.11557788946	0.999761757703169	0.43517573943170856	0.00051167364623904
226130.65326633168	0.9997740776072036	0.42381473069913944	0.0005520607166687178
227638.1909547739	0.999785760431095	0.4127499881798886	0.0005862527464752844
229145.72864321608	0.9997968391222021	0.4019746557766404	0.0006075353220646436
230653.2663316583	0.9998073449259742	0.3914817429056902	0.0006119789349601589
232160.8040201005	0.9998173074719332	0.3812627871100935	0.0005991183250538811
233668.34170854272	0.999826754856232	0.37130963442356724	0.0005723345826052487
235175.8793969849	0.9998357137198667	0.361616933194062	0.0005384669263390452
236683.41708542712	0.9998442093232073	0.35217891919258515	0.0005057942879564137
238190.95477386934	0.9998522656183676	0.34298646115887543	0.00048180868442615905
239698.49246231158	0.9998599053172739	0.33403315092808994	0.00047252640084394074
241206.0301507538	0.9998671499568846	0.3253156096757381	0.00048112256482589613
242713.567839196	0.9998740199610299	0.3168250728959284	0.0005059568213304626
244221.10552763817	0.9998805346989864	0.30855467305786477	0.0005421598685322813
245728.6432160804	0.999886712540561	0.3005025076704892	0.0005830487862828002
247236.18090452263	0.9998925709075391	0.2926592603893964	0.0006196971002453446
248743.71859296484	0.9998981263225795	0.28501987481438057	0.0006448532807916884
250251.25628140706	0.9999033944547555	0.2775824545281558	0.0006541623238756427
251758.79396984924	0.9999083901629156	0.27033645366812753	0.0006454117924773474
253266.33165829146	0.9999131275374322	0.2632812935948272	0.0006219748332074279
254773.86934673367	0.9999176199385899	0.2564107155049466	0.0005894084936975653
256281.40703517586	0.9999218800341982	0.24971742222885873	0.0005552485475738689
257788.94472361807	0.9999259198358609	0.24320223801087845	0.0005285414043820076
259296.48241206023	0.9999297507331999	0.23685370881566678	0.0005147556502941584
260804.0201005025	0.9999333835268845	0.23067367049944248	0.0005186750007397979
262311.5577889447	0.999936828458661	0.2246535255163749	0.0005393644351083803
263819.09547738684	0.999940095241595	0.21879029118733934	0.0005732619830148304
265326.6331658291	0.9999431930872276	0.21308179850069567	0.0006138025763020779
266834.1708542713	0.9999461307317655	0.20751919622406112	0.0006520573650150513
268341.70854271355	0.9999489164605787	0.20210571442120953	0.0006813730244088803
269849.24623115576	0.9999515581309641	0.1968290312889019	0.0006946368174431854
271356.7839195979	0.9999540631939053	0.19169467116019595	0.000691101639908185
272864.3216080402	0.9999564387153175	0.18668996742084312	0.0006707303216885567
274371.85929648235	0.9999586913951789	0.18181986542713824	0.0006401248383795115
275879.3969849246	0.9999608275861174	0.17707362501378873	0.000605434616718972
277386.9346733668	0.9999628533112161	0.1724538954267079	0.0005760666785165725
278894.47236180905	0.9999647742825166	0.1679529589039225	0.0005583231529712814
280402.0100502512	0.999966595915877	0.1635705612129166	0.000557414767718645
281909.5477386934	0.9999683233469747	0.1593022149159004	0.000573853024437553
283417.0854271357	0.9999699614461792	0.15514486961887128	0.0006048582122896329
284924.62311557785	0.9999715148324121	0.15109697623184512	0.0006443537181761149
286432.16080402	0.9999729878866866	0.14715312957295415	0.0006840801450060663
287939.6984924623	0.9999743847631483	0.1433142116151428	0.0007164032242246159
289447.23618090444	0.9999757094022279	0.13957299486755806	0.0007343235719896949
290954.7738693467	0.9999769655405566	0.1359322289138795	0.0007352835926833013
292462.3115577889	0.9999781567207805	0.132383381523457	0.0007189576953664622
293969.8492462311	0.9999792863027435	0.12893051995647795	0.0006905173716165955
295477.38693467336	0.999980357472121	0.1255642966188046	0.0006559643679849399
296984.9246231155	0.9999813732495744	0.1222895748056457	0.0006245872671714042
298492.4623115578	0.999982336498926	0.1190966821281133	0.0006029736397957427
299999.99999999994	0.9999832499363206	0.11599076506648806	0.0005975802352265106
