0.0	0.021664338940041713	68.49815735636717	0.0
50.0	0.30242219085414535	74.70684521780397	161.71907448382774
100.0	0.31697967400064303	85.1724597238023	-66.24280907979397
150.0	0.49659685775568513	77.55322123581358	26.035619234822924
200.0	0.37377331162608096	63.44108168579173	166.38177906815025
250.0	0.41242173854988873	97.29976402397611	89.7436184994273
300.0	0.7136766976370205	75.87644206962862	-128.75722351531462
349.99999999999994	1.5779004001905095	35.751654572836564	-24.622756399777312
400.0	1.8637240491820615	13.881866394114928	-146.45329061977858
449.99999999999994	1.7296340135044743	28.39616571253647	-43.554278978204
500.0	1.514468523559783	44.163601108492074	-37.74804366814764
550.0	1.8325647462418098	28.03724012217416	147.5436920888163
600.0	1.7155937053498336	37.461646097928316	108.84815284478164
650.0	1.9206268870154073	16.52907040636696	54.61123508847805
699.9999999999999	1.771230089496007	39.09903666129699	-43.450188184043334
749.9999999999999	1.5039208790602352	33.7342057500197	-23.84137416226854
800.0	1.6259670020455965	39.64009505891601	166.27454689888336
850.0	1.8039214761541424	15.887868729387556	-17.886422047121954
899.9999999999999	1.6691706652111868	27.29970311576656	-96.08763841517744
949.9999999999999	1.8409127338192919	16.25569657413639	119.32435958245182
1000.0	1.8545481309665053	35.28385844054656	-33.78306186779649
1050.0	1.6958192769653493	31.608537437895457	61.69129824734226
1100.0	1.8610328759534855	23.837219801306937	153.36705686840094
1150.0	1.7539552561163136	25.863174472244804	88.9300286393594
1200.0	1.5383811234683726	45.59223252087667	27.234204436592506
1250.0	1.5491650097140703	55.29551472584977	31.894050837994193
1300.0	1.4605316824910484	43.58482443899645	130.66872068469752
1350.0	1.5838809929681346	49.407631448772584	124.78123768546779
1400.0000000000002	1.7753591907784645	26.996467023755063	82.98788753158762
1449.9999999999998	1.5290163516076378	51.50119091865982	40.311594998753094
1500.0000000000002	1.516379821547793	38.86537626718389	49.02528013293431
1549.9999999999998	1.2620465639710645	57.06299452380883	-115.66039888053463
1600.0	1.2991050124987034	58.79351204831279	-70.32724181711401
1650.0	1.542022391354489	46.177712055228085	167.63874343412084
1700.0	1.4516164198087336	46.04602487488187	20.870375872707314
1750.0	1.3916929283216481	38.95122475720143	-172.61342564657326
1800.0000000000002	1.270094498319499	60.23863713713657	-137.71202094465727
1849.9999999999998	1.2200997046173998	53.92947235510066	168.00962015684405
1900.0000000000002	0.9392313639932518	53.81308219947152	-9.980696656967478
1949.9999999999998	1.2164832404921544	63.32799060411425	57.843725656768434
2000.0	0.8483393066981747	67.59823414494035	118.74796933254775
2050.0	1.2240034271613738	62.24834550629726	9.141300294597206
2100.0000000000005	0.5076337111623355	68.83569426842384	-108.13678016469004
2150.0	0.47802590607740225	77.55233500457477	24.382479344311747
2200.0000000000005	0.5738279783439065	61.41578694109734	39.59305534951889
2250.0	1.7708718026385362	34.25659326832949	140.27938616827433
2300.0	1.143877230422987	47.117476050735746	114.07416058574661
2350.0000000000005	1.1476227124134588	56.55241848133094	120.22873841817142
2400.0	1.2227876445518613	49.1680642923699	26.464319343188585
2450.0000000000005	0.8051964640425165	56.81365533209919	164.01630697849956
2500.0	1.3925088795840317	48.47223278160453	-143.43419285149807
2550.0000000000005	0.6653946286995376	71.44472679361265	-120.86919425272181
2600.0	1.3394101609151283	51.14778634543669	5.458283556014254
2650.0000000000005	1.3086729957758911	50.06601864646951	-93.59096310212067
2700.0	0.8318187741018954	48.089795160490134	150.96385242465053
2750.0	1.140926097365316	46.34704563563854	177.77259810593083
2800.0000000000005	0.9610476666498102	48.313670499314625	140.9190550679057
2850.0	1.5952173865522878	40.67668832907732	114.80555433174105
2900.0000000000005	1.647708833920012	23.323672956931052	6.53858476859684
2950.0	1.5264709475073186	40.18691522993671	149.01397557123272
3000.0000000000005	1.7549748223834594	20.810067274526606	-165.90446735895344
3050.0	1.741400588438084	14.247256798833169	-165.07038131186079
3100.0000000000005	1.7362051971293888	26.46869901537446	87.012488615613
3150.0000000000005	1.7287718547255047	23.294916317804365	69.34395703664418
3200.0	1.4711355427689816	41.830279047384046	95.21286630208746
3250.0000000000005	0.7317077305598031	53.859298407615924	118.01025784790747
3300.0	0.4001142166414562	77.24746594034434	-65.63782048240436
3350.0000000000005	0.9607966319673625	54.24813456654633	113.52501645443382
3400.0	1.0452825553318856	40.04503328826958	-18.18056516084428
3450.0000000000005	0.9533111650187559	52.8048924478705	5.800971961629312
3500.0	0.8796109744997492	41.333857498659164	22.84582097507259
3550.0	0.9246693611156157	51.880823596453965	-108.78367719971146
3600.0000000000005	0.9107109608278944	54.99123445841286	-115.72618755632519
3650.0	0.8507600002662997	63.9689875066924	68.43088509860078
3700.0000000000005	0.9117491241834915	59.09626275856457	-3.397283760028685
3750.0	1.019618600521141	41.0983049638127	143.4815450485308
3800.0000000000005	1.1446256595560464	45.58725963714678	-72.95755993610412
3850.0	1.662353235056094	28.37269329463037	77.71051693806545
3900.0000000000005	0.4994746338587902	46.47246211297411	-129.81004804365548
3950.0	0.6549564582543256	46.534664422720944	-18.19996679771618
4000.0	0.7404444294811159	51.998321126702145	-120.0692297620349
4049.9999999999995	1.510332683920738	29.189377042212076	-49.33120624595403
4100.0	1.3495955363912946	38.02453772214703	-3.2602751787777193
4150.000000000001	1.4254240607230757	34.76466544447401	21.53269842043504
4200.000000000001	1.1984687938196237	53.5395934750516	173.18890630804913
4250.000000000001	0.33106683160827843	38.01771595557731	-89.53250863981448
4300.0	0.5586555692088053	66.06063800178323	-69.0275377458946
4350.0	1.3941973365361129	33.29292824467157	23.14102440231948
4400.000000000001	1.4364850050997284	30.854129431821192	84.9140987567792
4450.000000000001	0.833931166496514	43.36906188708507	-86.43611097892376
4500.0	0.6174728619722775	70.89998760448621	130.26358911507666
4550.0	0.8975969565122744	41.36372708951308	-84.77081550680981
4600.0	0.9573485978566664	43.31819984130007	-123.91610515725576
4650.000000000001	1.7169725494489239	27.474556276971775	116.297974836993
4700.000000000001	1.5533680100641014	15.350187792339987	3.2499095320031306
4750.0	1.4542605053792625	40.45523369352157	-150.54312742244858
4800.0	1.3574021266601202	32.70884991268463	17.970300402600746
4850.000000000001	0.5886609405503778	44.78269166113882	-28.607893942734606
4900.000000000001	1.2198548202669124	39.73456227191738	141.26034947878978
4950.0	1.4298899407297712	40.30330088756689	55.723430323251364
5000.0	0.7832781241979813	54.14483184269363	-144.45824934951963
5050.0	0.42460754361466796	69.066551137113	22.304147349684325
5100.000000000001	1.5055700952230082	28.964312726476525	-45.88338445209777
5150.000000000001	1.4663169003136276	16.23123602575361	-121.21684350743966
5200.0	1.3174782738435913	28.893559564712245	136.21732998368293
5250.0	1.5045088613754891	36.9469866559874	21.789317619585084
5300.000000000001	1.0579133715473032	29.53827332932408	158.7126581187944
5350.000000000001	1.015955517923529	45.081551379934524	-99.59616160999633
5400.0	0.7762298757814666	51.8651387219909	42.491398382932985
5450.0	1.3082913815562245	34.88152858799044	66.78141425031944
5500.0	1.3554713714994941	40.75551060801406	-144.1972023322013
5550.000000000001	0.9494602828306693	54.66924769616963	-45.422413467349294
5600.000000000001	0.4723641217706136	52.21494379404493	-27.041039505249994
5650.0	1.500998592323557	38.489417963994406	-78.80841150566667
5700.0	1.2144531622156314	36.56136153883019	-179.45675704893668
5750.000000000001	1.1459705862898073	28.267964715880737	31.955975361991133
5800.000000000001	1.4330357762304953	30.983204422755662	36.70503491344827
5850.000000000001	1.692466971305459	18.273130908484795	-76.70435397250658
5900.0	1.5304893728880653	25.071761288527526	20.047243776971445
5950.0	0.8625041741169789	26.953749378727892	39.50609327890266
6000.000000000001	1.6262257506217217	25.863062766595608	-0.7770599376421116
6050.000000000001	0.8147060317851281	32.70088435380187	-8.357776446036402
6100.0	1.2586009001721248	29.484170563935567	162.76395119331622
6150.0	0.870601307153352	37.33218496557406	-69.97575546330192
6200.000000000001	1.5500256449997447	28.995474135604063	-7.124113366206418
6250.000000000001	1.3618528892884116	36.89615142218198	-165.02016236979443
6300.000000000001	1.2360260314587823	31.354876516716892	-130.64027392574488
6350.0	1.5159170477091426	17.587853314661423	-13.741287108955328
6400.0	0.3439418477831708	19.80061479879563	48.45246819303797
6450.000000000001	0.7835080891384716	38.89187267221665	30.397536711109474
6500.000000000001	1.3295540332611673	30.103862026880293	-147.48644415808604
6550.0	1.333534160455225	15.369376822461053	72.11045078288723
6600.0	1.2161483910292086	31.670450368639575	117.45933705776925
6650.000000000001	1.2834364751428184	29.813190263962074	-152.90026633249826
6700.000000000001	0.5585180538801804	36.081631451215806	162.6485665494598
6750.000000000001	1.5315297015405034	25.69302084879531	-68.41731391881618
6800.0	1.2060481564248267	33.962647764409446	160.0143887739937
6850.0	0.4307164769897159	43.06898261000651	-57.60070158589604
6900.000000000001	0.8661361968852771	34.03771214000947	-0.09178211196453565
6950.000000000001	1.124042973251594	40.58343115803184	-177.16288482732767
7000.0	0.8608470821115937	26.147771810720652	-7.596009825446583
7050.0	0.6010230897591962	44.22801593455812	-175.24664838877638
7100.0	1.131870688262088	18.986054043477296	-168.65167915608345
7150.000000000001	1.7517410553719428	14.655947303488912	110.12335301121132
7200.000000000001	1.4256099522134327	29.811292977140408	-144.49941866566033
7250.0	1.5838008618124864	21.76225471783278	78.42578996731645
7300.0	0.9576791935665174	21.81186336125684	-117.39052988459679
7350.000000000001	1.3102430325859113	27.429888205928535	160.19989941224156
7400.000000000001	1.4308932597238606	21.83622057704	123.96056381110176
7450.0	0.7461917798359596	32.378785861771654	-67.45864440755058
7500.0	1.4195285318297748	30.358631699206114	177.34125072669534
7550.0	1.1499644289961983	34.92735658391055	111.09817366449725
7600.000000000001	1.3482423714097511	25.070733357386132	-95.2342270766052
7650.000000000001	0.7995059399612511	50.72639632175242	-171.11164262725092
7700.0	1.0437762374747794	34.147574299725356	-73.24289401519809
7750.0	0.7588289437265909	22.238953076766947	56.74987235866501
7800.000000000001	1.271991066058793	29.95123952633392	-41.01269384439415
7850.000000000001	1.4578897238532829	25.558790256657794	-178.64866530414307
7900.0	1.110874016598106	11.883750943419281	-98.52650994625843
7950.0	0.8804149502272695	44.66931209690787	55.93594482227447
8000.0	0.4457444656302588	42.19683909329456	44.02310473303901
8050.000000000001	1.3216704983501417	32.230527648120955	134.7407915487529
8099.999999999999	1.5768446534740574	14.696033214243146	163.09185274449976
8150.0	1.5827303979433165	13.36240149176576	145.35232823235455
8200.0	1.2467156685108238	29.937336001700643	-151.98154875270316
8250.0	1.2730508089627814	20.171670159082286	108.25974486679726
8299.999999999998	1.3756942925601898	18.684447846116118	-140.81835580651318
8350.000000000002	0.4029256733491639	14.869470070197451	-108.14941297996752
8399.999999999998	1.3288151155581183	21.656919009633114	-27.698435056814258
8450.000000000002	0.49759850229772684	22.233031519499054	-52.338300693720775
8499.999999999998	1.0753433080675368	15.22384265392701	-147.83687729387594
8550.0	1.3236947402934893	29.53702761473375	-44.89679431710635
8600.0	1.2399867414228347	21.775814434594608	122.59899147798932
8650.0	0.8816259029895427	8.425659273639404	92.44455184728984
8700.0	1.4220300123789418	25.010842866926875	-37.328124897386054
8750.0	1.1221493937106464	8.501175975230797	-67.52533490172317
8799.999999999998	1.3501415770397955	28.417992093293943	-106.48098841222948
8850.000000000002	0.9455771290976366	30.897048395031582	28.530760787559142
8899.999999999998	0.5645455389934225	46.01233151724844	-15.830291785117927
8950.000000000002	1.4397723575356647	24.2919578151621	-112.27141488301805
9000.0	1.2541244693603484	5.312212482663073	170.09132924483572
9050.0	1.031886610970143	22.557674780894345	170.47996677583433
9100.0	1.1991559675998076	8.82783204169897	47.63434584904838
9150.0	1.3218460157127696	22.300811013438516	66.41877668968226
9200.0	1.1007194659555342	26.26817074434755	-69.44187582585938
9249.999999999998	1.5081151145135732	17.573215881732732	-179.01031711314346
9300.000000000002	1.2381742475810424	23.683239814927294	80.01468849184687
9349.999999999998	1.2307447026623362	30.31648100393098	-124.81343247856371
9400.000000000002	1.1381859882956484	26.696211894388465	-90.92178483896322
9450.0	1.1054620209814867	30.80957161631596	-110.65422704012451
9500.0	0.9982100631236702	19.77505984289171	158.11660794288352
9550.0	1.4402870246401112	19.72353449314405	35.436821784390894
9600.0	1.4822104235079003	12.926779902155905	71.19636539244523
9650.0	1.4661744537163515	16.212789309532788	131.20857345102218
9699.999999999998	1.5592843641368457	4.485098482776297	90.98064112496382
9750.000000000002	1.361478926326407	20.055669094758887	67.84663402619768
9799.999999999998	1.2856859061823138	14.086821438139324	139.4924519528264
9850.000000000002	1.4136105439675701	7.45788227312787	103.56305177335703
9900.0	1.5121324133271634	4.01172938951282	-54.59114182690763
9950.0	1.075466564917932	20.352873647757896	-88.59938565660494
10000.0	1.235120918870079	24.02506235004462	-85.27730834030913
