0.0	1.9519151542302557	115.80554521192875	0.0
1507.537688442211	1.8709832951737917	113.83345462714207	4.789542538645072e-05
3015.075376884422	1.795300679124278	111.80898327003375	0.00010540831119602001
4522.613065326632	1.7246438569637967	109.73449866239758	0.00016840061281280996
6030.150753768844	1.6587940372814651	107.61289211739317	0.0002303221584115677
7537.688442211054	1.5975367014964288	105.44759013607691	0.00028381020094621866
9045.226130653265	1.540661210547129	103.24255241038588	0.0003225401876621395
10552.763819095477	1.4879604331128569	101.00225523129335	0.00034277714405126354
12060.301507537688	1.4392304272810352	98.73165853617	0.00034434576870354897
13567.8391959799	1.3942702064955987	96.43615618723288	0.00033071715119941666
15075.376884422109	1.3528816160895323	94.12150971487817	0.0003084187585090637
16582.91457286432	1.3148693388552244	91.79376744575218	0.00028562901390265694
18090.452261306535	1.28004103737229	89.45917148088887	0.00027046609650067715
19597.989949748742	1.2482076283558796	87.12405635060439	0.00026920139249093515
21105.527638190953	1.2191836719128808	84.79474381337427	0.00028488512938877234
22613.06532663317	1.1927878484716847	82.47743828008755	0.00031670541746428555
24120.603015075376	1.168843490024328	80.1781274368503	0.00036016963419362137
25628.14070351759	1.1471791309002546	77.90249193919483	0.00040813355360767655
27135.6783919598	1.1276290460935439	75.65582750534418	0.0004524112381152183
28643.21608040201	1.110033750829116	73.44298114593934	0.0004855569945986006
30150.753768844224	1.09424044196849	71.26830355450173	0.0005025330214734013
31658.291457286432	1.0801033686829766	69.13561704872615	0.0005017902247849602
33165.82914572864	1.0674841256537906	67.04819957093115	0.00048563240174331017
34673.36683417086	1.056251866422254	65.00878279315891	0.00045970699900409114
36180.904522613055	1.0462834374093166	63.01956387432699	0.00043179462014740244
37688.44221105528	1.037463434535593	61.08222762570973	0.00041008708682912116
39195.979899497484	1.0296841849636635	59.19797810664759	0.0004013837968816223
40703.5175879397	1.0228456567985866	57.3675769081232	0.00040958809226212216
42211.05527638191	1.0168553001738359	55.591385770674805	0.0004348384065938164
43718.59296482413	1.0116278244585282	53.86941168823876	0.00047348318641771543
45226.13065326632	1.0070849183112454	52.20135212603557	0.0005188878230731524
46733.668341708544	1.0031549216077174	50.5866395890143	0.0005629112672779666
48241.20603015075	0.9997724603325087	49.02448280885806	0.0005976878723772752
49748.74371859296	0.9968780568273244	47.51390597468813	0.0006173681081707373
51256.28140703518	0.9944177280235057	46.05378303371748	0.0006193896311733878
52763.819095477375	0.9923425833890427	44.64286916678842	0.0006050470873163659
54271.3567839196	0.9906084324547517	43.27982795642318	0.0005792044032029397
55778.8944723618	0.9891754092549603	41.96325647471408	0.0005492447097500394
57286.43216080402	0.988007618197455	40.69170551873112	0.0005234310966602001
58793.96984924623	0.987072803170602	39.463698870393266	0.0005090976311970797
60301.50753768845	0.9863420394683016	38.27774946754472	0.0005110276769900406
61809.04522613064	0.9857894466348459	37.132373164233655	0.0005303975855595504
63316.582914572864	0.98539191971934	36.026100248406514	0.0005645131862261453
64824.120603015086	0.9851288766114846	34.95748559600303	0.000607417509183827
66331.65829145728	0.9849820198801866	33.925115091341716	0.0006511913329603267
67839.19597989951	0.9849351125340028	32.92761205458217	0.0006877111297704258
69346.73366834172	0.9849737680512516	31.96364068194252	0.0007104313245927175
70854.27135678392	0.9850852556448989	31.031908205271534	0.0007158215511439845
72361.80904522614	0.9852583219145674	30.13116607001775	0.0007041428747921865
73869.34673366834	0.9854830297777859	29.260210404227525	0.0006793930064409592
75376.88442211055	0.9857506149660011	28.417881625172953	0.0006484273766969687
76884.42211055275	0.9860533595609683	27.603064545504196	0.0006194550244752292
78391.95979899497	0.9863844812217383	26.814688187826516	0.0006002358332373865
79899.4974874372	0.986738036081793	26.051724432740194	0.0005963563388607107
81407.0351758794	0.9871088329159238	25.31318920833759	0.0006100180937782695
82914.57286432161	0.9874923561500049	24.598140229066676	0.000639529887238753
84422.11055276381	0.9878846955994774	23.905678396642386	0.0006797067045957252
85929.64824120603	0.9882824813824636	23.23494517014063	0.0007229950293626465
87437.18592964826	0.9886828231272811	22.5851211880627	0.0007611366300497691
88944.72361809044	0.9890832532334178	21.955426003933972	0.0007870035137402463
90452.26130653267	0.9894816744270541	21.34511439800663	0.0007961449801148813
91959.79899497489	0.9898763121089371	20.753475698129616	0.0007877860888538302
93467.33668341709	0.9902656719995049	20.179830327738788	0.0007649825900905898
94974.87437185929	0.9906485033846377	19.62352832571029	0.000733955991500466
96482.4120603015	0.9910237679240541	19.08394746053707	0.0007027259793318767
97989.94974874373	0.9913906135974139	18.56049287929329	0.0006793542462516398
99497.48743718592	0.9917483530267355	18.0525936258573	0.0006701464352762194
101005.02512562815	0.9920964451932306	17.559704429347867	0.0006782889527774535
102512.56281407036	0.9924344795151417	17.081303160195795	0.0007031309046388553
104020.10050251256	0.9927621613640675	16.616890414098986	0.0007403273495506144
105527.63819095478	0.9930792983408054	16.165990375983785	0.0007828177860548853
107035.17587939698	0.9933857869488655	15.72814688526168	0.0008223485464356622
108542.7135678392	0.9936815996177166	15.30292522516337	0.0008513196581381804
110050.25125628142	0.9939667722850042	14.889908839249108	0.0008644396848950493
111557.7889447236	0.9942413928956725	14.488699252692564	0.000859899029258907
113065.32663316581	0.9945055912043144	14.09891338999838	0.0008397593387998217
114572.86432160804	0.9947595301827762	13.720183985117817	0.0008095137415431917
116080.40201005025	0.9950033991712691	13.352157059353559	0.0007768630732157224
117587.93969849245	0.9952374087129326	12.994492652411283	0.0007500408894252296
119095.47738693467	0.9954617868253667	12.646862318838423	0.0007359756988133087
120603.0150753769	0.9956767763274138	12.308950556560474	0.0007387891298055641
122110.55276381908	0.9958826327850973	11.980453045911926	0.000758866772178403
123618.09045226131	0.9960796226665029	11.661078457542288	0.0007927994910921374
125125.62814070353	0.9962680213948534	11.350545870532217	0.0008341056860775822
126633.16582914573	0.9964481111320015	11.048586426466303	0.0008746860784374555
128140.70351758793	0.9966201782790215	10.754941599032305	0.000906589337953312
129648.24120603014	0.9967845108108593	10.469361311306407	0.0009237510022010769
131155.77889447234	0.9969413956505636	10.191607670077119	0.0009233764360521879
132663.31658291456	0.9970911163105218	9.921448477798368	0.0009064932752009221
134170.85427135677	0.9972339510020934	9.658660620089343	0.0008777698232202391
135678.39195979902	0.997370171334541	9.40302944668534	0.0008444863934605355
137185.92964824123	0.9975000416279045	9.154343476067334	0.0008148842726261357
138693.46733668345	0.9976238187644713	8.912401856978718	0.0007964290825799361
140201.00502512566	0.9977417524269697	8.67700799432943	0.0007941049315346624
141708.54271356785	0.9978540855304474	8.4479723600122	0.0008093445142943051
143216.08040201006	0.9979610546538208	8.225111356084765	0.0008397026073396017
144723.61809045228	0.998062890319064	8.008246912960251	0.0008793944583744966
146231.15577889446	0.9981598170269371	7.797210017785929	0.0009205981324977415
147738.69346733668	0.9982520530366097	7.591835605666329	0.0009551378032513363
149246.2311557789	0.9983398099417116	7.391964008170387	0.0009762930861303388
150753.7688442211	0.9984232921467427	7.197441646688874	0.0009802932481145145
152261.30653266335	0.9985026963645781	7.008119669159688	0.0009671372078521178
153768.8442211055	0.9985782112497646	6.823855036000466	0.0009406086674876246
155276.38190954772	0.9986500172466708	6.644506540279747	0.0009074054819803107
156783.91959798994	0.9987182866857947	6.469937442443328	0.000875702659163845
158291.45728643218	0.9987831841078576	6.3000157098202205	0.0008533412337149205
159798.9949748744	0.9988448667561912	6.134613547869953	0.0008461151695702247
161306.5326633166	0.9989034851480014	5.973604103877719	0.0008564498426784796
162814.0703517588	0.9989591836331176	5.81686641247725	0.000882921649851621
164321.608040201	0.9990121008600007	5.664283375098026	0.0009205514450569481
165829.14572864323	0.9990623700991954	5.515741289606178	0.0009618955024747952
167336.68341708544	0.9991101194105712	5.37112977266931	0.0009986845166312056
168844.22110552763	0.9991554716753462	5.230341938466407	0.0010236475792885246
170351.75879396984	0.999198544540621	5.09327599295691	0.0010321304727213688
171859.29648241206	0.9992394503384634	4.959832668145064	0.0010230956809164193
173366.83417085427	0.999278296040693	4.829911047791885	0.0009993180458941259
174874.37185929652	0.9993151832948904	4.703420892637696	0.0009668963889440294
176381.90954773867	0.9993502085673239	4.58026595940954	0.0009337375751731798
177889.4472361809	0.9993834633916002	4.460360361609947	0.0009079986769006533
179396.98492462313	0.999415034697078	4.343611626407776	0.0008961016432031404
180904.52261306535	0.9994450051790847	4.22993918034457	0.0009015181373483356
182412.06030150756	0.999473453665824	4.119258078265278	0.0009238412393064636
183919.59798994978	0.9995004554398841	4.011486026408176	0.0009589344603711916
185427.13567839196	0.9995260824861043	3.9065470049760638	0.0009998871827473636
186934.67336683418	0.9995504036557237	3.8043662147425596	0.0010384861534304042
188442.2110552764	0.9995734847525588	3.7048697500102854	0.00106701896066268
189949.74874371858	0.9995953885633525	3.6079860437147726	0.0010799876104406864
191457.2864321608	0.9996161748622666	3.5136460476618185	0.001075322571096062
192964.824120603	0.9996359004201734	3.4217827696613643	0.0010548354418646133
194472.36180904522	0.99965461904601	3.3323309025684145	0.0010238180481462855
195979.89949748747	0.9996723816752054	3.245226643187255	0.0009898769963693568
197487.43718592968	0.9996892365075477	3.1604076225794584	0.0009612592258379067
198994.97487437184	0.9997052291875721	3.0778129227216815	0.0009450367771714849
200502.51256281405	0.9997204030074398	2.9973832121860715	0.0009455509059809951
202010.0502512563	0.9997347991128155	2.9190609971658947	0.0009634583439287307
203517.5879396985	0.999748456687996	2.8427907829388617	0.0009955881741968166
205025.12562814073	0.9997614131065902	2.768518719250242	0.0010356369790149296
206532.6633165829	0.9997737040388188	2.6961916674223962	0.0010755484256289658
208040.20100502513	0.9997853635178956	2.625756903764979	0.001107284510219919
209547.73869346734	0.9997964239729116	2.557163979219338	0.001124612357615538
211055.27638190956	0.9998069162437538	2.490366749523376	0.001124494410679705
212562.81407035174	0.9998168695934818	2.425320520723588	0.0011077305106908337
214070.35175879396	0.9998263117325809	2.3619769736260507	0.0010787389724661717
215577.88944723617	0.9998352688639154	2.30028830090473	0.0010446281075553658
217085.4271356784	0.9998437657522979	2.2402149397008797	0.0010136989320968192
218592.96482412063	0.999851825814835	2.181716809133571	0.0009935277777325998
220100.50251256285	0.9998594712256486	2.12474588845857	0.0009892401532965538
221608.040201005	0.9998667230236574	2.0692631357193854	0.001002547502825386
223115.57788944725	0.9998736012124387	2.0152355570149725	0.00103132154988753
224623.11557788946	0.9998801248444474	1.962617003089339	0.0010698909086421888
226130.65326633168	0.9998863120838504	1.911371598202435	0.0011105291154490176
227638.1909547739	0.9998921802475299	1.8614706530981797	0.0011450943705299617
229145.72864321608	0.9998977458285331	1.8128684958537264	0.0011666102238666013
230653.2663316583	0.9999030245078592	1.7655378179289294	0.001171153693320758
232160.8040201005	0.9999080311621013	1.7194475536471305	0.0011584671724931353
233668.34170854272	0.9999127798761333	1.6745554758408348	0.001131989137570338
235175.8793969849	0.9999172839639007	1.6308436996631517	0.0010984166092882577
236683.41708542712	0.9999215560010989	1.5882700671004286	0.0010657506658556719
238190.95477386934	0.999925607869742	1.546809523960518	0.0010419794183261655
239698.49246231158	0.9999294508097366	1.5064360622122526	0.0010330823341133393
241206.0301507538	0.9999330954736233	1.4671103085882948	0.001041654283406245
242713.567839196	0.9999365519788204	1.4288202168060296	0.0010666871208915123
244221.10552763817	0.9999398299529365	1.391521289518327	0.0011032224972411949
245728.6432160804	0.9999429385686822	1.355203301997437	0.0011441138554959414
247236.18090452263	0.9999458865676654	1.3198287040605745	0.0011809483879085003
248743.71859296484	0.9999486822749826	1.2853794058562573	0.0012064293899794807
250251.25628140706	0.9999513336065117	1.2518309489865647	0.001215644121027533
251758.79396984924	0.9999538480737183	1.2191543586406117	0.001207254003868423
253266.33165829146	0.9999562327898538	1.1873380275148444	0.001183919010790639
254773.86934673367	0.9999584944786725	1.1563439559217652	0.0011513575752077716
256281.40703517586	0.9999606394897463	1.1261698872575143	0.0011176396462092477
257788.94472361807	0.9999626738196109	1.0967725019661287	0.001090695827624238
259296.48241206023	0.9999646031370066	1.0681549812069568	0.0010774117028687696
260804.0201005025	0.9999664328104684	1.0402721873943568	0.0010811818588454536
262311.5577889447	0.9999681679341469	1.0131298161711224	0.001102154919483106
263819.09547738684	0.9999698133523763	0.9866833379081134	0.0011361677565122563
265326.6331658291	0.999971373678179	0.9609392892956133	0.0011767120712909748
266834.1708542713	0.9999728533069504	0.9358549534794236	0.001215314633435697
268341.70854271355	0.9999742564249161	0.9114370262871078	0.0012444520820539889
269849.24623115576	0.999975587013606	0.8876447836955896	0.0012581658424132012
271356.7839195979	0.9999768488524469	0.8644850638447668	0.0012544075622691686
272864.3216080402	0.9999780455219592	0.8419186149812927	0.0012344624162424498
274371.85929648235	0.9999791804076048	0.8199528511682043	0.0012036928536178458
275879.3969849246	0.9999802567063473	0.7985491000265915	0.0011693259172790356
277386.9346733668	0.9999812774361819	0.7777161186140176	0.0011399070486834664
278894.47236180905	0.9999822454496222	0.7574147976551808	0.001122351907522087
280402.0100502512	0.9999831634456121	0.7376562323537089	0.0011215209908574776
281909.5477386934	0.9999840339834957	0.7183998718284873	0.0011380122908083335
283417.0854271357	0.9999848594954936	0.6996602214331087	0.0011692159050471695
284924.62311557785	0.9999856422967748	0.6813943475564775	0.0012086447019996692
286432.16080402	0.9999863845933565	0.6636211253043189	0.0012486724499787447
287939.6984924623	0.9999870884857495	0.64629440687968	0.0012808305291572145
289447.23618090444	0.9999877559732977	0.6294381040798497	0.001299132990481989
290954.7738693467	0.9999883889546093	0.613002243273192	0.001299852440506469
292462.3115577889	0.9999889892283409	0.5970160106261339	0.0012839658995517722
293969.8492462311	0.9999895584963776	0.581425404232913	0.0012552327371659834
295477.38693467336	0.999990098366106	0.5662645932127877	0.0012211516714312673
296984.9246231155	0.9999906103549838	0.5514759754086399	0.0011894547350907762
298492.4623115578	0.9999910958959503	0.5370977861148667	0.001168319009754304
299999.99999999994	0.9999915563448594	0.5230700589257967	0.001162607801784124
