0.0	0.99710417853123	18.203610360506	0.0
5000.0	1.0017093296520767	11.826149623511789	-7.41617135057537
10000.0	1.002827436204577	7.464818217943851	153.20287222665578
15000.0	1.0014885611218667	4.889712200225669	-121.05334472339572
20000.0	1.0012267920205675	3.0230390079921206	-31.3594556223943
24999.999999999996	0.9987577138841857	1.2253533147784645	-62.5145024830095
30000.0	0.9956872317518998	1.224276404331952	4.598316113036623
35000.0	1.007752914963015	1.6691954458945426	-24.157092490078124
40000.0	0.9856262534021264	0.9578026260517152	60.58197692815333
45000.00000000001	0.9896650702340442	1.651475818898916	32.7319395322316
49999.99999999999	0.9779824843216652	1.3958189543062272	-124.24028872051178
55000.0	1.0382284625746452	4.327767702570377	179.77148930727947
60000.0	1.013989909452927	3.332252749724359	-16.823740588832074
64999.99999999999	0.955892978530692	1.6258394044941127	-91.27871125478086
70000.0	0.9537346246116185	1.9088568666487196	107.16492320483455
75000.00000000001	0.9311026596659071	2.349502820407711	-126.6298809229232
80000.0	1.059831540427687	4.552022348847934	-169.49734359395183
85000.00000000001	1.1010648313714917	5.834256016781176	-178.88453920038714
90000.00000000001	1.1026660160786115	5.835415387296045	179.2914236402907
95000.0	1.1020714448059925	5.861371931079131	-179.3853758305624
100000.00000000001	1.092576620800691	5.606900054166639	-176.73327297082153
105000.0	1.0604358528320637	4.7134185736737475	-170.04981765728863
110000.0	1.0010378968071796	3.6338724043431156	-156.8966593398104
115000.00000000001	0.9389465866877221	3.142183095833536	-143.68185893588
120000.0	0.9224285177024327	2.666800130725005	-133.10001150213003
125000.00000000001	0.9730795591959877	1.8430900507736674	-110.49285100770948
129999.99999999999	1.0422325482357506	2.019723278301247	-40.38245411753187
135000.0	1.0563681208939062	4.4918555445400665	-12.64041507724942
140000.0	1.0238118368848832	6.616610053424614	-5.406185192721412
145000.00000000003	1.0050536310323648	7.281298005215624	0.4766823467985271
150000.00000000003	1.0295988125249123	6.381135980711807	6.229186550914074
155000.0	1.0593252425608812	4.038983755952629	14.669377851716364
160000.0	1.0301611290204846	1.712443421961436	54.36827891038969
165000.0	0.9550312171089241	2.098050881412576	120.00442709771087
170000.00000000003	0.9194396672943608	2.8546478134969884	136.60606344958498
175000.00000000003	0.966993228462227	3.329918344909158	149.4235960573687
180000.00000000003	1.0474408412873164	4.396693813191568	167.29403638599237
185000.0	1.0971417300602277	5.731500037031127	177.67826694236567
190000.0	1.09092268834984	5.529918621089136	-176.23233061376632
195000.00000000003	1.0311947372084564	4.102708764131157	-163.85124935432887
200000.00000000003	0.9515913632061248	3.2128660627875445	-146.1368254286073
205000.00000000003	0.920097682222301	2.727605028471363	-134.27134983063056
210000.0	0.9712500274668205	1.873242576153373	-112.1080110210866
215000.0	1.042681299008378	2.0626164669259537	-39.224473609884726
220000.0	1.0556693052812156	4.6431905048251245	-11.991361498003961
225000.00000000003	1.0210600253196334	6.724575986503575	-4.964663780164082
230000.00000000003	1.0055407707412012	7.265957804428621	0.9579607490142461
235000.0	1.0335310785817582	6.2059470626225295	6.792179679320712
240000.0	1.0595297773074184	3.745838680128386	16.3728547655666
245000.0	1.0231253717511686	1.6088527710324863	63.45103449173692
250000.00000000003	0.947480146807793	2.206616676290675	123.01791808417985
255000.00000000003	0.920993022629866	2.908490927754253	137.76856388179047
259999.99999999997	0.9759982225734368	3.408440823928826	151.42331376321422
265000.0	1.0555300658107962	4.5679295119433005	168.98318953135302
270000.0	1.099422376330781	5.80986435414723	178.3829682996812
275000.0	1.086438644242932	5.392017334873191	-175.3003413174869
280000.0	1.0219009229804839	3.9512319815661106	-161.79198708613828
284999.99999999994	0.9440561125343522	3.155786220344337	-144.4765413768691
290000.00000000006	0.9221771125955552	2.654649654096883	-132.88862783907348
294999.99999999994	0.9803947725040112	1.7619433437184182	-106.41092744784206
300000.00000000006	1.0480156260586257	2.3046694849258476	-33.0496504158886
304999.99999999994	1.052873557380281	4.9477422305015075	-10.852658004322722
310000.0	1.0171642057327297	6.870015951031457	-4.30920952079457
315000.0	1.0068591013346528	7.2260752347431305	1.6522455757888206
320000.0	1.0380646345004032	5.9778206355998	7.498713798188947
325000.0	1.0590960059418173	3.4230207146240197	18.605680170322977
330000.0	1.0148121963595158	1.5549428157380714	73.72433762669787
334999.99999999994	0.9403002544500922	2.3161659657925884	125.69814879715216
340000.00000000006	0.9237318871709375	2.9623732235086346	139.0189869158426
344999.99999999994	0.9854541769397288	3.4961987298158075	153.5186615929728
350000.00000000006	1.063210772752079	4.746352345401202	170.5534655763179
354999.99999999994	1.1009265437214482	5.863681326634243	179.05450262124953
360000.00000000006	1.0812273716807406	5.236436803631058	-174.25185228089674
365000.0	1.012340641915112	3.8131598535601583	-159.65863793154176
370000.0	0.9373386111032869	3.1020893472474627	-142.93217241162597
375000.0	0.9254601676899411	2.5740525231626203	-131.35101375773684
380000.0	0.989689918724253	1.6644821842403976	-99.48232067539905
385000.0	1.0523486574868188	2.576318503375058	-28.057060581730603
389999.99999999994	1.049472924307797	5.240322281687066	-9.861826355849153
395000.00000000006	1.0136854428640336	6.993612285646621	-3.6465003383461356
399999.99999999994	1.0088193672503745	7.164583600465024	2.3390182533955275
405000.00000000006	1.042483830238226	5.730057062958103	8.247483565538714
409999.99999999994	1.0576398179826874	3.105531223934427	21.348021670051963
415000.0	1.0060147088524833	1.5561086130271722	83.81018771589798
420000.0	0.934000017420692	2.4184784918485653	127.95594797301779
425000.0	0.9276455185808542	3.013845968669307	140.31146270627974
430000.0	0.9951071510396916	3.5962088287918035	155.67592214548606
435000.0	1.0702979143653355	4.92446476734614	171.97599470230924
440000.0	1.101633541737183	5.889714430317839	179.70067435710277
444999.99999999994	1.075307597266907	5.069212637552166	-173.07800667109137
450000.00000000006	1.0026516826020324	3.6884841014924197	-157.48435695680567
454999.99999999994	0.931543559179541	3.050330191607487	-141.49580384373832
460000.00000000006	0.9299067133569738	2.485849703104734	-129.61725522850955
464999.99999999994	0.9989455445868539	1.5915356741190965	-91.22293445931578
470000.0	1.0556517853930831	2.8697888202403363	-24.039299434310358
475000.0	1.0455937566726656	5.51829353397584	-8.981295778366585
480000.0	1.010701137473555	7.0952108782579515	-2.9744146819030943
485000.0	1.011385982327807	7.081204736366809	3.0185460698825435
490000.0	1.0466528029369961	5.463989997195024	9.061413587009806
494999.99999999994	1.055139140819431	2.7985924224292567	24.74199125387517
500000.00000000006	0.9968861470372334	1.6034727032788874	93.0278318846406
504999.99999999994	0.9286996924093229	2.512904291355252	129.89017424926092
510000.00000000006	0.9326603856371404	3.0644035470005884	141.6774880042313
514999.99999999994	1.0048325994940732	3.709424431322393	157.8612587577073
519999.99999999994	1.0767441527543282	5.09830965737128	173.25816857674087
525000.0	1.1015390651839614	5.887313347181892	-179.65252363402007
530000.0	1.0687091008999836	4.894169390943545	-171.75482682515351
535000.0	0.9929331369344565	3.5772095379717577	-155.28913591011073
540000.0	0.9267707047339592	2.9988180557497093	-140.1280290401597
545000.0	0.9354425866650626	2.389638489480812	-127.59366690620419
550000.0	1.0080134131855243	1.555339845353355	-81.71790768852361
555000.0	1.0579120752823348	3.17906770261616	-20.765042106131634
560000.0	1.0413530274552998	5.780186227298326	-8.145779539256521
565000.0000000001	1.0082736457934585	7.175181063149697	-2.252004734069757
570000.0000000001	1.0145119820956094	6.975319567788934	3.734324552244308
575000.0000000001	1.05045334470339	5.180477508756028	10.013930720446707
580000.0000000001	1.0515759675435086	2.5071954054911307	29.027220725699053
585000.0000000001	0.9875512281691848	1.6851712063699809	101.078123251292
590000.0000000001	0.9244856453853414	2.5997064065496813	131.64333426666045
595000.0000000001	0.9387128456789291	3.115819448249023	143.20864535448717
600000.0000000001	1.0145608420846128	3.8369203170506947	160.1128809823907
605000.0000000001	1.08253432834152	5.2646013047731675	174.47905724597828
610000.0000000001	1.1006369036327273	5.856303884547371	-178.9272524263846
615000.0	1.0614458495720223	4.714715553681471	-170.22012602889646
620000.0	0.9832746664699492	3.4785605022883983	-153.0638885793545
625000.0	0.9231070969953304	2.9459201019051764	-138.7698003657262
630000.0	0.9419793985944842	2.2853993845072536	-125.16705995631801
635000.0	1.0167416593833982	1.5678297206646556	-71.3916023305453
640000.0	1.059131449826871	3.4986409532858005	-18.062488447044558
645000.0	1.036879515211459	6.024137419944331	-7.331909822504126
650000.0	1.0064635606086718	7.2335172559139655	-1.4877481524729965
655000.0	1.0181261615577413	6.846685415363237	4.471601072496933
660000.0	1.0537464933852276	4.882120203208212	11.11221535458375
665000.0	1.0469729230468572	2.2392361734388935	34.3713416557336
670000.0000000001	0.9782043082791153	1.788898001274078	107.81866857947968
675000.0000000001	0.9214613486585516	2.67884114185934	133.2254716598593
680000.0000000001	0.9456778356717389	3.1695989030813982	144.8628489509553
685000.0000000001	1.0241367010678768	3.9779671440296203	162.3198912152443
690000.0000000001	1.0876015613541952	5.418409765358812	175.57821756993377
695000.0000000001	1.0989286429682459	5.797449262782866	-178.16956062148503
700000.0000000001	1.053595634126126	4.535553798886533	-168.53363497432446
705000.0000000001	0.9738400821988333	3.3919018149448297	-150.9048254230351
710000.0000000001	0.9206450585756943	2.8904412060356557	-137.44646118890168
715000.0000000001	0.9493747155006352	2.174270728168114	-122.28304751548124
720000.0000000001	1.024950185651913	1.6367647014919493	-61.04661116794569
725000.0	1.0593353572941764	3.8225976292487696	-15.842568908240445
730000.0	1.0323139433735862	6.248096416683151	-6.555739415660452
735000.0	1.00531743647426	7.270201396443711	-0.7142965720076435
740000.0	1.022138219006714	6.695388573736311	5.207058871539494
745000.0	1.0564018080116193	4.57196711509153	12.372396444113283
750000.0	1.0413818060959568	2.003402331756205	40.95307018317856
755000.0	0.9690269997230005	1.9043288853385176	113.35007728980608
760000.0	0.9196874185770537	2.750840107573732	134.6798867657899
765000.0	0.9534337994159348	3.2275642021279674	146.6454070899768
770000.0	1.033457456180698	4.131568511628262	164.44681797392073
775000.0000000001	1.0919192113875726	5.555873697166117	176.57217026706667
780000.0000000001	1.0964201920749217	5.71230103271487	-177.35966261543447
785000.0000000001	1.0452182166325532	4.360361692886542	-166.6974202597432
790000.0000000001	0.964758946113527	3.3157102318504252	-148.83916210521403
795000.0000000001	0.9194365012477111	2.831130677852104	-136.12495024538347
800000.0000000001	0.9574870850853509	2.0579540514114627	-118.8075018179419
805000.0000000001	1.0325004062541405	1.763171609590046	-51.42881354760704
810000.0000000001	1.058580215470353	4.146479877745235	-13.997232953035855
815000.0000000001	1.027782785018222	6.451034480413807	-5.801619043490353
820000.0000000001	1.004861009166788	7.2853465957342225	0.06571170467071935
825000.0000000001	1.0264509511407554	6.521520247517811	5.946327410995248
830000.0	1.058304618947939	4.253030163737184	13.843067207500262
835000.0	1.034875338389771	1.808933822838789	48.901963530832525
840000.0	0.9601910718553441	2.02383918746544	117.86892234984998
845000.0	0.9191957707435274	2.816499870283583	136.0518179756456
850000.0	0.9618530790538568	3.291644387129174	148.55762427887618
855000.0	1.042429604097476	4.295974024194459	166.4639284653707
860000.0	1.0954657884645667	5.673437498759414	177.47607243192854
865000.0	1.0931214878567703	5.603115888737801	-176.48072377639295
870000.0	1.0363843117071359	4.19240911207448	-164.72348888990277
875000.0	0.9561647338939231	3.2482061824487767	-146.8883654220045
880000.0	0.919510006051221	2.766873118514729	-134.77159401765982
885000.0000000001	0.9661606285534032	1.9394013161095711	-114.57762028233059
890000.0000000001	1.0392688803577934	1.9420130908138615	-43.02934980713693
895000.0000000001	1.056943672343297	4.466274840836865	-12.444236010147186
900000.0000000001	1.023406686711306	6.632219904763554	-5.0594861855728634
905000.0000000001	1.0051047298314502	7.278974584851394	0.8472895868893818
910000.0000000001	1.0309557145722983	6.325429562848754	6.696028917918948
915000.0000000001	1.0593534928712292	3.928745916330847	15.584500065125482
920000.0000000001	1.0275495905973169	1.6649156548578516	58.15543420656907
925000.0000000001	0.951863986739642	2.1421626360268147	121.5749037128094
930000.0000000001	0.9199921830446425	2.876775961650931	137.38129198966507
935000.0	0.9708038898194844	3.363788611540382	150.59192425318966
940000.0	1.0509699241684891	4.468739582765338	168.35008747979444
945000.0	1.0982255569868475	5.768021817447748	178.30750095715237
950000.0	1.0890465528206166	5.472757462102783	-175.51494585688278
955000.0	1.0271735381038354	4.034375757995589	-162.6300654707766
960000.0	0.9481896610596324	3.1874698087727857	-145.06268830933124
965000.0	0.9208686971818877	2.69667463502696	-133.34715854382523
970000.0	0.9752310799092527	1.82322908542611	-109.39868976436784
975000.0	1.045152875983962	2.1648748052636098	-36.002134331940944
980000.0	1.0545214818502804	4.778449479166739	-11.11744669090829
985000.0	1.0192972178488622	6.791234415676612	-4.320886630452499
990000.0000000001	1.0060434305711896	7.2510125938480865	1.626110048952653
995000.0000000001	1.0355345742546913	6.107753842141447	7.4659593405747975
1000000.0000000001	1.059464138223322	3.6029818798008697	17.67342994874476
