0.0	0.7216512250447976	110.61549506586161	0.0
50.0	1.005177087183358	94.80932161498583	-51.565493963343314
100.0	1.2716508970620495	88.86176573582522	-71.1236057024525
150.0	0.8847391961143412	105.40551611910121	-124.60825504687904
200.0	0.9405470414239354	94.99801961742708	-91.38400570246924
250.0	1.0792957441661213	86.67300854324304	174.33586666245984
300.0	0.962897167390446	97.46955144553135	-164.57050936862967
349.99999999999994	1.062322416185009	81.1543308061276	118.43205920679243
400.0	1.1000071833238523	79.95580117519751	-142.84266639610806
449.99999999999994	1.0395677700614065	89.75567754857296	6.029785928941026
500.0	1.1765370295064432	75.35228985616567	28.252623680074226
550.0	1.1937770729526702	76.75123886145818	155.24921723764842
600.0	0.9769186487576483	91.85557449861524	12.378774925758695
650.0	0.6238178570699515	118.23727239023167	-2.958866438285944
699.9999999999999	0.7794798051612145	101.8884614873301	57.85059165229114
749.9999999999999	1.0882563073512797	83.45612241960326	-132.7474463187504
800.0	1.038210866256523	91.99073808662341	70.54449739236381
850.0	0.9835359366194656	86.48866335928106	160.55657925096799
899.9999999999999	1.106446230499316	84.4674344977383	97.16028315048611
949.9999999999999	0.8961437076282674	85.8350995517145	32.108877152541574
1000.0	1.1502229590453097	76.41442599454454	-109.3612661121075
1050.0	1.1616969241675488	70.80689512744844	150.2981002384362
1100.0	1.1635782422529977	75.79101810338258	107.11751208134379
1150.0	1.1220793658657453	85.40121426518415	67.04798376424465
1200.0	1.0101818754032335	89.28312004754096	-6.0073129304215795
1250.0	1.1864547801775618	79.58026346162445	-68.44255465252392
1300.0	1.2155333815694944	71.36735984370692	-11.217630566056185
1350.0	1.3447281949196752	67.15913458364835	90.00296563887032
1400.0000000000002	0.7855794789610908	81.96117726113852	89.65896434731467
1449.9999999999998	0.7863238059142411	94.52595632277026	139.01086149172463
1500.0000000000002	1.2131657360490675	65.13821407945176	121.02312370466396
1549.9999999999998	0.7096127587317682	88.67747577294236	-106.76928078360956
1600.0	0.41196244740044885	122.36150563458892	-25.61582590879989
1650.0	0.5793985595602517	104.69084418294351	144.8049483920355
1700.0	1.5797818424932317	57.758360549203346	-71.53457759525155
1750.0	0.8224316368810919	76.5258644406148	-126.10635409227332
1800.0000000000002	0.5340936820634419	89.2271436038405	76.45656680102273
1849.9999999999998	1.498165557429452	58.73049465088761	-112.35184022345068
1900.0000000000002	1.6269709304800308	53.049048984938295	94.1355403469332
1949.9999999999998	1.1171469145397825	59.51397693220446	-22.10683120649586
2000.0	1.2032998804721986	55.828399064387966	-61.005648444899556
2050.0	0.8118074150171026	80.25779582384672	-132.9710362425125
2100.0000000000005	1.0570303760818522	61.89513660894529	118.52004506817644
2150.0	0.8543744782300158	80.28645075181531	174.18112582621285
2200.0000000000005	1.443228406747374	52.334140619586016	158.71068482392621
2250.0	0.4084453248191371	103.06433148394639	-58.99418648174688
2300.0	1.1685626287257933	64.2926014369861	118.6937340159567
2350.0000000000005	0.9752453468923299	73.05367769745241	114.68998578595756
2400.0	0.9229363568092971	75.14919366688761	-54.03504931359901
2450.0000000000005	1.1640779790263567	55.827547766603445	-62.42410465841293
2500.0	0.7685667040407266	74.84916534085208	121.20757350125757
2550.0000000000005	1.3444212471615506	61.48973306328273	-34.64649356496836
2600.0	1.2989233355294125	48.6217712723139	-84.39726300607988
2650.0000000000005	0.8653009703385365	71.80321183445201	-46.79926941382491
2700.0	0.7079705791390828	87.87494812895504	-72.4928834346494
2750.0	0.6053982779177769	80.95929860605862	-42.75029960198837
2800.0000000000005	0.0694345614599808	85.21073562840795	17.87674529001479
2850.0	0.6792785921657933	79.6966503497838	-138.412102171774
2900.0000000000005	0.5844258782454006	76.95306953230981	35.97376087721696
2950.0	0.6611371638367413	86.53989666718809	-57.107624319073224
3000.0000000000005	1.2521861221182236	55.3868779966602	-43.99252974195821
3050.0	1.1716792546604138	53.238449371103606	-132.1080825562643
3100.0000000000005	0.9867991164827998	70.7296414256242	-10.969859005964334
3150.0000000000005	1.4177401969695362	54.248864551410044	-130.03563130752588
3200.0	0.7135866297435359	81.44863962189059	144.1459574894522
3250.0000000000005	0.4885015496205666	77.39700482636829	-103.87592872333843
3300.0	0.7018920297616649	64.65916735497024	54.086756669228684
3350.0000000000005	0.5871763871838936	84.9226361132493	69.8977359682856
3400.0	0.4023676114580956	84.21991367907683	-131.03992304456065
3450.0000000000005	0.5793124479372647	86.72298979006769	169.46616169407235
3500.0	1.3746000620844028	43.639261653002215	117.27268519466578
3550.0	1.0167910405522986	61.37270616603469	125.19881115893163
3600.0000000000005	0.5935934284117528	70.40344487148535	-87.50495373481256
3650.0	0.9258521220673307	61.58312492275728	-105.77395522603466
3700.0000000000005	0.9281854959484119	55.06664233805995	114.76395682501712
3750.0	0.537459662967742	69.53021749633697	65.94442276623833
3800.0000000000005	1.516578563464798	44.321707690658215	109.01301085088828
3850.0	1.300564611518698	52.54613597912446	95.83733342891368
3900.0000000000005	1.3087269108413144	57.44779796344967	66.16506602283377
3950.0	1.2121831578507076	53.8704776877512	108.89583056373766
4000.0	1.2682831039043478	50.58584381402154	-51.986386916462216
4049.9999999999995	1.342603691987512	45.957964103334135	-83.58171390149657
4100.0	1.2044082599509078	42.38056013157693	74.86595001917505
4150.000000000001	1.6745835557996493	28.608177417126367	135.79419345627792
4200.000000000001	1.4381183887883875	45.289024834852476	-28.252997605854848
4250.000000000001	0.8042916772279471	63.988010527503896	26.446905428800452
4300.0	1.1531439454024508	54.29455767025242	69.71978433837373
4350.0	1.1468297020550346	55.943473537956415	-87.61050617248704
4400.000000000001	1.1771505479700854	49.84572641713926	-79.69767672381799
4450.000000000001	0.8016916699551208	61.496143878411225	-58.42509847323733
4500.0	1.4506624079094586	42.781945856949775	85.85773843888776
4550.0	1.024623243784813	50.77719875751383	72.97905923063416
4600.0	0.9954575903184896	58.330723267244764	64.22042557573745
4650.000000000001	1.0844737702902472	43.43880254647214	-47.66904978711355
4700.000000000001	1.4948600728263934	31.523701071987063	58.70436587886807
4750.0	1.0966804923075582	43.78725830818561	-131.37751521748598
4800.0	1.3681088557818366	44.706435064033236	-136.796387191827
4850.000000000001	1.556319311270466	33.75739622484563	-37.194086848017534
4900.000000000001	1.9612942791567423	17.284060717124074	-83.06788954795418
4950.0	1.7123527182144747	25.87212966374614	142.13795572477287
5000.0	1.3592365851227208	45.54881467942216	-150.7052659705265
5050.0	1.507523843873929	33.74511955799172	160.64776722413922
5100.000000000001	1.4984703417297127	35.91654654685633	-155.18027280534793
5150.000000000001	0.7036958619820461	50.80196920864398	-147.62009842842275
5200.0	0.7681751909117686	47.878705145837756	149.82647576837314
5250.0	0.7585552025098822	52.24804633641437	151.9558075104411
5300.000000000001	0.7593399210597535	62.84927107589608	-124.15926951196472
5350.000000000001	1.1945511642635347	46.162465660893986	145.9516030240886
5400.0	1.2262036727541956	39.01077479069058	-60.46597125577786
5450.0	1.1072138437555068	49.44131396841974	48.27648072122862
5500.0	1.2420827908452041	30.578876326008263	-174.6208657828411
5550.000000000001	1.3312602647271023	33.720042176913594	173.8160122670432
5600.000000000001	0.5530529117089167	69.80083595114053	165.1105850959147
5650.0	1.1215113030680284	42.718262323539264	-131.84555944159325
5700.0	0.7288620334155667	65.28645844453803	-157.17817649537028
5750.000000000001	1.625254109975097	23.964772970158066	95.05275836445945
5800.000000000001	1.4333201502299733	37.68031235870552	-89.82871974580775
5850.000000000001	0.613486718780301	52.60504408196504	-41.008570251758265
5900.0	1.3121773837304183	40.923901560584866	-152.0658360687865
5950.0	1.0065681057183424	51.741539770322866	178.76399000074468
6000.000000000001	1.0902916590738336	46.146890071814404	78.69529570834521
6050.000000000001	1.139172263355768	48.87359709666133	-96.24892974809718
6100.0	1.6045294300101898	10.251039876810312	14.27110145949924
6150.0	0.6374061196269812	36.36249010982518	-117.28610103035462
6200.000000000001	0.5693221959261736	39.27358667362076	-57.511408478137994
6250.000000000001	1.447232049683016	34.13020014774115	60.2769145207669
6300.000000000001	0.8329555124706994	51.790730741724246	-103.8153504291164
6350.0	1.2979147035765497	47.00266842047586	33.955655254567304
6400.0	0.7223265593170206	50.229342329823865	16.825496352938714
6450.000000000001	0.62716518335688	53.350123415191455	-36.35037176329423
6500.000000000001	1.5066382881235747	29.15772213944985	131.6480302198156
6550.0	1.5739427242065989	29.199509103161688	114.42708997916257
6600.0	1.0838243200615758	28.64489803307786	-23.821649407634883
6650.000000000001	0.7650509650277646	54.784185674217454	19.67532691557356
6700.000000000001	1.5136655534867358	22.502525292475376	23.51945939433515
6750.000000000001	0.38441731975515947	25.80028818687087	46.20663519503784
6800.0	0.9700288395943074	43.43126406964812	144.58146361271884
6850.0	0.9462089682957653	56.1915914701009	-122.71637877529527
6900.000000000001	0.6467931670802428	62.40747701479164	-70.83867314784796
6950.000000000001	0.4521995059442339	38.519862789770116	80.04107176455013
7000.0	1.1471635416357908	36.41030346124762	-98.38348871559556
7050.0	0.6059490360421751	58.054911234461315	85.25692295652148
7100.0	0.9131363259014856	46.146167979503986	-53.33706532840284
7150.000000000001	1.110167432091431	28.089387802289075	19.552221366439703
7200.000000000001	0.539181529348387	14.498226209973614	32.57824108515877
7250.0	0.9120930729795547	46.94215528925105	23.309902549130808
7300.0	1.3700934985448208	32.13523680541172	70.83672881454186
7350.000000000001	1.1274725249122017	41.99056960146301	-138.0745369167683
7400.000000000001	0.5498094099201012	43.46706494128398	-69.04468976057814
7450.0	1.1005782173188605	43.73004849343675	-117.73067786615846
7500.0	0.7897683583940606	39.81337380391822	-16.742403267426898
7550.0	1.2305768639964967	15.480185000864672	-2.0188507257705006
7600.000000000001	1.2346283405609644	42.217481124375205	-122.715259957605
7650.000000000001	0.9515688164486311	43.09843706570257	120.28951242446298
7700.0	1.4137209589329827	19.9412966710014	34.06999435558688
7750.0	0.687341584077043	31.638304144123026	73.6175793583443
7800.000000000001	1.398541377539738	34.69578609140602	-71.75057988437013
7850.000000000001	0.9897209382335383	38.996324486896484	86.78106486280747
7900.0	1.0512350846067233	46.20483000522642	-175.52136004960533
7950.0	1.3351866840901758	25.827463178114986	-71.76906193463502
8000.0	0.58040643318718	19.026193472076336	-129.97326221498247
8050.000000000001	0.34931771518704874	37.35150843359331	-29.373144815724295
8099.999999999999	1.2764854968103188	38.734105858004405	-67.9265003958993
8150.0	1.1240869564511244	42.41745498016913	123.75555677784561
8200.0	0.8195296480542895	34.554003389066445	117.76809403075097
8250.0	0.5599008933941082	55.78998266824829	40.50615379257295
8299.999999999998	1.2212073452625387	13.461033471259666	104.52437606672983
8350.000000000002	1.552515452957257	19.124282852130243	92.96109227240953
8399.999999999998	0.6519935013339387	50.22825474346359	41.6489858974438
8450.000000000002	1.2740059413818572	18.261833247082915	-79.73800363785544
8499.999999999998	1.2411160352288257	29.218353492739116	64.63058807432431
8550.0	1.466017259136454	26.011595001789953	128.142281863171
8600.0	1.3120042643661094	39.265549008837844	5.449632964740428
8650.0	1.1929710079351015	32.902240191352405	0.17558677304853382
8700.0	0.5289948153978733	33.871662297331866	-74.69075549770983
8750.0	1.3692992143593792	6.09886110922308	-64.40447121454702
8799.999999999998	0.7146762701328271	49.08850614454456	96.94041551416841
8850.000000000002	1.3425411411662653	29.8886189008368	179.87606942356703
8899.999999999998	1.0535389910843036	49.74645960618529	0.4226772287440474
8950.000000000002	0.5751925788165816	46.50717878742101	137.43030080524474
9000.0	1.3675165753091663	10.730697370918184	149.72889333965378
9050.0	1.0448337865749877	35.440927334928126	94.68515925919701
9100.0	1.544734158897231	29.89764156526783	27.84945281821216
9150.0	1.2660943638969548	27.433498859455973	-4.166608845849187
9200.0	1.4985031289903519	27.612176946885857	144.27635262350807
9249.999999999998	0.5291233544997184	20.304742133434928	165.45611763777046
9300.000000000002	1.5209727281248673	31.256796947238676	-130.9472112147414
9349.999999999998	1.2720621728704014	30.914311174250635	97.06252866149156
9400.000000000002	1.0654967256235588	27.110027645137855	61.51406100493654
9450.0	0.6122340214362489	24.856578930643266	48.80346166292408
9500.0	1.190293188418646	22.335165336472578	-153.6547840957746
9550.0	0.8762424100648702	41.00245450621173	-11.340930350706726
9600.0	1.554603583050746	11.220631324299791	29.53815073050246
9650.0	1.1813680941005256	18.776652818674005	108.34665578157323
9699.999999999998	0.8811021447264088	21.748513656510365	-169.1385344086745
9750.000000000002	0.8893221440559309	40.48464643205648	-38.94575817772441
9799.999999999998	1.587605147397016	16.02910193583737	57.87168080662433
9850.000000000002	1.430967224100896	28.480560339768903	-95.13986416393683
9900.0	1.1328453915388323	44.14545654748265	21.066631707445666
9950.0	0.6987334556489858	47.070419665730526	47.23584587283249
10000.0	1.4223165234347235	21.08221947300263	-54.90577382133576
