0.0	1.4100629645188405	164.107903637447	0.0
50.0	1.3470153543510799	165.27160356585907	70.16395788808144
100.0	1.3412393983471378	163.18451456020418	167.8474197703081
150.0	1.3358353605910929	164.66279633612882	-91.55035232545735
200.0	1.3774760482318174	148.39371477329277	-32.06976833440368
250.0	1.361941877549439	157.84845006233436	-31.899962284948714
300.0	1.34313965011531	158.0619617722151	-17.62741299887686
349.99999999999994	1.3233847231520948	150.73143552438745	10.419139033637473
400.0	1.3168081036461008	158.64471774623482	49.92350316530187
449.99999999999994	1.2926564034792127	154.7184323293335	125.87422768034764
500.0	1.302370980000847	151.95540548068294	-155.31136881496494
549.9999999999999	1.2617204612402484	154.9845086833726	-47.92212024441484
600.0	1.2505551045916472	155.79107432834616	74.25131143069085
650.0	1.2525003915653996	153.74408066974814	-140.02188091450543
699.9999999999999	1.2475435973901807	150.57954561403824	19.54012510004106
749.9999999999999	1.1893767157868311	153.9285839838009	-165.1123558912144
800.0	1.1781866908386787	152.73538040456248	36.986499392189835
850.0	1.2009278795334009	155.43001983789296	-95.59646488525985
899.9999999999999	1.1311464239381754	154.52898169320093	159.04701293624728
949.9999999999999	1.1395827419588855	154.7917710796925	48.50405596331397
1000.0	1.1571731598004267	150.7734624288057	-20.3161808009214
1049.9999999999998	1.1438353669584296	156.20630273162828	-65.09674544393225
1100.0000000000002	1.1358497072635187	153.7675616747999	-99.20755189130035
1150.0	1.0772264150108415	153.28211439864216	-107.16694531961929
1200.0	1.046373503607914	156.63029892524938	-87.21572248474183
1250.0	1.0828275183485676	149.45869833454307	-41.965409047552846
1300.0	1.0590553161372196	145.60740177672798	15.173112225213917
1350.0	1.0278185702302116	151.2774848296757	102.1258551033281
1400.0000000000002	1.0263712407208796	146.57628732201925	-146.27198453247823
1449.9999999999998	1.01600166991096	147.85070568506302	-8.281810184186384
1500.0000000000002	1.0216867555712992	146.4465329344148	148.1666863348155
1549.9999999999998	0.9590261786538814	150.37288925679422	-23.4148254150166
1600.0	0.9650947989959543	148.17930664366614	174.44296444491502
1650.0	0.9687742521598693	147.56822606361587	45.49010466098115
1700.0	0.9133170432093559	150.8547158236658	-45.14389781077192
1750.0	0.9419746994794533	152.25309598853534	-132.15176764977875
1800.0000000000002	0.9629428282374977	143.43209904526103	-174.58131477627902
1849.9999999999998	0.8966184657056173	145.62924006143666	162.12641913876632
1900.0000000000002	0.9072273716208863	147.25914385762692	171.92904811708624
1949.9999999999998	0.9286010814664999	143.73372814177688	-156.0141682381603
2000.0	0.908790628206711	147.09108098033278	-74.67959745409927
2050.0	0.8819429251214344	142.06398122395672	16.409344098392175
2100.0000000000005	0.8346016340151843	143.80773777117506	161.29729413132821
2150.0	0.8264056950916668	149.11598708333045	-44.60272211880528
2200.0000000000005	0.8655551422540992	142.06678652274147	132.32759462615175
2250.0	0.8139537422725259	148.05171269681244	-36.322029882786865
2300.0	0.7910500178479136	142.0496357844534	177.19166213308716
2350.0000000000005	0.8375344297695967	142.3101639199806	52.509115549612105
2400.0	0.7611108771994991	141.4753002320354	-25.901634994117696
2450.0000000000005	0.7786380251986983	145.97857740757183	-91.75022383083709
2500.0	0.7702365929516521	144.15880150841107	-144.2184222397378
2550.0000000000005	0.753880680786955	135.8264426724998	-154.04789546355445
2600.0	0.7559298009759733	142.7215424537019	-131.81945501140967
2650.0000000000005	0.6854052368665589	142.71645060774478	-102.47998932248306
2700.0	0.7588766645008206	138.9198157024668	-62.15238834618355
2750.0	0.7406190102655982	137.78852170439166	-32.69734961415821
2800.0000000000005	1.0054183630653453	96.29745281769397	20.463161931325704
2850.0	0.9538253685987896	98.7744307023676	137.58379388772482
2900.0000000000005	1.0373739485887379	99.136586439634	156.73002694151745
2950.0	1.086498050308461	91.50926296540291	172.64955458762464
3000.0000000000005	0.962729728633051	112.79986614796994	-87.08809202363275
3050.0	1.0009310739424964	104.48446599817939	62.52816166353024
3100.0000000000005	1.0546361225511263	96.76079604830367	-113.34051231790222
3150.0000000000005	0.9222159906841766	99.22925192493612	23.902834583797553
3200.0	0.9875277980049937	104.01911575943303	82.2665476836868
3250.0000000000005	0.9910697290497963	89.21923554935822	-23.655529764405713
3300.0	1.2507790116090605	83.92025950943739	-125.32592753555848
3350.0000000000005	1.0417648898159837	94.10246840585675	9.19839799334571
3400.0	1.1450932546691943	90.09032404159885	68.58765461019557
3450.0000000000005	0.9625066933697628	91.11787600801492	149.77042245479606
3500.0	1.033962443135932	91.70693866254209	-116.49278522299113
3550.0	0.8881736216450902	98.56501152877013	-29.245668846749158
3600.0000000000005	0.9734200163096564	90.87561303864221	-24.761701231960537
3650.0	1.2633167066564568	77.58681619936021	-120.97420565883088
3700.0000000000005	1.2463403699584434	83.58535260477821	-83.07982409887268
3750.0	1.0012331244578565	83.58011373092958	-174.06186732148745
3800.0000000000005	1.1410495208584774	86.12545808825438	86.04687520190274
3850.0	1.1353180632702742	74.71841652654687	-2.2246968107701397
3900.0000000000005	0.9537702479866574	92.6596179240633	43.0655480916655
3950.0	1.010240682666506	78.45011640352043	-59.225731263652484
4000.0	1.1759021239986482	79.29212384745583	113.2869955833594
4049.9999999999995	0.8695190876189924	83.39485024065696	7.426201293642104
4100.0	1.20798678063982	79.98758117030985	105.8681667028971
4150.000000000001	1.349581573508075	75.03398195350236	-110.07652133971176
4200.000000000001	1.29770472398052	75.02414543036534	103.34088034385573
4250.000000000001	1.1402026481383458	78.86374326656043	-87.98738988696405
4300.0	1.1601476229588565	77.64970670014912	86.44027829425676
4350.0	1.1035729450835776	82.36688347311413	-117.79645152632034
4400.000000000001	1.0048122296123603	79.51195028212886	21.206609745742384
4450.000000000001	0.9958451955946303	83.00400605044901	158.73409512248375
4500.0	1.0991923513947137	75.77625855369979	-91.90518200848645
4550.0	1.1068274378920162	66.22529594019832	41.13460427692065
4600.0	1.1264052435051441	80.81776683542716	126.25338289369205
4650.000000000001	0.8439195419866095	88.1691517620494	-12.55158449029435
4700.000000000001	1.0839689945051028	78.27189271119883	-81.08041441696864
4750.0	0.852957045271231	86.7890149117939	-149.6152285237251
4800.0	1.4644354628758627	59.48716486487088	96.58490565555861
4850.000000000001	0.5345075374911313	110.76559795056514	-139.88767918704346
4900.000000000001	0.3948967653195306	111.54807638951091	-86.6529179475618
4950.0	0.48358605143400973	111.36907293914872	145.90393776982697
5000.0	0.2639973746716234	149.28434772298715	-130.66487870664898
5050.0	1.3832055264967869	63.71815236985346	-8.539912809141216
5100.000000000001	1.4150183837555017	55.38549178383438	-76.88256736996564
5150.000000000001	1.1334517507971356	65.89434102890752	-33.415405416451634
5200.0	1.0772289626365805	73.06857069056913	11.816913969227473
5250.0	1.317304896759476	63.0965444998985	70.35948812616701
5300.000000000001	0.7922710959922945	80.61828795088374	124.91470649701279
5350.000000000001	1.6359305948372767	49.99832411745102	116.52608890258705
5400.0	0.5618617436115296	82.14793110415734	-177.92946445535114
5450.0	0.5877491326055057	80.61313611927118	-153.77520942094387
5500.0	1.4295763859267183	52.81941966631952	-58.1413279034038
5550.000000000001	1.060676386038488	64.9655315273439	-39.65696516354633
5600.000000000001	1.2591110717219138	62.71650772999339	89.37017739120547
5650.0	1.0834726130439343	59.97562677102132	134.89210237831003
5700.0	0.8843545431985019	71.28831246059035	-94.96282521554836
5750.000000000001	0.9377980584798623	63.68726432433946	20.094963209756653
5800.000000000001	1.067922422267103	67.50247570498077	-108.41646449664275
5850.000000000001	1.4941257006325912	41.0672628867763	18.854425974172095
5900.0	0.5857143872572457	79.58748146104067	-61.791251243785375
5950.0	1.347595042321772	50.47944612308702	-88.34066616757539
6000.000000000001	0.5358683173946673	94.04945808035863	119.51080867461339
6050.000000000001	0.6448046324437775	66.57317048090336	106.33640742705988
6100.0	1.6635287626301838	42.76290755021941	-127.82928402480283
6150.0	0.6358092403191301	74.458238682865	121.29706863100913
6200.000000000001	0.5812592748704705	73.4678512344444	-25.875841977482885
6250.000000000001	1.575924094035359	46.255219792155785	149.172722463533
6300.000000000001	1.3425903563594654	55.856128238244445	17.973865397299996
6350.0	0.7373585953060455	65.71489185190137	-83.74306816382652
6400.0	0.8156819485977487	55.67531225044162	-9.63529879450994
6450.000000000001	0.8574554751193818	73.834535173868	111.63587659133205
6500.000000000001	1.3181752114180945	52.01670653982197	60.05874890922568
6550.0	1.3176611694598748	50.64732800303967	-65.19308372874205
6600.0	1.3615489594358379	50.90717171996182	73.87095854305954
6650.000000000001	1.2171415141991762	48.018328848563065	-32.71626210936173
6700.000000000001	1.1427890474793647	53.670345995424384	45.92945087685332
6750.000000000001	1.2078619198165987	47.6857248338683	74.07637601473903
6800.0	1.143292496152589	53.81807368381832	-157.25780137668778
6850.0	1.603197875039671	35.0743720942813	111.24512037599419
6900.000000000001	1.4512931620088214	40.344239817168464	-140.60834575062736
6950.000000000001	1.3210693384100567	42.31604706720147	61.57610362563696
7000.0	0.8424348112497377	59.6918288014941	-48.34264175558878
7050.0	0.42253692109580576	62.730375325020496	176.7123642477722
7100.0	0.9527452290579803	55.480424754919426	-149.15697684505847
7150.000000000001	0.5978365041333987	54.158923938191826	2.9277813093639167
7200.000000000001	1.2330441378235295	45.788336188905696	-107.70596933747767
7250.0	0.7363831704086694	59.87636851253591	-103.67055713873071
7300.0	1.4010553846349203	44.983801295221916	122.89558366426002
7350.000000000001	0.3013696755392008	53.61390454926417	-71.72532415384053
7400.000000000001	0.5591055928691097	60.237296636104816	78.39000776749289
7450.0	1.4850823709386176	44.16618113594883	-21.476949869824203
7500.0	0.7774093172193642	65.82842270883032	172.8530232790541
7550.0	1.3223293460084418	40.73435589337474	-72.23807521716613
7600.000000000001	1.6365498560361353	30.104008538427546	109.10634240693096
7650.000000000001	0.49415835229189237	58.673798387520954	92.24475758317651
7700.0	0.6691202551138633	72.57903731731487	21.826130778426155
7750.0	1.439509797305694	39.672536915459126	123.56068495186089
7800.000000000001	1.422181244552729	25.038944482088663	177.6069364998031
7850.000000000001	1.3842215108099172	33.35550112221258	3.5038909148421546
7900.0	1.7019399532432626	26.519481431591316	138.5147859060621
7950.0	1.0624103057965584	57.103048085476935	-160.37203087418953
8000.0	1.331644425880736	40.71096230871862	175.65586500173578
8050.000000000001	0.4857730952490329	54.06490373652816	145.76251001047103
8099.999999999999	1.3849463565175721	42.15109040014502	73.97298257245649
8150.0	1.1924467708655253	52.541466832519355	-140.17820610027078
8200.0	1.276263185991229	49.47170879344639	-98.47640589959273
8250.0	1.0845643723840765	48.4794654045654	60.347546414442306
8300.000000000002	1.117703234441009	53.7595350295869	139.45908666509277
8350.000000000002	0.972054648618234	51.278132352170466	68.72184273134027
8400.000000000002	1.292295645623423	42.04003237757575	158.25896399936866
8450.000000000002	1.107385685151745	53.24969315138833	-112.4973702500886
8500.000000000002	0.6815005748057377	63.557486428780194	103.89442168439973
8550.0	0.7673553150414412	46.963821497409825	73.83972249109884
8600.0	1.59679896328549	36.813361899862244	141.10208228265006
8650.0	1.4897631273842449	41.561038868898585	-21.49913627056736
8700.0	1.1004226445627898	38.66066768970826	151.97083881442526
8750.0	1.0371190229865859	38.610779212658905	101.85602112539136
8800.000000000002	1.3413155951417857	26.803109671682304	-99.99750261824379
8850.000000000002	0.5955397949771459	46.31629050038716	111.02050462590839
8900.000000000002	1.216737542593712	25.287368752243836	-67.3815279758724
8950.000000000002	1.4990021033631686	24.074236631626214	73.08377209574637
9000.0	1.719561717650774	10.265198779287685	167.45156922380187
9050.0	0.6609758994462408	28.76151697086452	78.36158969668736
9100.0	1.2397953958606078	27.984343793156295	-73.27590548909643
9150.0	1.2995979240851925	35.20926043218076	-5.978748046206825
9200.0	1.501353777692568	32.023266935851304	-170.46897070108992
9250.000000000002	1.5793402407015464	18.442258784762902	-79.31876190713334
9300.000000000002	0.9903356318656922	52.804032290852845	52.60892424310727
9350.000000000002	0.8029504126637885	50.43049307400982	56.13892326971453
9400.000000000002	0.5245264227760266	43.0695382619576	-71.03647718926247
9450.0	0.9515787633250231	50.433712529163564	100.21063370060543
9500.0	0.8806319602062946	38.7591965245992	101.06038399425361
9550.0	1.2895159741451374	21.50322916594198	4.166913334852695
9600.0	1.4710333438722152	29.452474121270445	41.9074526087639
9650.0	0.681394718241595	24.229498187927682	125.36498226135421
9700.000000000002	0.5929634667538689	25.061702995859353	136.6409055769552
9750.000000000002	0.8475113142202377	39.730908336486614	-50.72093076716544
9800.000000000002	0.8808954758260424	43.298858332686706	-162.56829716639524
9850.000000000002	0.6422394465519838	26.78860607256556	34.30877062984531
9900.0	0.8374030935843959	51.263259761527436	-135.36730049279598
9950.0	0.7568533957437246	22.714576200135042	-148.29474213912684
10000.0	0.901244932815432	39.00449624566539	145.9650180283891
