0.0	1.3124604582324833	174.11565023608213	0.0
50.0	1.267439319747398	174.27992638880326	-64.4239506177287
100.0	1.2825395040268512	174.38835729613652	-109.93788372721181
150.0	1.2296833331060233	174.414061013959	-127.5090442911904
200.0	1.2498248843233448	174.42210388597516	-109.91771716464407
250.0	1.1937654545608616	174.46296796571227	-63.94603751616368
300.0	1.2168579498766894	173.64120017382848	-0.9556050847701181
349.99999999999994	1.161367167208412	174.1910564323786	95.77723614469676
400.0	1.1873956065787912	173.86926384423313	-143.17571492727228
449.99999999999994	1.1348268041705671	173.1632861302429	12.276439818844318
500.0	1.1632189525495205	173.31005648007067	-164.75531299408723
549.9999999999999	1.1183204030124132	173.94730914669069	48.476652898984554
600.0	1.134615045194892	174.01911557411506	-57.018097761505494
650.0	1.1156653989569154	173.32795649128153	-148.42566443501676
699.9999999999999	1.0743493476922716	173.14103947174428	169.63362035797402
749.9999999999999	1.0782568073046641	173.5374926415532	151.30788664715044
800.0	1.022670149217451	172.54870357316491	165.38845792332427
850.0	1.0043314241793386	172.85648365773844	-158.50172962659218
899.9999999999999	1.0483146250292843	173.7897764719409	-66.34449890581745
949.9999999999999	1.0311819865395735	173.22809196728662	47.57936216227807
1000.0	0.9733164507385771	172.64590754374703	-164.20693066499638
1050.0	0.9821661870278038	173.04778877091465	25.995909005239913
1100.0	0.9296242923345545	173.39465864333874	-101.80057414401828
1150.0	0.9349901911318881	171.98870545319386	167.14417737636327
1200.0	0.8999839287075033	173.28495467486727	113.1326767426309
1250.0	0.9301457404354185	173.47621257357804	89.26740617003725
1300.0	0.8965998801950179	172.96284687208743	114.83094803838222
1350.0	0.901176328671406	171.94057640327293	178.36858786367893
1400.0000000000002	0.8790551475894531	173.43559267184702	-83.87736487916958
1449.9999999999998	0.8775782691258844	173.1329252024333	57.933100568630806
1500.0000000000002	0.8800266750749254	172.57858386806777	-113.78442735668301
1549.9999999999998	0.8429307245666111	171.9776990587531	125.88639652655938
1600.0	0.8375850861213501	171.77139535320492	35.107854269189005
1650.0	0.8316636023487043	171.4095979837823	0.9116266664821523
1700.0	0.7674761557389062	170.4303642754429	5.04049679899158
1750.0	0.7787402327912717	172.64544608639198	55.37830850335759
1800.0000000000002	0.7281138130081056	170.07131988516076	170.3051256361893
1849.9999999999998	0.7674903750143807	171.04887633965328	-41.71079077312491
1900.0000000000002	0.7428304187011797	170.38507693118052	156.5732892570395
1949.9999999999998	0.7009789115924033	170.3706620927011	41.49477599413408
2000.0	0.6735792480339791	168.85531337940444	-7.366265897073681
2050.0	0.6758449332147488	169.66359378383981	-5.951285507838679
2100.0000000000005	0.6810124916486892	170.73191354298072	25.77857297953368
2150.0	0.6833373508779215	169.93102928949298	140.60569545465563
2200.0000000000005	0.6152425234682711	170.82699886102645	-54.92489445120391
2250.0	0.6642568543988231	169.35514602352674	155.58864746357773
2300.0	0.6471935055944736	170.8984232654168	60.27979596604055
2350.0000000000005	0.5752751200023547	168.59343476024503	26.163997100984684
2400.0	0.6044617870250517	171.03120049167563	62.80656244338852
2450.0000000000005	0.5823347298528004	167.91750346145625	160.61465763628877
2500.0	0.5487937947242489	169.27393579386228	-33.922523630319944
2550.0000000000005	0.5375555268262507	166.47420498048365	171.29715299251433
2600.0	0.5150211575707848	170.58965330451576	91.75061638590267
2650.0000000000005	0.5296124522444157	169.7347986461596	68.16790972091323
2700.0	0.48979541172050417	167.35029902502527	142.99854951084205
2750.0	0.47893833287278925	169.75310661124763	-117.16462741822588
2800.0000000000005	0.46691977917510447	169.23925482641272	74.57055696038228
2850.0	0.49481760780333534	166.10549708250014	-20.441178652373416
2900.0000000000005	0.5084140479211261	168.0490778628785	-43.020953408996974
2950.0	0.4696676793838303	165.1812678227113	-8.704940800735407
3000.0000000000005	0.4117458824979074	169.06661153408706	133.5833732075647
3050.0	0.41557782240761654	165.0573295906983	-37.690329320335124
3100.0000000000005	0.4094895552886119	165.9946218578053	-160.12695120378342
3150.0000000000005	0.36894762782762075	160.87967688601648	-158.66473756784424
3200.0	0.442229426690503	161.63624386299355	-120.48108632334416
3250.0000000000005	0.35374631698124276	155.66375698352974	-25.375540950614695
3300.0	0.38129664767710175	159.21700053540224	126.93525707767593
3350.0000000000005	0.3717200067534495	150.10776888924386	-13.603373790941168
3400.0	0.3142532229218611	154.51448648024913	-26.55616290078391
3450.0000000000005	0.38515342238104694	156.29610302540692	-0.5895922258730052
3500.0	0.31206035070465427	157.29219432284034	147.90241033453762
3550.0	0.30478326998244554	143.41491746482183	0.6595161167600955
3600.0000000000005	0.29301161128258557	158.52349613427737	-48.88072615305898
3650.0	0.3432282446920061	152.20445893303594	-22.40303984508361
3700.0000000000005	0.23504177014637662	157.4073313733395	129.85799160532105
3750.0	0.29443351031423876	140.45729253527347	-23.878918689165545
3800.0000000000005	0.3001484779862151	148.60122470286635	-47.86544221459991
3850.0	0.2697968315681802	140.94278407572216	-10.44645869246013
3900.0000000000005	0.24384930235432126	127.89597604206054	175.75978763052606
3950.0	0.287853232131933	150.02220517217373	69.2313048484083
4000.0	0.16295037938187865	154.44897764126748	72.70401228439873
4049.9999999999995	0.20636822759943632	134.0998913644515	175.99715943587395
4100.0	0.17994682431739598	152.49409497229323	67.33065552580597
4150.000000000001	0.15270253353043814	140.92261287841637	19.941715287420966
4200.000000000001	0.16918398344324348	126.94810698970366	179.09997056228042
4250.000000000001	0.204703750399769	145.04719088635792	-3.617966410791835
4300.0	0.18080404853941015	113.96755718076288	8.124099534146827
4350.0	0.09788678556279333	147.58065920602644	102.24780139019718
4400.000000000001	0.20855990759010049	114.49438526351334	-35.20810300000679
4450.000000000001	0.21431412554418838	104.2844389520821	-25.948529333660343
4500.0	0.09747587458503168	105.9240034596943	172.3470617103758
4550.0	0.1319187743520213	132.05176099816717	57.937175032573165
4600.0	0.15278743207746626	138.28645677386638	-108.91538963118435
4650.000000000001	0.092189408182548	153.75921149343375	-100.3003742485127
4700.000000000001	0.10317584946983026	79.28051884899863	-4.2504243196237015
4750.0	0.08950000834890169	147.5627433879866	12.572345910356491
4800.0	0.0761978967820902	61.027709033827854	179.5931818078588
4850.000000000001	0.08991024329603896	131.10062890490713	94.2336098122036
4900.000000000001	0.10623215116337283	101.32510334373838	-134.25761769826036
4950.0	0.12148978864833171	66.0763712852594	-154.39453966472942
5000.0	0.12825695524048306	54.657617828124366	32.929704104358926
5050.0	0.13911594169495928	51.65752035172927	18.106662619378177
5100.000000000001	0.1438284777094131	55.20175351262867	-146.13507976621042
5150.000000000001	0.09222439201780283	48.05860161444178	-167.3602256090147
5200.0	0.09782336249038974	68.34665838016424	-125.37967137692868
5250.0	0.03047598202809403	55.01948422812288	-75.36743730474612
5300.000000000001	0.07092299692442532	73.89827819800932	-74.36193543634403
5350.000000000001	0.05538985903384116	39.990184029501194	125.48270508117774
5400.0	0.10574307334913693	59.1992279855325	-72.46090579880266
5450.0	0.07205313494402397	25.166483611716245	-36.2421595123911
5500.0	0.0843602654615464	46.536164751339115	130.47402094794512
5550.000000000001	0.10748711646514326	56.77352115210572	86.82991894735709
5600.000000000001	0.17164927428257087	41.51842801798649	53.996113846211365
5650.0	0.2424080021661768	24.9879558297092	178.7376021279399
5700.0	0.13300886607967788	15.718100215181046	77.70450663179122
5750.000000000001	0.1804133048933439	17.752007960719713	-45.14635938969518
5800.000000000001	0.16450769181115438	21.205274975825866	-6.567691273818015
5850.000000000001	0.2588603094204349	15.217364905807907	117.19314985941625
5900.0	0.1882917138414816	19.009058855044618	-94.19595271605878
5950.0	0.16197617106292414	32.85057769504038	-109.86962523300139
6000.000000000001	0.17853000056193116	32.335782319162774	-127.21541805306452
6050.000000000001	0.24088639315950483	14.37340580637152	-88.2339535525909
6100.0	0.3029718592154358	15.703669063484092	114.25259864859557
6150.0	0.17098821672814415	20.993442741292764	-87.14245669772556
6200.000000000001	0.3000965744857404	17.717576469992952	-94.03051986417822
6250.000000000001	0.33617824427305215	14.668147844778911	-126.34467539628825
6300.000000000001	0.32942679608521264	13.557721168560716	-54.313312155051946
6350.0	0.3591264622775021	15.006406356885778	74.81720063853201
6400.0	0.29953358018779414	21.126988829549266	-66.89117299892638
6450.000000000001	0.27283902786424324	10.580216149576268	117.2469476528177
6500.000000000001	0.25517653300543974	23.406327868326883	108.04947609421306
6550.0	0.3367504184891626	19.64295868874698	102.24861555147127
6600.0	0.35663455585020337	20.437791591075094	125.4898015653527
6650.000000000001	0.43664969477022303	19.2471289674604	-171.9214191353233
6700.000000000001	0.2926661464583233	25.767432197726617	48.29086844792246
6750.000000000001	0.4084020907979173	31.377001375855027	-47.27148636302206
6800.0	0.45902437623721637	25.567803121804598	-73.3444146565526
6850.0	0.33886795583732154	17.232363390057866	25.138343538818084
6900.000000000001	0.7847461680365011	25.29553657661206	66.04308489160049
6950.000000000001	1.238194547477262	32.82006933391051	-54.395635780969265
7000.0	0.7954796310646575	40.498168034066765	91.85190716979712
7050.0	1.0668351390221995	33.72357308373717	97.21282227287482
7100.0	0.5882870481407279	35.973581548942924	-83.97039000555998
7150.000000000001	0.7990111943044133	39.00934824421216	153.70052229751107
7200.000000000001	0.9258869676768444	27.165800192201893	164.76395995574396
7250.0	1.1593181988455397	30.72753933985054	-53.78747998002526
7300.0	1.2100532075012091	20.771325882122674	117.23300682410273
7350.000000000001	1.311385006665665	18.66284107738927	33.77410216991983
7400.000000000001	1.2201529499718085	17.989611314521124	19.41887453261182
7450.0	1.1842217620579383	29.706087501196215	-65.41201123406725
7500.0	1.4026516713185275	23.15514106219101	-175.7596187791812
7550.0	0.7287831831514323	2.717348451205772	-27.6369111798122
7600.000000000001	1.2242810521556091	31.07788948677154	-6.063678734602254
7650.000000000001	1.565141860025578	12.39965102343994	-178.82425204170627
7700.0	0.9308527026854536	30.34272942328822	-42.43172548809293
7750.0	0.8580926727022377	35.69465374543209	-38.76077097132754
7800.000000000001	1.058814589992429	21.4765272303809	72.94053240277076
7850.000000000001	0.7892780891081975	38.32957701135867	-113.79438119943973
7900.0	0.8488246692943652	14.46090169401488	-127.85530950326411
7950.0	0.925132210450643	27.887875108517168	-100.6649041566274
8000.0	0.829174813336873	32.34732573243325	124.071744322705
8050.000000000001	0.8252656494375812	25.151658773616425	141.5662750086846
8099.999999999999	1.254945910688714	12.117654248335667	3.9379561612948675
8150.0	0.8594465859422417	7.053401582936972	142.67518052064204
8200.0	1.2225670104737398	20.17443254072281	6.767582677813543
8250.0	0.8777585357638953	25.52772829999266	163.12755915553268
8300.000000000002	0.6788466061367884	15.128417804213871	44.77181844981707
8350.000000000002	1.4665080418096825	21.001065398843206	45.216301518762826
8400.000000000002	1.1521114560928722	20.05909889024663	-79.37191284595312
8450.000000000002	0.7907677539839362	28.85549239638686	121.27404844921179
8500.000000000002	0.893464413582797	29.651077247305025	-126.24088566273863
8550.0	1.1207877148303156	33.48414639772546	-68.61817057784684
8600.0	0.9253795191093124	40.478729085847085	-158.78156484310733
8650.0	1.2147370391387846	25.331301089796494	25.827501410913627
8700.0	0.9803701620122024	22.451778510905047	37.09404510161334
8750.0	0.8309195320633929	29.050009032361086	-157.88212518289896
8800.000000000002	0.8367168849115599	26.061765666277232	106.17438770465878
8850.000000000002	1.1922015330130253	27.950632812440094	-31.195230253513376
8900.000000000002	0.6320670605919058	29.157269668082808	-0.7614947992269568
8950.000000000002	1.5152217187301602	9.274777481380704	-98.14976635319874
9000.0	0.6794467993876975	10.175525724699254	-115.7906639914163
9050.0	0.6255422830732825	24.25748722674748	-82.36411832579256
9100.0	1.3280152086601043	11.021509618291054	-36.94873964134722
9150.0	1.12897718746757	8.636027413668865	16.864564416126328
9200.0	1.5481909984045996	11.173982794308051	38.248644373900284
9250.000000000002	1.036131989812025	21.062907676716396	-168.52021623095118
9300.000000000002	1.0627022211312636	13.071920294599787	-178.56637764558766
9350.000000000002	0.8001873990622581	40.08218412364928	-60.227390515256424
9400.000000000002	1.1906497435629744	22.880559354534707	-60.03497179090419
9450.0	1.009240254376187	26.402217354735836	-157.98879067459367
9500.0	1.2568544269011779	23.10371656817609	-175.1073048541952
9550.0	1.2145087582232763	13.799178651819338	-45.95558850749001
9600.0	1.0816886732774686	19.688448758122618	-47.201048913731235
9650.0	0.911705518982355	33.85218481671568	35.35301622102503
9700.000000000002	1.49878290579918	10.18958572496144	-130.2810889884108
9750.000000000002	1.0565621196375565	20.049802831299726	172.387892212655
9800.000000000002	1.0006648941839404	7.730769543324411	115.9527268132902
9850.000000000002	1.4719357547130938	10.793443558318936	-162.79696703422326
9900.0	1.1907926456473876	20.3690870836969	14.84522929668883
9950.0	1.2759863821120987	15.585988885417098	159.15111754754093
10000.0	0.5574297151269544	12.57072918571198	57.38572954940692
