0.0	0.8771319099755542	58.078778172937255	0.0
50.0	1.1678635026548125	58.05726264191706	62.52501789633243
100.0	1.1659555334737188	56.81768275572354	129.86204929999795
150.0	0.9230277147018403	61.69781266452116	-133.1166493431487
200.0	0.9253058739247283	61.250023254412746	-41.009291364983326
250.0	1.105632723388967	63.93076740418998	82.07557107290118
300.0	1.1684064992514636	55.457135580712325	-139.9026702143533
349.99999999999994	1.1688123152620014	52.40942866455865	8.15885075949706
400.0	1.1604486668184997	52.13636774713148	173.60219100758312
449.99999999999994	1.0889827686639673	54.878880854126386	-0.1554370975448065
500.0	0.9921823660652249	58.91918652522081	-156.87736267082053
550.0	0.9537688846041625	70.67942521465616	70.869262122822
600.0	1.179729950371029	59.575302782782785	-50.896286614782944
650.0	1.0708632275786782	61.33405163209777	-139.78184924502239
699.9999999999999	1.0277389606233371	62.79003739992842	139.85496206524292
749.9999999999999	1.102715720119424	67.8450182394715	88.09947803310855
800.0	1.1531949784753364	62.14124685106191	61.17642118679317
850.0	0.9274439988876787	68.89393046112338	53.56442796759126
899.9999999999999	1.0212719660523473	70.451896321801	66.09863996504858
949.9999999999999	1.1000214645670627	68.30581005603655	102.04221166818202
1000.0	1.0797748988327143	59.21561982182332	168.884018907241
1050.0	1.077631219046432	71.89846840458704	-98.37090101682367
1100.0	0.9065791253852454	66.38027206156313	23.125043190061568
1150.0	1.0584939159530975	61.04568255650432	168.87888497536613
1200.0	1.107627341081612	59.52662822270427	-12.020378301112803
1250.0	1.0052627281377715	64.21020624646732	-158.9932200679992
1300.0	0.9737182647344012	79.07438359268548	88.4405312592559
1350.0	0.9222886432631753	75.85506032180434	126.61182333299297
1400.0000000000002	0.9750268202588022	61.0568094939881	-164.13426053511907
1449.9999999999998	0.9280573985190465	75.26674409430177	-61.2567702896629
1500.0000000000002	0.9326196492958502	79.83609041067085	-67.25472572764524
1549.9999999999998	0.9017554080208579	71.31563770946538	-119.01587607600499
1600.0	0.7982062901775977	82.985148209487	144.34875972901776
1650.0	0.6561885785603361	93.59725507323898	139.7427524102297
1700.0	1.3918761009494183	43.630746122067066	-175.45621285419688
1750.0	0.8391182068401425	70.59734461334165	59.870056235667676
1800.0000000000002	1.1049592842003366	66.46499335168171	-22.15135777643135
1849.9999999999998	0.9416044710629002	80.66459482658308	8.403180981431706
1900.0000000000002	1.2319163629571575	51.762094877977546	-27.521401678942997
1949.9999999999998	1.3430278070328918	58.71781211719489	-164.10890070363317
2000.0	0.933337782439061	63.6282424428456	147.74375523695008
2050.0	1.2859567252160176	60.11488722726072	4.915636640879879
2100.0000000000005	1.041319771934649	53.151802646582105	162.1725919899462
2150.0	1.1906977926202018	63.20913632191621	-71.15183033026463
2200.0000000000005	0.9449364720146891	76.17824833250741	-63.52028572719982
2250.0	1.4247678911288577	47.73269466688508	-131.84520942922697
2300.0	0.7918797464061784	68.41870023859636	-104.2469140231997
2350.0000000000005	1.2855331362180054	56.230068577247046	-17.76609289586534
2400.0	1.3268697360078936	48.597741046000344	29.72919060692304
2450.0000000000005	1.541024137930798	39.96780450936531	167.46121629455607
2500.0	1.5892171119639278	41.956349403335714	-18.667487081318367
2550.0000000000005	1.4367579917818067	41.76659118398408	-157.18246453212555
2600.0	1.4848590635647216	50.89734338869824	-88.21645634113871
2650.0000000000005	1.2754186801130942	55.58124449740548	-35.4639820314337
2700.0	1.4770898772291188	48.338186888696804	36.75727450910545
2750.0	1.7510253260555289	43.50151457267089	118.52269616513183
2800.0000000000005	1.5156680683411765	48.88022161981585	-165.2803013102675
2850.0	1.6414275205439044	49.15633496880832	-102.9346732960591
2900.0000000000005	1.4815978915158896	52.62900245801839	29.6283959570017
2950.0	1.6834042849118127	32.79168484950821	164.59133775282004
3000.0000000000005	1.3882581116509354	54.45256095310648	-74.7470218104587
3050.0	1.8031111536464526	40.65705140317671	118.038856714012
3100.0000000000005	1.4011340159378873	51.746423711410586	-1.503242052582561
3150.0000000000005	1.6685502181503966	33.64825427167366	169.6483381977649
3200.0	1.560683245730281	49.87885099998311	2.1045845639702705
3250.0000000000005	1.9994830261414	11.307499515682935	-54.48075733418898
3300.0	2.0687465962439844	22.006919684344727	126.14671555381184
3350.0000000000005	1.8022343873400328	33.57500979109725	-129.04783341273466
3400.0	1.537646217288732	47.36211881658148	-166.1783044214339
3450.0000000000005	1.8448956100069163	19.4326789101849	20.94367316993584
3500.0	1.4709318688327788	40.21478530519619	-33.25733210445607
3550.0	1.7737705717990848	33.58991389895709	4.579630269540651
3600.0000000000005	1.9302983244726315	17.467118454967462	-6.962996036762189
3650.0	1.676324315357805	24.644922802948457	-110.3402206877903
3700.0000000000005	1.6087910413580029	20.30959840754121	-147.64321495405386
3750.0	1.483249637458623	39.64965750600482	-25.24919578901532
3800.0000000000005	1.5066944290758355	34.69099300869821	-129.84851262022966
3850.0	1.3452975591942302	39.867182542663556	-30.382485919433194
3900.0000000000005	0.5842324750916795	63.0347584327939	120.63655220352462
3950.0	1.3904129154193163	35.05052011600305	101.62645987072759
4000.0	0.9641110088022292	55.26831314049996	127.60624072218157
4049.9999999999995	1.2121828788427407	47.435382093592565	160.43602511974044
4100.0	0.8966261690895377	52.76453690317997	72.15006557900178
4150.000000000001	1.4481664101894984	36.93625826110401	-89.50817828643811
4200.000000000001	1.5428851163662405	23.598617895428706	-162.0490591739794
4250.000000000001	1.4310989379884393	24.587447143616902	9.989419392689722
4300.0	1.326979650529684	45.73921643541724	33.63207314634819
4350.0	1.3219248483742232	31.13485237976899	142.9231686459962
4400.000000000001	0.595107525245169	63.10497294549674	-42.674650825795226
4450.000000000001	1.4136323832531057	38.07006613699305	64.09663028023832
4500.0	1.207195034772428	33.633016151916834	86.96298519741329
4550.0	1.2797350948893382	34.35915959491567	-98.42543684470154
4600.0	0.9518899121332725	51.634366816367205	-80.71897897202706
4650.000000000001	0.8139283412476118	57.295373144432226	58.00211220435368
4700.000000000001	1.3089663580841358	46.35927053050835	59.95239983832772
4750.0	0.7898954269493795	38.83688884500973	-0.3147268112343477
4800.0	0.6462488213145834	51.74022420855248	83.51544628877477
4850.000000000001	1.1210799974431298	50.178971390991	-115.49834167191369
4900.000000000001	0.7190497203970875	65.49176998506832	-66.97290542423887
4950.0	1.0938532780860521	49.83612123712557	-43.52107772352906
5000.0	1.0232929438285117	37.4453989634516	28.328597533471626
5050.0	1.1616873653819104	47.48205028581649	27.55979187607936
5100.000000000001	0.7648502265069673	58.92702322569806	112.32866178225584
5150.000000000001	0.5488349951111529	36.24110151286268	161.93352345029757
5200.0	0.6972391266371962	63.437355133964324	-132.32469894141778
5250.0	1.4194266743784827	23.758698608166505	-59.986977701881194
5300.000000000001	1.7145303288347795	10.195321028008587	-28.3369779646781
5350.000000000001	1.742153877144948	19.866028280920368	164.5647237573185
5400.0	1.333286181180467	25.469947810569632	-99.08800228827897
5450.0	1.5803441304972397	4.818542604413646	-161.32530824661865
5500.0	1.239734675466914	45.416913379045795	-49.95183981728101
5550.000000000001	1.195399580448626	49.37552637187791	-70.73023729718062
5600.000000000001	1.0711601501476478	40.03162788100983	-39.00679531136122
5650.0	1.5218341493526297	29.92480041046663	-105.82793535401649
5700.0	0.8119987616079174	58.21514848921158	-79.25725704646038
5750.000000000001	1.4015182184046149	35.77803170230281	-112.93698076773005
5800.000000000001	0.6767027300754835	43.315930791944716	113.17578911235056
5850.000000000001	1.72697316918459	23.446906387941894	114.36088692529273
5900.0	1.7079206405695606	14.985400059974088	6.816988956467469
5950.0	1.627321498364381	27.742753363321143	157.7825370697155
6000.000000000001	1.6092910743813456	33.850869201321345	26.567383214368608
6050.000000000001	1.305419860672961	31.961063213410927	-175.22305402878249
6100.0	1.6012486175650753	13.432934112501352	-73.76096966860376
6150.0	1.6275068492445894	12.919947629026506	62.933763976273355
6200.000000000001	1.069682689330082	26.165957793688523	-10.158343805112018
6250.000000000001	0.679322155556664	43.0310296942533	-34.726228128149025
6300.000000000001	0.8439911178857619	36.52824320089252	174.06420340888906
6350.0	0.6717367344341988	24.23429683332878	142.04798152355593
6400.0	1.6482712332269656	6.977191224014851	56.78375876856484
6450.000000000001	0.4983618290769536	34.0011713609759	-49.23635179150664
6500.000000000001	0.5809220244942929	34.11243303255367	-146.40358993396285
6550.0	0.9965710993078088	29.243744490850318	109.1498373774949
6600.0	1.2374488144961142	41.493577205130734	-55.46810413502373
6650.000000000001	1.3137866187195602	43.54086387892673	-11.478896301852172
6700.000000000001	0.9582157341821368	27.164696191226025	-14.26054238727328
6750.000000000001	0.8414169554394912	41.69808399437052	120.79495575760498
6800.0	1.131872301747545	44.6265687032556	-55.70953713594881
6850.0	1.2257116690449834	41.16823229221739	176.56256735136358
6900.000000000001	0.7150487013002987	28.117764341905477	169.71831060557085
6950.000000000001	1.5315159316059404	9.493139438657469	109.14930936945213
7000.0	1.0681890995544008	29.20446803731403	-151.09557497536434
7050.0	0.6297350019172889	38.0445805259229	62.18958631386686
7100.0	0.7442683301233645	47.273973121391	130.95181590884098
7150.000000000001	1.3734365146080394	35.32521897281607	68.30631517721322
7200.000000000001	1.3847093201911118	28.973067491934312	-165.9784259838427
7250.0	1.1451768374988354	36.036953927290604	-179.74879617272168
7300.0	0.8061383733504845	22.456905506142903	44.11327661222427
7350.000000000001	0.3303844200899073	36.47434480921511	176.61008111341522
7400.000000000001	1.5302366097811115	23.85931027124527	-150.3755068693821
7450.0	1.5112702737188741	32.180989417036336	-23.905841269217262
7500.0	1.1276274464019724	27.81699680815392	-47.360547547366686
7550.0	1.2549872388102283	33.30942756438165	-73.82935412035538
7600.000000000001	0.6627417373155271	34.72281180555552	12.620519842874925
7650.000000000001	0.776324186983252	13.769035031063913	-129.02960726426605
7700.0	1.4894072103932523	31.74813639511937	-161.09837474392103
7750.0	0.4896645393446868	28.808684639874013	-27.645005832287247
7800.000000000001	1.4573377041788742	19.98104724241921	6.097216915036319
7850.000000000001	0.3423173168648024	32.22443619891102	-22.748167485478632
7900.0	1.5160520641545583	28.362276179783144	-40.73059228359095
7950.0	1.3411504826312748	19.090690153116714	-18.290404802439873
8000.0	1.4606421692374703	21.258839824282642	-60.957085115626
8050.000000000001	1.274256576319836	36.414787290506375	108.3023958170955
8099.999999999999	1.2510411358471791	38.875043627584795	168.80968059436634
8150.0	1.0178161999273518	45.655155807815255	112.87227949855028
8200.0	0.8119952385037429	43.54181451548242	25.70165108630739
8250.0	1.375219712361493	34.469369797576306	92.2215338401036
8299.999999999998	1.2654678780546025	40.10586630941706	-101.16240290244929
8350.000000000002	0.8435007730384788	38.81635661975008	118.09300533929247
8399.999999999998	1.3254722463113926	34.815790037631835	-101.25774473936384
8450.000000000002	1.0435755105500788	37.00627453187583	85.94242549578027
8499.999999999998	1.0069644855322306	38.17951741884489	53.84323397541133
8550.0	0.7124038873300113	45.53165776569783	21.28077960381308
8600.0	0.605570362813092	18.503669630998086	-70.26114373498842
8650.0	1.079651840341752	20.049759649585006	100.38927457107398
8700.0	1.2050218166141953	21.15459006297468	60.192157261382256
8750.0	1.1273108397890192	13.84117777520499	61.36980358728326
8799.999999999998	1.3658585252051476	11.99536594673545	-3.6319284974637487
8850.000000000002	1.456629467404988	20.710893197026056	59.21833151365324
8899.999999999998	0.8793390467317853	27.241774980159786	172.45231416687028
8950.000000000002	1.3258395542321588	10.547325700802148	-59.08260881186042
9000.0	0.6112794568145002	38.89985571452831	-10.059469281732904
9050.0	0.43920162806011004	12.503299226638067	138.20644508266267
9100.0	1.2691979974323953	20.389384326182526	157.3539036419933
9150.0	1.2020058007003775	2.8642020641242527	48.7332242662683
9200.0	1.1806415186113115	29.969316705146866	49.20337033709933
9249.999999999998	0.6226153103940257	44.31999940909595	-170.45093107749895
9300.000000000002	1.03180004824941	20.19969467270523	-91.58254040921702
9349.999999999998	0.6918795949802306	24.622180778153346	-3.1306750457200625
9400.000000000002	1.3302239731631726	20.211827293434403	-152.08283570466992
9450.0	0.9242146055016158	42.44694851831276	-149.0928775505717
9500.0	1.0114132404275338	33.320868092287405	64.2313212675088
9550.0	1.21099682587456	26.093974025164993	-53.49198206555163
9600.0	1.139385151274366	18.783554116623865	147.27261071472861
9650.0	1.4228843851477282	23.807721345137274	106.69464787942978
9699.999999999998	1.2196533046496554	23.92058601633575	109.87151263049299
9750.000000000002	0.9002227368787631	42.113141267811244	-138.26146000815172
9799.999999999998	1.2815578106450347	27.551929810432004	168.27822986231064
9850.000000000002	0.6634269696341554	42.912054661696146	-110.01952923606187
9900.0	0.8874063300982374	19.22055612884656	-63.27496181883728
9950.0	0.9998133081257076	26.780513439571894	-111.06966051923321
10000.0	1.2432826622187894	14.087297992495543	-172.90309666294445
