0.0	1.070660077211246	2.587637447728775	0.0
50.0	1.0456216997521555	3.060295905081933	-124.2162638608408
100.0	0.9914282771803078	3.2223926577891504	95.30037376826516
150.0	0.9449228420008411	2.610537177289688	-32.53346918986314
200.0	0.9319322065441406	2.901804470391259	-148.9617335021694
250.0	0.9530109615490855	3.1435220773469155	72.791466473791
300.0	0.9928363079798076	2.3144862409205125	-62.87607245516302
349.99999999999994	1.031209874158841	1.8482934127635724	-169.13696810941556
400.0	1.0568729527288976	2.409934795150688	70.22520655770104
449.99999999999994	1.0673568382977627	2.4905745236080876	-65.32406542680724
500.0	1.0639888007224831	2.3065023916147194	169.2167516504066
550.0	1.049859326473266	2.636849304123815	41.723820609617555
600.0	1.0285902655388062	2.6259139289031905	-100.60046815864726
650.0	1.0043456013835486	1.6662489610253894	123.10331140536334
699.9999999999999	0.9814707285208708	1.332206685653908	40.10673866870914
749.9999999999999	0.9626252232294233	2.3933296348537967	-83.79986023730073
800.0	0.9483300525001908	2.682614704650237	132.5304569670443
850.0	0.9388435328319248	2.246357173846365	-1.6108887570994552
899.9999999999999	0.935168969124315	2.0269576638353732	-121.00962618439416
949.9999999999999	0.9376310228926831	2.239279636177348	116.69226026453734
1000.0	0.9435399565912017	2.5786328880023506	-14.968605321770184
1050.0	0.9471784214732765	2.638303748901202	-156.61835142542958
1100.0	0.946446315513962	1.9536498014680064	63.19835702306321
1150.0	0.9476600547879045	1.3858636903841524	-43.28285608563348
1200.0	0.9537327920610176	2.0962204905207025	-164.24368868362774
1250.0	0.9553031208064404	2.191609929481501	42.96139121229553
1300.0	0.9492245603674901	1.1030985609616288	-89.27914204845354
1350.0	0.9499864103456837	1.5729585913838116	-172.91559494745175
1400.0000000000002	0.9531875199019645	2.2230544631517914	34.45074583036442
1449.9999999999998	0.9457864068118651	1.256466732120257	-104.40315594343521
1500.0000000000002	0.9459241258819447	1.6868216468551216	173.2627410026124
1549.9999999999998	0.9474048080697987	2.2536997722976917	23.32146614517095
1600.0	0.9403596132480125	1.216354505535126	-91.81990534985849
1650.0	0.9453563908972741	2.176893026293148	163.99664263156137
1700.0	0.9417379890249187	1.5841694233858152	14.208141699417004
1750.0	0.9447591622984559	1.3240825908326441	-51.96595272438987
1800.0000000000002	0.9498189269380621	1.7104016696943722	147.37532693586243
1849.9999999999998	0.9530601907320146	0.10659810811027762	-150.10471438407578
1900.0000000000002	0.9670774019776609	1.0224816592911745	-60.046077677918824
1949.9999999999998	0.9744239542003533	1.1144554113362906	57.29289960657262
2000.0	0.9946858089571494	0.14586390428700147	-170.18444323334126
2050.0	1.0072518314936758	1.3432280676451733	-151.17358091547652
2100.0000000000005	1.0263200808706883	0.47733438640679454	45.54289585762828
2150.0	1.0407206139292575	0.9898394344621977	5.469062705400659
2200.0000000000005	1.0488937031376262	0.4043165541639176	177.1775890837874
2250.0	1.0559440233450437	0.6245724561287214	176.36806324428693
2300.0	1.0470317899934112	0.41317219969770475	-32.10231857604506
2350.0000000000005	1.042512309896532	0.8416497932805342	-10.091655555466273
2400.0	1.0185684118482141	0.1475845934906999	135.3239183653511
2450.0000000000005	1.000896607727333	1.1176095277605045	154.3688608250728
2500.0	0.9848480423904263	0.7273174616293514	-166.98678405219488
2550.0000000000005	0.961012173039134	0.5367980259091696	-115.75317011958475
2600.0	0.9539746064511854	1.0257752207173905	16.32433459103417
2650.0000000000005	0.9548001857688322	1.6257853001688543	-3.7881305202120927
2700.0	0.9552660263156298	0.3167313596091038	-10.945520728634937
2750.0	0.9717083849990509	0.7182706511467828	124.18430462653917
2800.0000000000005	0.9971834451355038	0.7723167056357638	-168.67189473195097
2850.0	1.0155850999182527	1.1410309051007808	-163.44814878393726
2900.0000000000005	1.029969227586626	0.25354439063592005	-156.6144803481782
2950.0	1.0447107636774424	0.5247366982451697	-29.79450403714247
3000.0000000000005	1.0480651112047077	0.6991841493646936	8.22542738137959
3050.0	1.0336569152744985	0.5268273169210875	3.4455855959245905
3100.0000000000005	1.0103643719470932	0.45634391622612597	154.87293088371078
3150.0000000000005	0.9895146603683984	0.9132730618099213	143.85154248400863
3200.0	0.9738240934842658	1.0440579632240887	-171.59533513412504
3250.0000000000005	0.9629876202524321	1.5178163240747724	-177.3408343494295
3300.0	0.9591450281254305	0.9125902222734041	173.8282316861742
3350.0000000000005	0.9671401327653113	0.671596719743953	-139.17911542703104
3400.0	0.9873374620296762	0.2737493850818652	-137.48828412104126
3450.0000000000005	1.013592759106814	0.47962864062301547	-24.32850736550531
3500.0	1.0353354239237655	0.5441425856894611	-15.092521381727348
3550.0	1.0439648654226594	0.8509664252467315	14.9821267003376
3600.0000000000005	1.0366123133475655	0.7838440851418814	-10.097373138321986
3650.0	1.0166124023617815	0.25322928828564767	40.16291686492564
3700.0000000000005	0.9912451114366926	0.5273096318150737	60.11937786315766
3750.0	0.9692650732741377	0.05252590058806321	126.78452802561091
3800.0000000000005	0.9591546553233187	0.5214416517950796	143.7221867084484
3850.0	0.9646649818704919	0.42191507831449127	150.95062707088223
3900.0000000000005	0.9837358719382886	0.7114173218591008	171.49434827541901
3950.0	1.008827125647562	0.6882585033224083	151.20527652841946
4000.0	1.030083768966565	0.620963362815853	-168.15730190949327
4049.9999999999995	1.0395981125498395	0.9793670438035549	178.29098699662222
4100.0	1.0336575780914434	0.777625922438883	164.8737400077293
4150.000000000001	1.0146683217335737	0.8952098137566507	-168.2865030846503
4200.000000000001	0.990728541139979	1.088692755260065	178.44472316016615
4250.000000000001	0.9725860511756353	0.9996269486027494	-172.08581815785632
4300.0	0.9686810596740671	1.306886817125381	-170.90212375626265
4350.0	0.9807366128859817	1.0847242839370996	176.43456784260425
4400.000000000001	1.002984522445545	0.9617102762821138	-158.61307013361107
4450.000000000001	1.0242756210820383	1.0280164908616283	-168.49937305956524
4500.0	1.0340740107404356	0.6029537019422032	-176.13280116283516
4550.0	1.027427105122589	0.6579187657439673	-154.22822838221367
4600.0	1.0076786586601398	0.691741774251227	-178.08712049291148
4650.000000000001	0.9852981235671255	0.7239476433577969	-162.40706613451894
4700.000000000001	0.9718182549940121	1.203791308842089	-168.48467212409855
4750.0	0.9747080785312396	1.1414022712486243	175.9994164535899
4800.0	0.9930507479817425	1.0706891623310932	-166.00416829019204
4850.000000000001	1.0165978379195266	1.131267448880401	-174.6176160667252
4900.000000000001	1.0321330408409404	0.8016533286351064	179.83224744280486
4950.0	1.0311378275224121	0.9422332545422971	-171.8508676034835
5000.0	1.0144322309820193	1.0860492616144308	168.982220898297
5050.0	0.9913956240576033	1.0417103194974862	179.44560558506504
5100.000000000001	0.9755933955825312	1.3222687938522808	179.70322776403947
5150.000000000001	0.9765358218091326	1.0048609143512304	161.5747388892982
5200.0	0.9925749997198694	0.5632285970975985	171.41171283770177
5250.0	1.0131857268320983	0.5121375084698857	145.8187706782165
5300.000000000001	1.0246933162699896	0.3265975937507204	113.48863111792194
5350.000000000001	1.0184983637144167	0.3239064500236833	153.00012905153613
5400.0	0.9989702092544829	0.4634758696867004	101.30697437089711
5450.0	0.9794908306271827	0.5431131734355359	21.661615317987764
5500.0	0.9733768501020799	0.7654041856902758	10.241342025524638
5550.000000000001	0.9859088595250174	1.1962127082709326	13.115461204784927
5600.000000000001	1.009189527731535	1.1067452813115637	-1.664397454446079
5650.0	1.0267452669541222	0.8626977693132519	5.8615159466344915
5700.0	1.0267251214033049	1.0403683994742907	-5.2359538167623
5750.000000000001	1.0085654499572236	0.9327012049035521	-22.582283737995603
5800.000000000001	0.9842445797692754	0.676216361352957	-10.357350582326442
5850.000000000001	0.9719445865790576	0.42248996476688416	-51.9113527457811
5900.0	0.9800153705672271	0.6126494135375152	-150.5936757334268
5950.0	1.002978604222874	0.7617718724283011	-167.27125647822854
6000.000000000001	1.023334615748676	0.9476319335957037	-161.20047700573352
6050.000000000001	1.0256092811073607	1.0525302130745995	176.09640274709417
6100.0	1.0091382808345968	0.9982534012511164	172.86346171312675
6150.0	0.9859329789978724	1.0949283560094458	175.66140388831295
6200.000000000001	0.9749771815648592	0.6512648792830362	144.79867837064907
6250.000000000001	0.9844923915540357	0.3232198032156602	42.43655757862705
6300.000000000001	1.0070263907782095	0.6282855622873212	28.72885639327164
6350.0	1.023329271414481	0.9442361857670832	16.294696552964297
6400.0	1.0199965815269216	0.9995402968323959	-6.238087782505494
6450.000000000001	1.000372712545585	1.0923469908847818	-0.7477180714874899
6500.000000000001	0.9806993332298156	1.0524968955503862	-11.34987219499874
6550.0	0.9787163666362894	0.3990743880707956	-64.86066013059596
6600.0	0.9960332545517775	0.4919003736642829	-155.7390273833011
6650.000000000001	1.0175764853687645	0.8241819338814327	-156.31755573198532
6700.000000000001	1.0227711657061778	1.0702927834208018	-177.77580623353498
6750.000000000001	1.0075733605141999	1.0762032350543493	170.77183294187014
6800.0	0.9851314748101004	0.9688808271061727	174.39097820884066
6850.0	0.9775016357324484	0.4699413968363293	126.33774875995884
6900.000000000001	0.9921968175770348	0.7067591694505702	23.82690046057768
6950.000000000001	1.015442514357281	0.8794807621081505	10.109548623924361
7000.0	1.0232125476028238	1.079780343423053	6.219299953725182
7050.0	1.0080256338380322	1.1497886093649976	-13.92614664998805
7100.0	0.9846098622358561	0.6237056957328261	-22.940145946039923
7150.000000000001	0.9781404615855922	0.2694967986229437	-119.35103435973895
7200.000000000001	0.9955249142351954	1.0174033803401252	-159.7970323384911
7250.0	1.017747627097477	1.1389125583134745	179.88527532651693
7300.0	1.0205724579245707	0.9423693033016404	173.95536872651977
7350.000000000001	1.001282017538799	0.8389008294241933	162.31653271075325
7400.000000000001	0.9820550162812134	0.4170205456152309	78.15191708720641
7450.0	0.9843449758083833	0.9820785142041398	7.117428362176223
7500.0	1.0042136088534985	1.1406509064565606	5.223742429443436
7550.0	1.017768323432433	1.0062870133997024	-5.191715597120476
7600.000000000001	1.0113849204499068	0.638344255545796	-38.21820694497539
7650.000000000001	0.9938566642163712	0.305565993750503	-130.57145878242898
7700.0	0.9861439815628912	1.0147455377852599	-166.99268796901092
7750.0	0.9941865562535622	1.3697946200696474	-179.74980821226964
7800.000000000001	1.007019397619	0.7723093322795856	157.09382859300874
7850.000000000001	1.0119621373838257	0.24345156144330807	114.40543620744543
7900.0	1.0056379987681299	0.550029930136324	34.39614985564499
7950.0	0.9946206196049955	1.30765479014377	5.600239390611789
8000.0	0.9886245845407146	1.1930299892751444	-10.915303187247414
8050.000000000001	0.9951638095926741	0.39152374230161974	-35.2051357794681
8099.999999999999	1.0100405712939629	0.5272685254137256	-137.25839529122862
8150.0	1.0149150571340289	1.0480872311811928	-170.9700829623729
8200.0	1.0008637326151253	1.2408718660537825	172.36585551373858
8250.0	0.9838571270662948	0.7413852865206677	166.16100808073787
8300.000000000002	0.9891081597027824	0.47151319587427737	53.241341530754795
8350.000000000002	1.0115474066470498	1.1187611528039556	12.344331022500691
8400.000000000002	1.0184358437756704	1.1382251187838819	-6.8033094651257136
8450.000000000002	0.9992518701202507	0.8584843517129608	-13.74745252498909
8500.000000000002	0.9826513453856219	0.3713160209583455	-102.9321384236971
8550.0	0.9930007930331147	1.1979346324244262	-169.1790036491215
8600.0	1.0121697518690502	1.15604902952918	174.94387181500142
8650.0	1.0121988575953884	0.7200026131890453	164.56287920961603
8700.0	0.997413448934415	0.38788738338567286	85.19673311139199
8750.0	0.9906688416064064	1.1986001613111628	10.271564537657747
8800.000000000002	0.9961601790157428	1.276796895267837	-7.094372742284399
8850.000000000002	1.0041019823178015	0.5254657257815736	-24.703076837023357
8900.000000000002	1.0089740033914998	0.450954981424162	-128.25732902402166
8950.000000000002	1.005007164577289	1.1732372511768667	-172.00306454191687
9000.0	0.9924290001112492	1.2793472610523189	171.0777905974617
9050.0	0.9887323655135417	0.4047172515875054	140.16715617828555
9100.0	1.0054583573454257	0.7486738111919782	27.736839987495042
9150.0	1.0165631806248172	1.2534982144103046	3.4286717308469554
9200.0	1.0003991040618283	1.100983900331822	-15.807546084644697
9250.000000000002	0.983495055272444	0.26524788601945887	-84.53467817446393
9300.000000000002	0.9967023382627875	1.0483374043434213	-165.20875027569843
9350.000000000002	1.014753477484342	1.2732014660457216	179.58284098177725
9400.000000000002	1.0069380213753343	0.7766969554567199	150.76585489735984
9450.0	0.9913916739135631	0.4828105384227835	34.55719177944012
9500.0	0.9939546909715727	1.310443386968766	5.778875592570868
9550.0	1.0029547128369276	1.1000990821742018	-8.524607412635532
9600.0	1.006140160268935	0.4189347841807434	-80.07738007046824
9650.0	1.0050447208978177	0.9024506290114115	-168.57481896543328
9700.000000000002	0.9968803154550261	1.3567486708838903	178.83015200397412
9750.000000000002	0.9899744070796188	0.7003777930110606	155.9527218017526
9800.000000000002	1.0030093483032803	0.7533572783139048	32.65408993749126
9850.000000000002	1.0150149614699446	1.2682795455488987	0.2567692375352202
9900.0	0.9987589938836701	1.0515608797701055	-12.895353718122236
9950.0	0.9848594442018592	0.3249552400053735	-107.6414195564854
10000.0	1.0025737161826112	1.253758876671545	-168.10225751439236
