0.0	0.9558218034451146	41.750297133714135	0.0
5000.0	0.9062412079027052	77.94845937283382	-164.47799145899594
10000.0	0.9382089736007988	80.27971872290385	-154.64645204396882
15000.0	1.3627629520611775	53.056128959788595	-12.323926395033821
20000.0	9.226839957450842	107.16611593043297	-35.896224890260314
24999.999999999996	9.666384141056936	56.45271474258542	-167.88996502566545
30000.0	9.2079120524633	115.41968898411154	156.34099899638338
35000.0	9.213399308516877	92.04302459713105	163.52671859607523
40000.0	9.252763783897775	107.80247624663733	148.3943126616743
45000.00000000001	9.59404347447672	93.78952542817505	103.2796560992891
49999.99999999999	9.356065843896438	61.531127404184936	1.177489302232294
55000.0	9.443298779709664	69.38112605909399	132.59058879464817
60000.0	9.403092638439979	78.63881274110513	119.89758613684445
64999.99999999999	9.708110078330076	85.65499038753386	118.18181597617036
70000.0	9.608517880441466	47.39763753936818	-88.92386743251072
75000.00000000001	9.123421221433064	149.11372638247803	-74.6757797733237
80000.0	9.211215792557558	69.73908452775973	-74.15748574071225
85000.00000000001	9.37354572609976	116.86494132177799	-179.40677712349083
90000.00000000001	9.409327745740129	81.58503807169753	-35.81962812936223
95000.0	9.134947399283096	104.14693132819984	-146.26182346351902
100000.00000000001	9.395452340947006	81.46936538054423	162.3995652367628
105000.0	9.090565208576566	124.11225276744516	17.799838148349224
110000.0	9.21418323984485	82.59337970128774	-118.88851775493134
115000.00000000001	9.076502444058534	113.11017099659453	-107.89130945608832
120000.0	9.312829426505429	102.25424560248553	122.19921224782121
125000.00000000001	9.395425249449316	81.8444545527705	65.32868917478291
129999.99999999999	9.197025002766715	106.54520174476725	102.96921971095185
135000.0	9.322313846947551	78.44308499156807	61.5561225216401
140000.0	9.06615612754539	121.64805776302462	18.688040910466018
145000.00000000003	9.075781783529894	110.63805192666933	-60.01264210991763
150000.00000000003	9.101072614670395	98.91906996173857	7.724081896469304
155000.0	9.373778906623329	24.18611856662917	112.8488232751703
160000.0	9.32397844414076	88.83882945029539	-173.86805771194176
165000.0	9.57701578252777	60.55090367698627	-31.520236345396615
170000.00000000003	9.289211655903836	112.59332832599813	-147.91979054328988
175000.00000000003	9.493719697758772	65.38079748207899	-132.43996199995271
180000.00000000003	9.383509441814994	89.32871467028242	1.324994806768844
185000.0	9.101756084009907	109.6799468558243	-4.5028978898644505
190000.0	9.140377656829829	114.08364719373321	72.40006471141716
195000.00000000003	9.202609625176676	117.37935684954445	165.21884395695946
200000.00000000003	9.198827886673474	82.04541709529212	-21.879222343554794
205000.00000000003	9.35673481702452	99.38449415342335	-172.95323914063243
210000.0	9.347513881033478	95.0715002853091	-34.03674436645486
215000.0	9.301242551164705	72.11360940795684	-0.40577542449815235
220000.0	9.307647394556374	83.74057288536139	68.62280939700904
225000.00000000003	9.282589082114749	92.61162623829632	35.00824599623964
230000.00000000003	9.035497353426742	100.63546783543616	-109.70739095333951
235000.0	9.228710124007199	55.069104183409465	-132.34453243579026
240000.0	9.401272013150527	61.99558456299939	-20.6963237645038
245000.0	9.593107030237736	80.62917704015976	-118.62887106687158
250000.00000000003	9.175198527224751	128.43247569594962	31.58888807270552
255000.00000000003	9.267937509257917	86.52776468186471	130.12121170945397
259999.99999999997	9.301190936804096	96.13151487935443	63.14695072320954
265000.0	9.580888797801137	101.21772805329097	-110.19941982485307
270000.0	9.30685495895723	80.50024924964224	-8.67087386859168
275000.0	9.30217077582209	68.85999330107099	156.02787475925157
280000.0	9.324792412027376	126.49746516236658	-26.804480200157105
284999.99999999994	9.036664885739006	118.64491471907616	-78.5826059737799
290000.00000000006	9.272148271752974	51.47315531842031	-106.92997655234932
294999.99999999994	9.641119580714188	84.97602220840214	-102.32708537092394
300000.00000000006	9.332265205693703	98.87897189909492	-93.53803483625599
304999.99999999994	9.225207135322231	118.75031187822827	-39.767443303419434
310000.0	9.28652533015486	114.70224275228408	140.63432510814783
315000.0	9.111103219155877	113.63142449596033	146.6378895525414
320000.0	9.039738028414511	134.29149285660523	-144.59706774284845
325000.0	9.11731151982729	97.16786296424152	165.1701705851588
330000.0	9.403222118317029	50.96570196790326	-142.07102893093142
334999.99999999994	9.20626412635245	133.1759438623434	-146.26105622572328
340000.00000000006	9.506219498554938	97.46241906397437	9.394024332520797
344999.99999999994	9.247672086594442	103.1368483808173	-62.9619165628294
350000.00000000006	9.200794630046197	94.36495522108103	23.625869348271955
354999.99999999994	9.1340021826845	100.75923469709885	52.113185519530795
360000.00000000006	9.413588656654367	68.45316907225437	60.70086554762126
365000.0	9.060506931813181	123.42740428725854	-164.487921108101
370000.0	9.224904643295222	112.70614707650358	-112.63291177320014
375000.0	9.84667660444763	55.574355377488885	10.777161029071056
380000.0	9.542248319219334	76.37323776828515	-45.23647656824079
385000.0	9.069188343821882	123.75759404526858	162.96247382669551
389999.99999999994	9.06936219933441	151.30514455610168	142.73395059848593
395000.00000000006	9.205758139118126	108.90332582635145	-42.516853294803255
399999.99999999994	9.211024602548939	88.29196696908589	-51.762399109319084
405000.00000000006	9.21836235822495	109.9455655344962	-164.56336632490726
409999.99999999994	9.123421745216666	98.16558898797899	-54.28314217479948
415000.0	9.455142021768722	59.69502061395984	20.9156930707523
420000.0	9.255156402407524	110.00987159498136	26.270084142759227
425000.0	9.181774511429461	98.50521756817719	-154.52438015347647
430000.0	9.37979461862772	74.99253938632432	-91.3120765793369
435000.0	9.351967556938028	90.43963429588094	-134.10166508681294
440000.0	9.310979168665824	100.06987835026992	-164.01448581094806
444999.99999999994	9.255969228487167	93.6356200940841	-20.900400269561345
450000.00000000006	9.47450110494388	62.28542270950942	85.3429476694999
454999.99999999994	9.205870165896975	63.99430045367122	-141.37765895869296
460000.00000000006	9.592129355695635	54.96560363901434	-166.6762756160573
464999.99999999994	9.463119649615821	84.70364351112933	172.48083547851542
470000.0	9.083588048629926	122.73388148244094	-129.28500837203796
475000.0	9.171738490274759	89.34355923698008	62.41138359366288
480000.0	9.421360644310543	74.71940198212944	171.72724863379463
485000.0	9.16478293508473	113.87280155453679	61.92026092340684
490000.0	9.04608098028229	109.92313380345487	-167.0404069734794
494999.99999999994	9.373653727545472	85.62425918045889	-124.77656360378556
500000.00000000006	8.967468556688704	130.30208403395403	-73.80156811273828
504999.99999999994	9.28136700821581	75.37679362478445	24.593182642429326
510000.00000000006	9.05612703051067	119.26237192918951	133.9576340688491
514999.99999999994	9.11305342741582	129.4535282943702	-171.96984522443915
519999.99999999994	9.145106169510154	113.34622842003982	178.0254631543789
525000.0	9.218779097813519	97.78109890440156	-0.6217505937737439
530000.0	9.18842752366759	113.92290994644576	-142.60252433307255
535000.0	9.06128245769734	116.10835542795131	28.737702860267216
540000.0	9.12571570300861	111.3392640311707	93.03947672143806
545000.0	9.500656359009026	90.8728120939242	-133.50149765631403
550000.0	9.519769531356156	118.6269214944468	107.50905843901832
555000.0	9.295172312946713	80.51660959900437	-69.72284081972143
560000.0	9.705995014865968	41.740788317201215	158.86431921461843
565000.0000000001	9.621799957720485	43.71618494215714	-67.44744481784994
570000.0000000001	9.26594229680763	95.925406991555	-0.44180970723163115
575000.0000000001	9.263377100967674	85.13593973758378	-15.849440369332335
580000.0000000001	9.122240687554608	118.94830248622522	24.766455837579045
585000.0000000001	9.324129863751153	53.6769459794431	96.7900396982551
590000.0000000001	9.147908715766157	96.71875406081408	148.6173064313982
595000.0000000001	9.678835433390633	81.2967566112473	-123.00224233500931
600000.0000000001	9.785005686748773	74.1240902018063	-59.34766430048487
605000.0000000001	9.00247246283881	113.22510372133728	-107.30438218652911
610000.0000000001	9.10934326747961	118.12537668512893	-32.03385544810092
615000.0	9.390073511151032	104.58384969637432	75.64510193961453
620000.0	9.03471572899368	123.10529664094423	-13.256543402674163
625000.0	9.346165719429356	90.93573668518736	-119.81606856492976
630000.0	9.17114901132275	74.1781532350118	-51.47303504569867
635000.0	8.987655655887215	107.33212340869854	120.09006100017815
640000.0	9.455771438963094	74.09273225521741	55.271597003800636
645000.0	9.23475039830849	103.05891320692987	-170.61162989187628
650000.0	9.210029718402955	110.68298035276094	-24.966231806972925
655000.0	9.462750633772513	84.16552372772952	106.81557844198962
660000.0	9.359498534353826	127.30128956778132	30.593357462467544
665000.0	9.35923783353076	106.80479493664443	-106.04571631324625
670000.0000000001	9.284376671881017	91.93194402826427	-105.4243122055466
675000.0000000001	9.227769691444868	107.30400087703961	171.11429756219687
680000.0000000001	9.298728150295945	94.65625926991129	0.5654782463594523
685000.0000000001	9.148315957237408	105.70624637881082	61.45983172400546
690000.0000000001	9.346808781080995	80.35631361943051	38.78942729227625
695000.0000000001	9.084385683580559	127.76174019014046	-138.3613057066999
700000.0000000001	9.356326566386214	78.03426983631407	-116.43231442938017
705000.0000000001	9.726318339189296	83.9935427705429	-129.06758486914265
710000.0000000001	9.39565558926618	35.7949518348332	126.42244392606419
715000.0000000001	9.197007475285865	86.19102301474162	-150.8113542100571
720000.0000000001	9.28485721364967	99.26443044771425	115.73440175908739
725000.0	10.041345882248915	78.93270508586924	-71.66938626691737
730000.0	9.664810071071406	79.19026677643706	-45.52345573464879
735000.0	9.1699790800642	58.76875017906185	82.44260308425609
740000.0	9.278518478614687	105.08869124533474	103.83528372281941
745000.0	9.028808950093113	144.49223640039432	-132.50149606382547
750000.0	9.342500608818103	104.39538222845195	104.89814092671953
755000.0	9.380447280901688	91.0144446496167	-49.667229630169906
760000.0	9.17162627898659	109.39790324684624	-22.20542547750184
765000.0	9.57832359202554	107.4948288914265	-39.510375978271455
770000.0	9.106847734342056	108.09751667877565	-108.3429071439256
775000.0000000001	9.359786571374965	119.35328670780117	-109.33607384189764
780000.0000000001	9.54123732441675	89.91171442823621	-124.49493082653962
785000.0000000001	8.992908081561287	116.49808736908851	93.97618784414571
790000.0000000001	9.151433022711227	105.83826710855081	-163.92228494512642
795000.0000000001	9.489190801601033	73.25539596905428	155.03610868488846
800000.0000000001	9.012886067344029	135.80347483256637	-132.86695951948104
805000.0000000001	9.541232246729686	93.07043641321303	-76.91153391500801
810000.0000000001	9.364885426575082	95.24642655786649	-86.88013769563875
815000.0000000001	9.242150982948749	87.65774412414905	-39.994006888250226
820000.0000000001	9.33727872322125	54.46466747554345	-152.54262131695427
825000.0000000001	9.10773993554855	92.12774490348406	4.030977893731122
830000.0	9.804478360454675	118.28663655252346	-36.85819811853765
835000.0	9.579204562723238	70.78055763356053	-131.61916293700392
840000.0	9.305334823712496	135.9257795300986	-116.90066728507382
845000.0	9.822544733972308	19.966293357304718	128.14196179796855
850000.0	9.369286417423602	81.76029125125883	-82.44610081691383
855000.0	9.520877637284572	78.61258991981785	-26.429800274306572
860000.0	9.44031177921022	56.98268341100515	-30.23024420496927
865000.0	9.43854328744856	108.9141499738436	-120.69365331496977
870000.0	9.170194911011714	97.2501612746185	-98.75061974972232
875000.0	9.196663465640489	110.20370334568865	24.060559560832356
880000.0	9.33435451564251	62.89407853342725	170.34073530259928
885000.0000000001	9.614604717284422	73.14954872840681	170.89412521998474
890000.0000000001	9.442318266561829	66.9172077707233	133.03981177449364
895000.0000000001	9.237910227572804	130.39343410473094	-129.36933768087312
900000.0000000001	9.102543039992645	98.65710494786586	-43.21000458021039
905000.0000000001	9.193416019550767	111.00577742520194	31.147961564155874
910000.0000000001	9.090989454278425	133.9184192930541	-29.49651213037326
915000.0000000001	9.104421099282163	122.16411996872924	-114.77021488160672
920000.0000000001	9.388762835922309	88.15562622459689	156.1914975738204
925000.0000000001	9.381789669774234	63.34441795911205	21.076397372629646
930000.0000000001	9.159860407261666	137.54553867820778	-122.01060215802111
935000.0	9.316895993226254	111.60198251240693	103.47814831512731
940000.0	9.217534753487136	95.73401074521288	-114.76758068886267
945000.0	9.31043663462721	71.38575097556037	-143.29023030952817
950000.0	9.079676395133376	111.28252060907565	-78.37948078758392
955000.0	9.479513290374912	94.79433714685582	108.3909024399768
960000.0	9.267730558280876	124.74363159068186	-14.773580047809459
965000.0	9.204364223801393	83.7068857429008	-130.06194976151164
970000.0	9.451418180128217	121.68079295385175	76.9775526081872
975000.0	9.427428749977762	84.8464560469124	78.80189435971356
980000.0	9.523655314165206	124.27401894913135	1.3013690118741295
985000.0	9.292823187763485	56.09420010536436	-114.73394486393785
990000.0000000001	9.158140943900062	102.77374440539775	105.84265731400227
995000.0000000001	9.193135763334112	77.7653873335521	-11.91839224599331
1000000.0000000001	8.996023436520927	114.4787303028817	104.63587418927203
