0.0	0.10585703293787208	168.8683260853813	0.0
50.0	0.08045921340383132	81.7875990435382	-169.7319306502021
100.0	0.022935907759260563	113.95190224980684	-8.18512065761667
150.0	0.10015771262219032	126.67444997808649	101.3160464377377
200.0	0.10009375922285339	123.45175339754311	140.922239680239
250.0	0.047060309314011096	94.49839510054572	-64.40794104145557
300.0	0.06685114512988057	4.508757630049828	103.17502793773215
349.99999999999994	0.024332911685669173	151.03431476390912	-49.055540643665324
400.0	0.1112158498364657	47.033494031965134	-147.59681648940645
449.99999999999994	0.12061686566904894	50.42600889326183	146.89166899668112
500.0	0.04238238983233892	89.13544161625002	-50.75740982886227
550.0	0.11929180621736425	64.19194721574108	51.54038910554295
600.0	0.17924304389393406	41.89169331813567	22.882521757753537
650.0	0.18712843680509517	35.38104990648893	162.23123804233447
699.9999999999999	0.14735626450930828	47.10547515834931	102.40252656301989
749.9999999999999	0.09686083279960411	64.43878592185685	86.85759734031828
800.0	0.14035842523750627	50.54358282513832	-103.52325689626703
850.0	0.21349367557750612	25.147988428660863	-163.20856427174917
899.9999999999999	0.14906652019534095	24.072392310562776	139.96853568538432
949.9999999999999	0.13114490074795734	47.81043648551616	-80.02010942560864
1000.0	0.26044363982076835	28.532997214920606	143.55625388454533
1050.0	0.1407730932648878	50.12955909103782	61.82685200536215
1100.0	0.2591252187352729	20.725268849447332	131.39258936532013
1150.0	0.20738463781320812	32.077980190301865	-135.61819149126757
1200.0	0.14373163826369553	35.687933105440806	123.03194089582833
1250.0	0.2136563875378888	27.91680059812438	132.79119267416124
1300.0	0.24580911448777265	27.89649436422525	105.63767669335004
1350.0	0.19921698967073495	8.471879911515185	-102.69555730705652
1400.0000000000002	0.16132366886495397	17.28927814256358	106.48643722067142
1449.9999999999998	0.27406382610242125	17.19660783329762	-127.43361516790964
1500.0000000000002	0.2741870285023569	23.58218689075379	-100.04401525787425
1549.9999999999998	0.29744926848041414	12.881477148776797	-78.26472854532909
1600.0	0.19840851066050075	27.92356478231661	50.08363777874503
1650.0	0.2770400305505541	20.16162672970089	-121.73913788335533
1700.0	0.33165785542054294	21.89016371897494	111.764702817366
1750.0	0.2826766128532471	18.75724643434762	94.49354954355935
1800.0000000000002	0.22745521543657346	23.291263104529488	46.768674549553374
1849.9999999999998	0.38642080420604835	7.707962378606656	104.78612153111652
1900.0000000000002	0.24190697462297545	6.258173909265053	-100.16400121163595
1949.9999999999998	0.4832366983265282	26.36787190769706	-163.32703241018734
2000.0	0.5023285607919139	28.253141634321846	133.88327520101035
2050.0	0.30056929505454355	26.62218119284635	-159.13844842275606
2100.0000000000005	0.37153145987418823	30.90332141202924	7.266078086395492
2150.0	0.4443602460452192	28.45405275773459	-128.03246886533552
2200.0000000000005	1.1193262547990417	37.35197510462503	50.15152635231085
2250.0	1.2180369034472687	14.84934107440466	-20.591255574338792
2300.0	0.9061879263625128	25.85601582963008	-175.30195022810284
2350.0000000000005	1.1570076482802751	19.570890395562163	94.96895398323826
2400.0	1.0484219695331698	30.57801637020046	5.473571738321648
2450.0000000000005	1.4793666481952823	12.541803276218554	-82.64719809003958
2500.0	1.237938041013051	26.392724014316197	-160.71777308270694
2550.0000000000005	1.3450862347857502	11.596776086110237	-85.15419534176223
2600.0	0.6379352207624971	18.15180708292677	-129.9824972314833
2650.0000000000005	1.5376273880662512	17.170681431304214	15.257449683913514
2700.0	0.9989875023689547	26.722904822571024	151.42449463564972
2750.0	1.3547646471344583	30.122820097741062	-6.722387664518997
2800.0000000000005	0.8824348485233584	29.332858211805895	-126.52285795790897
2850.0	1.2177502740024815	31.25604406596386	-78.84543483197055
2900.0000000000005	1.2375025562688409	29.67106170032067	-38.87488280294611
2950.0	0.7489213937458542	36.996643549742764	-176.23240346145082
3000.0000000000005	1.3827924758418342	20.564958638996448	129.13390144362336
3050.0	1.1990521413762194	19.49340555384499	-1.2542316542278282
3100.0000000000005	1.4058966180182937	8.77661217485588	-118.44208287884904
3150.0000000000005	1.4123429542802721	8.861043840046502	-41.40575378150354
3200.0	1.015835916632973	24.683378298676566	-30.296550074325424
3250.0000000000005	1.3455887497000913	23.951302553645576	104.7252749190159
3300.0	0.8747917980317276	29.48172934553858	-0.47719743311629415
3350.0000000000005	1.3034631122938727	23.13103065572171	20.04449281897209
3400.0	1.1995937744315939	14.417201804345028	-39.195722901471505
3450.0000000000005	1.1805146359052143	20.05865335311587	-61.02774144884342
3500.0	1.0575612495268045	22.39928589877536	-91.49661643337183
3550.0	0.6285168496626321	37.10844308725008	-144.0109377462003
3600.0000000000005	0.8469145138740046	29.629675811963214	80.33499619773242
3650.0	1.3765200721666109	19.433233639328062	-112.23085518728085
3700.0000000000005	1.447531640600773	21.556456204330498	-124.4798130566421
3750.0	0.9594179102542211	23.078777598065138	-34.66815747616074
3800.0000000000005	1.1547751149492766	34.98213860731443	-36.473063892711835
3850.0	0.9150926624432502	17.781325965850264	-44.67895540099334
3900.0000000000005	1.404925321574631	25.14778034672166	-127.2242357254744
3950.0	0.9663883185205203	25.153996658015156	-92.04994359733067
4000.0	1.0102771722545962	30.006508087646463	24.82164833427502
4049.9999999999995	1.5353529425744623	6.898004003281935	-75.40826540602944
4100.0	1.4495823211868766	11.026307300970707	102.80842272005394
4150.000000000001	1.1287165796119925	12.50693224707638	64.85874517298048
4200.000000000001	1.3570340895422417	12.414745430660146	-127.95340128616567
4250.000000000001	0.810321990128142	5.817797032269878	21.09687829103696
4300.0	0.7499469291887337	14.985538712236002	155.1406823063336
4350.0	1.4869053641949919	18.784626813931663	-99.09794493500087
4400.000000000001	0.8934431260215481	22.438861650071306	87.73009652159166
4450.000000000001	1.4438712989491114	7.53787941741282	-13.926497116037197
4500.0	0.8116110828838599	25.847339827022516	95.54583359257231
4550.0	1.3337488754257998	22.458771628056123	16.364098478337358
4600.0	0.6928919507979987	20.418044020874706	-140.26949816393824
4650.000000000001	1.2000314134196104	26.510388391837314	50.22552017887943
4700.000000000001	0.8564719362021403	18.316962122112344	137.82563760679864
4750.0	1.2300900708020968	6.377726680925288	61.71605172932214
4800.0	1.1188046247056789	22.6500355411464	119.94003940017143
4850.000000000001	1.1015134473621606	29.4454112506813	-28.38863509244396
4900.000000000001	1.2687176751113547	26.28121655949345	-46.92493437746798
4950.0	1.0063282219558227	16.913204033422083	-20.293428740973024
5000.0	1.3544531088302831	11.61060136389639	89.42595556803457
5050.0	0.7890232510585448	22.048525151582375	-121.14218668744584
5100.000000000001	1.1059678474204975	21.768577389365085	-4.062879369112454
5150.000000000001	1.2273357610088753	13.27270754408428	77.004079470019
5200.0	1.197543813207317	22.204789308186026	-53.467355706076404
5250.0	1.4556273012390613	5.103088358616546	132.92330183266648
5300.000000000001	1.158932205498526	27.498057182680206	89.91150640236847
5350.000000000001	0.8680097898109128	34.6142959093767	-85.73018353049893
5400.0	1.1994242934430976	22.34463754373453	175.13319459764935
5450.0	0.8989719707287287	10.686632626622046	32.55608822658872
5500.0	1.0843133802547928	1.3277464678980029	-35.56788917939912
5550.000000000001	0.7278157486686841	15.642481757280851	20.59034234354003
5600.000000000001	1.0468778246319075	15.030164817833858	53.44417700384216
5650.0	0.6890738674407594	26.40003540831316	-83.53919733927279
5700.0	1.1593041696959379	19.07002393558948	108.89976276197257
5750.000000000001	1.124598412410018	28.060465536102296	-150.43191336625847
5800.000000000001	1.055306667466617	26.275910875700745	137.19916137622891
5850.000000000001	1.2475661700790202	11.522890877419439	1.3702710815405825
5900.0	1.2187394402053682	11.011205822901319	-25.327047948360253
5950.0	1.0941906175687217	11.203632863846037	78.09076895498211
6000.000000000001	0.6900038686016511	35.84828121258679	175.57179970179754
6050.000000000001	0.886850623468891	30.51833416925503	-151.92416460272804
6100.0	1.1748067083605398	18.12132356737876	-61.550547366272234
6150.0	1.2398322740293988	23.91747182593673	-153.51842233152652
6200.000000000001	1.0726717783891828	21.72118869620396	81.94586590125677
6250.000000000001	0.8363641299882244	16.482235337507525	-26.371902882598963
6300.000000000001	1.1440762418367505	11.734980915948956	45.476420985986096
6350.0	0.6854626872728441	23.415753933150345	-115.62146290190316
6400.0	1.025442373614112	20.716011278427022	-87.04508482702266
6450.000000000001	1.2121520168473683	15.658228802670363	-70.63333517182186
6500.000000000001	0.8637103908313292	19.76664650249645	150.6202017116635
6550.0	0.6723980934876264	28.64016617941179	-75.10831776162814
6600.0	1.1830036403520194	16.568889868055635	17.043060542717097
6650.000000000001	0.7450288045415915	21.87812213544585	118.75981395128076
6700.000000000001	0.8686050499386451	13.413181723012068	-177.1643378607219
6750.000000000001	1.3303464694681997	5.622523345153342	150.20611360294163
6800.0	0.8069484793476747	7.400970402141862	133.7737410425509
6850.0	1.2500158339737917	16.445851869717394	-46.645152963631055
6900.000000000001	0.8057949118096854	8.663128668030705	-101.50952079505699
6950.000000000001	0.8260875597736629	20.083020148229977	-67.85214637911886
7000.0	0.7690012106952286	12.710543056495128	-115.86559384669417
7050.0	1.2978990270268824	18.61903377075262	141.23734507695548
7100.0	0.7598855874760778	9.689082179090123	96.37612591888178
7150.000000000001	0.7851457382243998	8.624155208756823	-155.61647084552783
7200.000000000001	1.3284897071811823	17.224982341896645	-61.932102335602096
7250.0	0.747754902023256	20.854301978260537	124.78964086289379
7300.0	1.1265344569624822	13.76276673407686	87.03692301861733
7350.000000000001	0.9758552754589853	12.064800893471654	-91.42096541779762
7400.000000000001	1.0810117096760004	12.811290253900774	-49.17166910423319
7450.0	0.9733976270330131	11.956828857992704	-12.786497432309616
7500.0	1.2912318219664285	12.905410232547666	-143.44572064165735
7550.0	1.210521618434695	7.799251842323555	-102.95860801669474
7600.000000000001	1.064146269554489	16.11718745461374	172.83613053939328
7650.000000000001	1.1119966801347627	11.884781938312614	149.0196693904478
7700.0	1.0472711226657654	23.916128096538394	-13.58717215679649
7750.0	1.114426877644665	7.622354598752411	22.48409592449278
7800.000000000001	1.3940528537947825	7.429231734037941	-144.3856288857516
7850.000000000001	1.00457245814391	10.480582879841993	40.97772222127414
7900.0	0.9045897359700154	15.882389255633836	54.048491596233305
7950.0	0.6865253918139398	15.134445154913983	157.1249509178242
8000.0	0.7275700412611343	25.952768019491987	13.016143771140626
8050.000000000001	1.3818944916732763	7.976081309327073	-108.62523724213676
8099.999999999999	1.14349738601497	15.062250305774127	-142.1520247333539
8150.0	1.2055194723884726	12.143073342703465	-166.2960264080867
8200.0	1.0305495311481645	21.129967647451654	41.08362504275073
8250.0	0.8434173070396298	19.868187737679182	-179.4845384259806
8299.999999999998	0.9387766504052305	21.776142927504974	158.24818217228395
8350.000000000002	1.0534850078559297	20.914039719613967	-53.16159429844115
8399.999999999998	0.9458715628210732	27.284875882599987	52.07294366575113
8450.000000000002	1.098442618781234	15.121648489989388	108.63859409832028
8499.999999999998	0.9057949945467602	22.414736189813283	15.574414172936121
8550.0	0.9090664422152731	18.068197101960955	10.89252552361417
8600.0	1.3102288614729527	8.893803730774422	-54.6276323761414
8650.0	0.9928071073796602	4.8796456597311515	97.77905958233677
8700.0	1.0629318902401794	7.502262952329789	-71.34189062360056
8750.0	1.100020072411549	11.012383292639804	52.776043185934945
8799.999999999998	1.075269375951839	9.966636708111924	-60.77290810656939
8850.000000000002	0.9881785279585305	10.367031201875237	93.11416199195004
8899.999999999998	0.7486106997076508	10.200649225852077	90.59321998952748
8950.000000000002	0.9897501114651064	5.773402297760013	-145.92308112579246
9000.0	0.7894156535663428	12.971435562143839	176.34737058684163
9050.0	0.7707819163448586	16.792223031709945	37.927915694311366
9100.0	1.2322435984074447	14.808469150519299	-141.60340677929779
9150.0	0.9596665202587397	14.211721418565757	78.48068172402009
9200.0	0.8903081751185942	18.13739914782927	176.25551647483198
9249.999999999998	1.0066466505176408	15.972502368662603	8.930430326513472
9300.000000000002	0.8361040583178769	8.611104142563226	99.0451336921193
9349.999999999998	0.9402841898257499	17.156868959442157	-40.732550837229525
9400.000000000002	0.7535463579073185	11.122989854752696	44.350487971552916
9450.0	0.95622116909381	12.308311212502113	18.134135066839654
9500.0	0.8784227666950177	7.768521994008162	-20.326720165557592
9550.0	1.168661150490654	16.664324896907768	-17.396531102572094
9600.0	0.9322684413059485	18.07842175559431	-173.8147152599116
9650.0	1.1411027368814786	11.62697494709586	72.61075854658932
9699.999999999998	1.2222042976109198	12.261293507039596	-17.967714470968527
9750.000000000002	0.7172224160998443	9.06958734126816	53.39213347901827
9799.999999999998	1.3105019283883703	1.4955367763849432	158.0211485004928
9850.000000000002	1.0147932346040431	5.015640825931016	167.9205184983239
9900.0	1.1183348010196783	2.879427955829305	-157.1228723815512
9950.0	1.030140406032479	9.492042282391006	-160.61260979556747
10000.0	0.839745916135521	13.377279410313003	-74.93898404984283
