0.0	0.2929166075880918	39.29948242585297	0.0
5000.0	1.2491401069271877	47.23689889278296	173.9753461596932
10000.0	1.4973428555223438	51.364898103918605	-79.99503849158573
15000.0	1.8100671186922348	52.50567097674512	119.48256961691357
20000.0	1.243589409999955	89.288662360191	51.25604861767312
24999.999999999996	1.4833299086468354	78.76749745878632	-129.57542786019667
30000.0	1.278333468038796	95.69382734213801	67.05901098975762
35000.0	1.3925530051285362	87.06812817933283	46.02173815741687
40000.0	1.3816921234533346	87.57623235037669	-39.2871141919962
45000.00000000001	1.4532446523363625	84.8745072566103	29.433233384648165
49999.99999999999	1.4095951788193641	93.43221574077003	-83.43391558167015
55000.0	1.4689805525989215	85.43915041360033	-27.027497552045457
60000.0	1.5751339637390065	90.41837168907652	-94.04404792406366
64999.99999999999	1.5888826130792952	90.2425832610672	-99.0091213394977
70000.0	1.6144820074116326	90.51971887840413	90.81359440405978
75000.00000000001	1.5608668928236027	82.4843614910274	-169.0271967536677
80000.0	1.583790721567526	85.91690834043496	132.83482143699928
85000.00000000001	1.571725226563868	88.87826590566489	-112.63597579007855
90000.00000000001	1.5840638967744827	87.62200751925923	126.69431211342979
95000.0	1.5664967938901297	86.08826476225204	50.65106841772218
100000.00000000001	1.6074810839386044	87.15885588393985	-124.55590578945689
105000.0	1.5932438460012963	83.62641694081127	147.63361208304542
110000.0	1.5587757029118592	91.28780249823171	101.32423967171401
115000.00000000001	1.6174363250841022	91.05430489589583	83.42405350852574
120000.0	1.5682793241341855	91.93876955550019	87.37379942097635
125000.00000000001	1.5554022464157313	90.90167846044449	113.28414563772378
129999.99999999999	1.5706689444736894	83.75499218285618	157.68354978728757
135000.0	1.598562113248288	83.01151558153471	-146.91669018844692
140000.0	1.537601898305547	92.66448374162327	-83.15323185676056
145000.00000000003	1.577781258965485	83.18476556426842	-10.856012586557613
150000.00000000003	1.567188418208789	89.58723633850369	68.599706110947
155000.0	1.5642418603654011	84.71820423282655	152.5031704951601
160000.0	1.6044519358949587	87.23615520119326	-119.56743623651661
165000.0	1.5654453405522053	85.24624046679943	-30.910455723043178
170000.00000000003	1.5563288244683444	90.47885194137844	63.802429586213094
175000.00000000003	1.5935883672808342	83.10068792680954	154.57384575778005
180000.00000000003	1.5612335940962234	90.27614767753913	-108.43247028868727
185000.0	1.579448721598575	82.95015279405156	-10.831147228116256
190000.0	1.5649181653016986	91.8952123477711	85.06170692526247
195000.00000000003	1.5959211583875945	81.68377778079538	-177.06049017275734
200000.00000000003	1.6327015072147821	90.5114626823018	-79.29914262536826
205000.00000000003	1.5772175487443698	83.27730962379135	20.465090644478952
210000.0	1.5463410565608113	90.0435414477741	119.30720423925416
215000.0	1.5946034736012455	85.5233213204475	-137.88823362743761
220000.0	1.6072633155612617	84.46599799766973	-42.690238596836565
225000.00000000003	1.5404722597396026	89.72149997633753	59.331049584454696
230000.00000000003	1.5914172100706907	82.30640566852743	159.06530221711424
235000.0	1.5600156472489224	91.26292462329168	-102.03099206392704
240000.0	1.5908203068094862	82.0661974573941	-0.47304059556723477
245000.0	1.6049030680395697	91.39111395381744	96.97254950923303
250000.00000000003	1.5885644212763697	83.02110919019033	-159.77831307502274
255000.00000000003	1.6112473406910208	89.0831354389517	-63.88663416173209
259999.99999999997	1.588970145019919	85.65113089611309	41.021291417595194
265000.0	1.5979901013293818	85.61909420231204	136.21288019513625
270000.0	1.5986741801341713	89.07004905563187	-118.72703875069476
275000.0	1.5909233395988498	83.06390287857387	-22.897922206230763
280000.0	1.608947770311596	91.21544119669126	80.70077968608581
284999.99999999994	1.5866292574617131	82.38786795633081	178.15081172753827
290000.00000000006	1.6029779535349498	90.52245612629287	-80.1652785139375
294999.99999999994	1.5741586990346503	83.52498087754378	19.013994555015028
300000.00000000006	1.5893105632268172	87.52419365622217	119.49959833687116
304999.99999999994	1.5538276358068102	86.15754077386659	-140.284849102325
310000.0	1.588273166274961	84.15640613085564	-40.19221384133581
315000.0	1.5385564681325303	89.68961894083687	60.291752885010276
320000.0	1.5981840580208628	81.89066487206539	160.27313288222086
325000.0	1.5359710055480218	92.45352129869838	-99.43445295115588
330000.0	1.6036908246082235	81.1570633409896	0.6321924313348057
334999.99999999994	1.5359255846145168	92.35538237250377	100.62691833296708
340000.00000000006	1.597694284091465	81.98603195799971	-159.00549879493693
344999.99999999994	1.5390774520876933	89.47098731763923	-59.05760818042767
350000.00000000006	1.5879633719722812	84.35163257899615	41.45278859082566
354999.99999999994	1.5551793673354581	85.93866484831752	141.56205189295386
360000.00000000006	1.5889937261068219	87.7764702622103	-118.28467875105795
365000.0	1.5757790807541645	83.35824721388718	-17.691621915771943
370000.0	1.5999050969263644	90.73811557876041	81.33662359230392
375000.0	1.588574027627717	82.2704162439041	-176.78325041056587
380000.0	1.6002132975073255	91.3486221272368	-79.44605299781459
385000.0	1.5944061514711412	82.9430555302529	24.27093427537446
389999.99999999994	1.5856893926008084	89.190337889351	120.26037029247266
395000.00000000006	1.6058806938447925	85.3340166017227	-134.90258979857592
399999.99999999994	1.5760115088576243	85.94821094152007	-39.09888073373423
405000.00000000006	1.6303401097166095	88.40708681508222	65.1109082055248
409999.99999999994	1.5765578065866037	83.6524443220526	162.10816450273208
415000.0	1.651229572551653	90.26428172501394	-95.86000754574057
420000.0	1.5763694071346905	83.14467165256987	3.429395027016212
425000.0	1.6453509239627315	89.56227444749045	102.87535300458894
430000.0	1.5698184455084603	84.49326320557708	-155.33160974013475
435000.0	1.621300701274668	86.78412015488853	-57.7312601238806
440000.0	1.563164627356823	87.3971576962229	45.69849538983847
444999.99999999994	1.6042929849072836	83.74774617657069	142.5494775686223
450000.00000000006	1.5665359123968992	90.68079903419722	-113.7983048983938
454999.99999999994	1.5988155514334714	81.97425319269055	-16.719728297313722
460000.00000000006	1.5723173004271391	92.1178243812373	85.98631938489065
464999.99999999994	1.5922140813068828	81.9507899420001	-175.97155210890642
470000.0	1.5682708302897115	90.50744471511601	-74.39445604276742
475000.0	1.575343753775113	83.53570518143549	24.674458927610853
480000.0	1.5669725884110637	87.06287072344182	125.68879103735736
485000.0	1.5538170292229347	86.4755812851394	-134.72641685068737
490000.0	1.579592189515074	83.79630024313107	-33.850978372597105
494999.99999999994	1.542199127870858	90.08425682658209	65.72688423682274
500000.00000000006	1.595979738841198	81.78607016108919	166.6155081243673
504999.99999999994	1.5426530247506256	92.52690000162191	-94.1691597072254
510000.00000000006	1.6028083645831523	81.29200675210339	7.024252181057687
514999.99999999994	1.5424625328670833	91.93297431525329	105.84026952408142
519999.99999999994	1.6001791902026978	82.41679386222343	-152.50644220593333
525000.0	1.5455708976164697	88.82832810514579	-53.74973044881086
530000.0	1.6006810517437515	85.08662549890354	47.95254064913846
535000.0	1.5601190831671776	85.46066351356893	147.00737614834367
540000.0	1.6145813339993698	88.44993360259193	-112.08213696733516
545000.0	1.575930535402169	83.2744089097849	-12.058657128253595
550000.0	1.6288693176084184	90.68723837073573	87.09082270544167
555000.0	1.5839558829714144	82.74530520383927	-170.91035657439642
560000.0	1.6212141082226994	90.31852007170978	-73.93943344062998
565000.0000000001	1.5884036557774175	84.06727097093282	30.328640467517246
570000.0000000001	1.5990494610337231	87.67401334061195	125.79699103708755
575000.0000000001	1.6019653360474455	86.90782876805558	-128.85513081833722
580000.0000000001	1.5854439044920405	84.66052821652686	-33.45463766596545
585000.0000000001	1.6259276794897939	89.75578475544563	70.96144297571726
590000.0000000001	1.581995969388672	82.99719690778362	167.79042052269608
595000.0000000001	1.6381983873140884	90.6353410258715	-90.09624250621962
600000.0000000001	1.5763649004273872	83.19730313879613	9.022167312470486
605000.0000000001	1.6254682047747067	88.84560128846546	108.90417677309544
610000.0000000001	1.5632591897131023	85.13696977690543	-149.92779913163903
615000.0	1.6072240100005186	85.5920280446574	-51.30805838242871
620000.0	1.5504609359321961	88.38482194728775	50.92628563231388
625000.0	1.6014411730694693	82.76959270624378	149.09895468578216
630000.0	1.548570858196125	91.58806599860122	-108.6195218038649
635000.0	1.6018705290786717	81.44608752922807	-10.35921877155303
640000.0	1.549962432098741	92.47795843131655	91.33512292215013
645000.0	1.5950737515596973	81.7878296564269	-169.86824853762457
650000.0	1.5478759585148298	90.28254798911388	-68.69358716828148
655000.0	1.5776555887116415	83.65580503074798	30.63746220569543
660000.0	1.5557967495855316	86.69189687694958	131.66703210427394
665000.0	1.5608203291029374	86.81439128244733	-128.84951241601445
670000.0000000001	1.5757419492498992	83.62537954664725	-27.77954865766278
675000.0000000001	1.5573207995222744	90.35766932170681	71.3799177185347
680000.0000000001	1.5935052232431801	81.87293322707448	172.77990065919735
685000.0000000001	1.560750075865775	92.31785911513782	-88.82743247676181
690000.0000000001	1.6004341370479538	81.6752567514773	13.395663172442374
695000.0000000001	1.5575332168234122	91.20171048865441	111.03259528008181
700000.0000000001	1.602944248643857	83.1928759816845	-145.94811509087916
705000.0000000001	1.5568801358408342	87.96308919679745	-48.50533162721179
710000.0000000001	1.6147655935190222	86.12980757355086	54.421945765012296
715000.0000000001	1.566491142285688	84.8613238003508	152.41600429210655
720000.0000000001	1.6372605245746306	89.18328311322912	-105.99111082177203
725000.0	1.5761720672265112	83.18795676565563	-6.444706112311416
730000.0	1.6477360396153293	90.45475995515746	92.83872230344427
735000.0	1.5790421744978207	83.32380311869717	-165.14738895822106
740000.0	1.6308564968439032	89.08590186459058	-68.215156467166
745000.0	1.5804088995111587	85.30012427732204	36.11533940599998
750000.0	1.6054911102567162	86.10849193542074	131.67742327540415
755000.0	1.5919192933924393	88.4485919087341	-123.1622537130671
760000.0	1.5921016938967487	83.47332084012758	-27.510924475665615
765000.0	1.6102344044559642	90.88699525010375	76.55979974186707
770000.0	1.5867032018124674	82.46631375156436	173.63578536378807
775000.0000000001	1.6135852131613464	90.78197120729294	-84.35662265664128
780000.0000000001	1.5762604748966826	83.27406807250144	14.669134212395567
785000.0000000001	1.6005672097590118	88.1567193041692	115.04839373059697
790000.0000000001	1.5576484244058806	85.65666171258893	-144.48616518063233
795000.0000000001	1.593372525406563	84.72414647689519	-44.822252998569695
800000.0000000001	1.5414946607035582	89.11803285694612	56.21325651454921
805000.0000000001	1.5986838695382526	82.18468866246921	155.62682394962354
810000.0000000001	1.5377324907152565	92.15539252827283	-103.40068587246935
815000.0000000001	1.6034537694694988	81.19572674818106	-3.982422817197034
820000.0000000001	1.5377317500349645	92.54186662536537	96.66384872955351
825000.0000000001	1.5971090080033061	81.79635496233863	-163.62431602067295
830000.0	1.5389076063243516	89.93840955403999	-63.11975694338742
835000.0	1.5830131085020234	83.92102478111286	36.8346774696798
840000.0	1.5529029277438096	86.34416651920428	137.41250183854405
845000.0	1.5758099218061732	87.25228773030607	-122.76577866634692
850000.0	1.5747368143901292	83.52155886005447	-21.937210783746753
855000.0	1.581917994939106	90.55072265541082	77.13437515093509
860000.0	1.5903699858836462	82.09373913385765	178.8118886687687
865000.0	1.5854593569950886	91.829227482004	-83.4436670342816
870000.0	1.596835145964133	82.32933257747695	19.709061920879243
875000.0	1.5759908015105022	90.14647835710032	116.2662191588846
880000.0	1.6049364382687559	84.33195592339553	-139.47862263694117
885000.0000000001	1.5693164286926176	86.86681796988134	-43.20158766471357
890000.0000000001	1.6257854778179384	87.41821274067682	60.72102596714873
895000.0000000001	1.5728902506200653	84.1677656653916	157.89279096351666
900000.0000000001	1.6499775127143945	89.87571646219726	-100.05200736834522
905000.0000000001	1.576416712356352	83.13107398484776	-0.8235444476151386
910000.0000000001	1.6516051612555627	90.01845666998325	98.63486464094306
915000.0000000001	1.5736705213805569	83.97298460192211	-159.51733168785452
920000.0000000001	1.628576460167918	87.74965376162395	-62.222205259935045
925000.0000000001	1.5700437887878858	86.5247579455811	41.63821193809073
930000.0000000001	1.6062323291859912	84.64904849866905	137.88863011701847
935000.0	1.5763648930211567	89.82269062488632	-117.74938989594315
940000.0	1.596874157499939	82.4886793017491	-21.331635899472648
945000.0	1.5869672526134646	91.74781190717682	82.00652066292498
950000.0	1.590810905809155	82.0718351494695	179.58847768855057
955000.0	1.5846608568853169	90.75708926712217	-78.60584068616188
960000.0	1.576292028124357	83.3494580930928	20.378332947363337
965000.0	1.5774468724734585	87.57309267843566	121.2239897243077
970000.0	1.5545848270238314	86.05889769729615	-138.94273448173968
975000.0	1.582789232884862	84.170837818427	-38.413497923494695
980000.0	1.5392192575212775	89.63994465069534	61.6198373626595
985000.0	1.5964538756991513	81.91199457548771	162.03967515581968
990000.0000000001	1.5370514223866003	92.42779470503834	-98.12504609823922
995000.0000000001	1.6035174754313717	81.17607304569813	2.391533472891637
1000000.0000000001	1.537164691934675	92.33047255997589	101.93908358043748
