0.0	0.7439964928701627	119.10098205933873	0.0
1507.537688442211	0.6971131317404508	114.74984160804516	1.1464347705577717e-05
3015.075376884422	0.6564489013279973	110.08414164898672	3.845710113443296e-05
4522.613065326632	0.6219875597241887	105.133804473505	7.565520659136247e-05
6030.150753768844	0.5936537103282002	99.94875610825372	0.00011544737093181546
7537.688442211054	0.571288604651108	94.59839751402163	0.00014962442637667372
9045.226130653265	0.5546325205540681	89.16754442719471	0.00017119642881080471
10552.763819095477	0.5433191295904918	83.7490270747661	0.00017593596642970897
12060.301507537688	0.5368848269708026	78.43437735516977	0.0001633133126600784
13567.8391959799	0.5347919115413832	73.30483211108131	0.00013661771596029104
15075.376884422109	0.5364606061081294	68.42474489852755	0.00010223873712349024
16582.91457286432	0.5413030363600962	63.83851348259739	6.826264351914553e-05
18090.452261306535	0.5487530157595599	59.57089690185913	4.2692341756798165e-05
19597.989949748742	0.5582879444008865	55.629732752077025	3.1682520696063475e-05
21105.527638190953	0.5694418811915709	52.009811574391726	3.818141516696175e-05
22613.06532663317	0.5818108459400552	48.696878963101355	6.128034205484545e-05
24120.603015075376	0.5950523467271545	45.67113556168349	9.641532305905713e-05
25628.14070351759	0.6088812281642151	42.90997401751948	0.0001363745681026201
27135.6783919598	0.6230635807333995	40.38993947433265	0.00017288819778180705
28643.21608040201	0.6374099548967878	38.08802585041349	0.00019845025226744733
30150.753768844224	0.6517686654507969	35.9824602553206	0.00020796903277099147
31658.291457286432	0.6660196205428207	34.053121458265416	0.00019988755532404566
33165.82914572864	0.6800688711883752	32.281712141706066	0.00017652627647465685
34673.36683417086	0.6938439299690075	30.65177500614144	0.00014357379881855162
36180.904522613055	0.7072898253911316	29.14861629051979	0.0001088342991440023
37688.44221105528	0.7203658184042845	27.75917963592015	8.051184868016486e-05
39195.979899497484	0.7330426930698271	26.471897796829936	6.540301063003656e-05
40703.5175879397	0.7453005331027899	25.27653920559921	6.739738625724302e-05
42211.05527638191	0.757126903008802	24.164059385927974	8.662440963571473e-05
43718.59296482413	0.76851536260214	23.126462223467342	0.00011942142241382252
45226.13065326632	0.7794642544754513	22.156673726278523	0.00015914386609063453
46733.668341708544	0.7899757142409448	21.248428775293785	0.00019762895693819057
48241.20603015075	0.800054862475366	20.396170585564157	0.00022699077435044482
49748.74371859296	0.8097091450575457	19.594962204851143	0.00024135894565225868
51256.28140703518	0.8189477949782841	18.84040883306834	0.00023816417011592248
52763.819095477375	0.8277813938423634	18.12859022720342	0.00021871113596545579
54271.3567839196	0.8362215153474464	17.456001736101385	0.0001878829596095497
55778.8944723618	0.8442804362087177	16.819503385698372	0.000153072638297466
57286.43216080402	0.8519709025033078	16.216275762857155	0.0001225527250700152
58793.96984924623	0.8593059414093788	15.643781998052171	0.00010365817592313484
60301.50753768845	0.8662987099593341	15.099734817687054	0.00010116564330396144
61809.04522613064	0.8729623738243266	14.58206807777525	0.00011624189358812044
63316.582914572864	0.8793100103717117	14.088912078836183	0.00014619299060371073
64824.120603015086	0.8853545313210514	13.618571814626844	0.00018504945552578843
66331.65829145728	0.8911086212797924	13.169508017167145	0.00022488948924382162
67839.19597989951	0.8965846892600221	12.74032023918214	0.00025757804175403985
69346.73366834172	0.9017948309511253	12.329731820328924	0.0002765519139233549
70854.27135678392	0.9067508000407907	11.936576741195314	0.0002782800046026534
72361.80904522614	0.9114639872555327	11.559787604102711	0.0002630211204356718
73869.34673366834	0.9159454060260321	11.198385307346431	0.0002347785566007819
75376.88442211055	0.9202056838257543	10.851469884279036	0.00020041749260683056
76884.42211055275	0.9242550582970699	10.518212465854132	0.00016815109079280444
78391.95979899497	0.9281033773176777	10.19784832634108	0.00014572954750194904
79899.4974874372	0.9317601021936239	9.889671020831617	0.00013874785712903714
81407.0351758794	0.9352343132219993	9.593026914410975	0.0001493925466241982
82914.57286432161	0.9385347169517566	9.307310796806977	0.00017598302690034848
84422.11055276381	0.9416696545900866	9.031961454101001	0.00021331441878042438
85929.64824120603	0.9446471111366415	8.766458239339196	0.00025383733081124724
87437.18592964826	0.9474747249691412	8.510317234924166	0.000289285698554773
88944.72361809044	0.9501597977284643	8.263088288525184	0.00031252778049653
90452.26130653267	0.9527093044447887	8.024351728549334	0.000319111088720426
91959.79899497489	0.9551299039060386	7.793715591011506	0.0003082490122842412
93467.33668341709	0.9574279492858911	7.570813170929954	0.00028300300996087044
94974.87437185929	0.9596094990345931	7.355300662972252	0.0002496013379098761
96482.4120603015	0.961680327998586	7.146855155515648	0.00021606812063324306
97989.94974874373	0.9636459386894592	6.9451728772002985	0.00019044985845996789
99497.48743718592	0.9655115725868167	6.749967957777257	0.00017906370592908112
101005.02512562815	0.9672822213346696	6.560971068003746	0.00018509220521821317
102512.56281407036	0.9689626376912589	6.377928292420978	0.00020787788177414616
104020.10050251256	0.9705573461129198	6.20060028330454	0.0002430777640389728
105527.63819095478	0.9720706528902331	6.028761376198781	0.00028362634149283085
107035.17587939698	0.9735066558013972	5.862198379767569	0.00032125886273980456
108542.7135678392	0.974869253292173	5.700710246143358	0.00034839106850370366
110050.25125628142	0.9761621532285206	5.5441063662118175	0.0003597111806772575
111557.7889447236	0.9773888812894017	5.3922062912925774	0.0003534097554289447
113065.32663316581	0.9785527890705868	5.244838637640994	0.0003315584638572898
114572.86432160804	0.9796570619588838	5.101840299666289	0.00029964592799569707
116080.40201005025	0.9807047268123453	4.963055792812111	0.00026537534009982107
117587.93969849245	0.9816986594558619	4.8283367780209625	0.00023697361834202677
119095.47738693467	0.9826415919745235	4.697541689949527	0.00022138217492395098
120603.0150753769	0.98353611976859	4.570535101928248	0.00022270256124422153
122110.55276381908	0.9843847083271912	4.447187869481906	0.00024133017723157406
123618.09045226131	0.9851896996804428	4.327376804983081	0.0002738586255384689
125125.62814070353	0.9859533185035714	4.210984113087568	0.00031380143867617747
126633.16582914573	0.9866776778657385	4.097897446760142	0.0003530459759553784
128140.70351758793	0.9873647846370808	3.9880095872751817	0.00038364272539622926
129648.24120603014	0.9880165445840872	3.881217969344912	0.0003995405431311539
131155.77889447234	0.9886347671965271	3.7774243534885525	0.0003979226649529965
132663.31658291456	0.9892211702888795	3.6765344781862233	0.00037982796711053375
134170.85427135677	0.9897773844185083	3.5784578438573424	0.00034993502166312426
135678.39195979902	0.9903049571475806	3.483107180089928	0.00031550865040043673
137185.92964824123	0.9908053571637895	3.3903983044136923	0.0002848018204389387
138693.46733668345	0.9912799782606782	3.300250152583353	0.00026526667186490004
140201.00502512566	0.9917301431674161	3.212584580228777	0.0002618940775824544
141708.54271356785	0.992157107211568	3.1273261312492435	0.00027609884704089246
143216.08040201006	0.9925620617971637	3.0444024181240286	0.00030545752459677463
144723.61809045228	0.9929461376878765	2.96374369533033	0.00034419606665722765
146231.15577889446	0.9933104080901916	2.8852827036720927	0.0003844557248969474
147738.69346733668	0.9936558915445727	2.808954933717141	0.0004180659541778758
149246.2311557789	0.9939835546384742	2.7346984493393354	0.00043832969664932996
150753.7688442211	0.9942943145647478	2.662453092675804	0.00044144644518803207
152261.30653266335	0.994589041547355	2.5921614180432884	0.0004274518713985381
153768.8442211055	0.994868561158139	2.5237670968284687	0.00040007333616460654
155276.38190954772	0.9951336565413792	2.4572162848010457	0.00036606094379440306
156783.91959798994	0.9953850705573652	2.3924564100493058	0.0003335883087390545
158291.45728643218	0.9956235078469774	2.329436092259391	0.0003104521632070096
159798.9949748744	0.9958496368161492	2.2681062807104513	0.00030247793000363015
161306.5326633166	0.9960640915316713	2.2084189429829344	0.0003120983492494325
162814.0703517588	0.9962674735222811	2.15032746069824	0.00033786695494490346
164321.608040201	0.9964603534780612	2.09378713851128	0.0003748123791020567
165829.14572864323	0.9966432728460175	2.03875449235086	0.0004154755391088661
167336.68341708544	0.9968167453244935	1.9851879471021188	0.0004516232989593785
168844.22110552763	0.9969812582634799	1.9330467405846936	0.00047594825343422767
170351.75879396984	0.997137273980795	1.882292097679134	0.0004838198773554307
171859.29648241206	0.997285231006583	1.8328859118618415	0.000474172941009008
173366.83417085427	0.9974255452684008	1.7847912229403557	0.000449806793605766
174874.37185929652	0.9975586112252711	1.7379725343837027	0.0004167934629340001
176381.90954773867	0.9976848029586484	1.6923950208804421	0.00038309219685582924
177889.4472361809	0.9978044752228401	1.6480246160051901	0.0003567932401312286
179396.98492462313	0.9979179644531068	1.6048286271240177	0.0003444051348894979
180904.52261306535	0.9980255897298669	1.5627744410369837	0.0003492911154182256
182412.06030150756	0.9981276536959865	1.5218314120357601	0.00037112357288336114
183919.59798994978	0.9982244434227137	1.4819687295372486	0.0004057195948754044
185427.13567839196	0.9983162312226694	1.4431575954361582	0.00044619815320654134
186934.67336683418	0.9984032754119567	1.4053696687998694	0.0004843356604472311
188442.2110552764	0.9984858210227637	1.368577550113336	0.0005124280092438557
189949.74874371858	0.9985641004725075	1.33275430257955	0.0005249459974569481
191457.2864321608	0.9986383341953218	1.2978741149242572	0.000519825886355184
192964.824120603	0.9987087312409937	1.2639126533519178	0.0004989485157235653
194472.36180904522	0.9987754898481518	1.2308445274287816	0.0004675126816112777
195979.89949748747	0.998838797994236	1.1986462605826405	0.0004331520123413807
197487.43718592968	0.9988988339241017	1.1672950067551389	0.0004041621035289132
198994.97487437184	0.9989557666586826	1.1367677620189047	0.0003875811498503421
200502.51256281405	0.999009756480983	1.107042344054743	0.0003877387558482867
202010.0502512563	0.9990609553999026	1.0780972598040435	0.00040528848380045886
203517.5879396985	0.9991095075875731	1.0499116985575412	0.00043706039401594364
205025.12562814073	0.9991555497913884	1.0224657155950327	0.00047677627529600717
206532.6633165829	0.9991992117193529	0.9957396614342211	0.0005163786625895809
208040.20100502513	0.9992406164016481	0.9697135964479084	0.0005477547428724664
209547.73869346734	0.9992798805283785	0.9443701632673123	0.0005647960371093497
211055.27638190956	0.9993171147679616	0.9196910535902411	0.0005643883461770732
212562.81407035174	0.9993524240688841	0.8956586094307377	0.000547304337312068
214070.35175879396	0.9993859079478512	0.8722560608704976	0.0005179978107710603
215577.88944723617	0.9994176607656718	0.8494672529619268	0.0004836666503964998
217085.4271356784	0.9994477719929061	0.8272746920329184	0.00045241937185062713
218592.96482412063	0.9994763264645052	0.8056639691599116	0.00043195761045450293
220100.50251256285	0.999503404624515	0.7846194595422509	0.00042746287862553125
221608.040201005	0.999529082758989	0.7641253925696573	0.00044054006268496595
223115.57788944725	0.9995534332164068	0.7441672835922613	0.00046900754281192536
224623.11557788946	0.999576524615661	0.7247312814853987	0.0005073164810791879
226130.65326633168	0.9995984220406647	0.7058037174355959	0.0005477282642029342
227638.1909547739	0.9996191872223918	0.687371186899137	0.0005820273393156971
229145.72864321608	0.9996388787096299	0.6694206724811638	0.0006033437408968548
230653.2663316583	0.9996575520293222	0.6519395620333721	0.0006076693325629152
232160.8040201005	0.9996752598377484	0.6349156174514544	0.0005947395615208897
233668.34170854272	0.9996920520654567	0.6183369433004114	0.0005680914043138904
235175.8793969849	0.9997079760553427	0.602191961500224	0.0005342851408661753
236683.41708542712	0.9997230766950825	0.586469366778793	0.0005014585794121129
238190.95477386934	0.9997373965455556	0.5711580352919299	0.0004775286772459962
239698.49246231158	0.9997509759629648	0.5562469301366713	0.0004684394040256657
241206.0301507538	0.9997638532157929	0.5417251814729711	0.0004768571971908084
242713.567839196	0.9997760645956857	0.5275824742615605	0.0005016148897865631
244221.10552763817	0.9997876445222923	0.5138093587121997	0.0005379952517573232
245728.6432160804	0.9997986256413912	0.5003966740639391	0.0005787209908908648
247236.18090452263	0.9998090389162959	0.48733444473939197	0.0006154638667279962
248743.71859296484	0.9998189137142433	0.47461245914350325	0.0006407336597115482
250251.25628140706	0.9998282778865555	0.4622224728253426	0.0006497186190310604
251758.79396984924	0.9998371578449532	0.45015732313658613	0.0006412544679392095
253266.33165829146	0.9998455786343622	0.4384074115082321	0.0006177762198721437
254773.86934673367	0.9998535640014067	0.4269631362103977	0.0005850261527858753
256281.40703517586	0.9998611364609173	0.41581875646579675	0.0005511164546059715
257788.94472361807	0.9998683173601554	0.4049664375530981	0.0005241814763168395
259296.48241206023	0.9998751269401713	0.3943958307262463	0.00051059979149878
260804.0201005025	0.9998815843946889	0.38410213616123523	0.0005143114758341336
262311.5577889447	0.999887707924925	0.3740781722782049	0.0005351724664457509
263819.09547738684	0.9998935147929207	0.364313781947214	0.0005690062881827171
265326.6331658291	0.9998990213705972	0.3548059962558051	0.0006094242222623431
266834.1708542713	0.9999042431861268	0.34554611467020657	0.0006479962819357949
268341.70854271355	0.999909194967156	0.3365264542956935	0.0006768364913983162
269849.24623115576	0.99991389068121	0.327744738831582	0.0006906403662419377
271356.7839195979	0.9999183435738794	0.319189837220862	0.0006865795124473846
272864.3216080402	0.9999225662057276	0.3108598022315854	0.0006666407569960383
274371.85929648235	0.9999265704864083	0.3027473303875332	0.0006357202867503881
275879.3969849246	0.999930367707635	0.2948452107741621	0.0006012109962099011
277386.9346733668	0.9999339685750648	0.2871521167861742	0.0005717666665514878
278894.47236180905	0.9999373832402888	0.2796566981773837	0.0005540104635483288
280402.0100502512	0.9999406213286038	0.27236013327483316	0.0005531600615233411
281909.5477386934	0.9999436919674943	0.2652514012189199	0.0005695073111846306
283417.0854271357	0.9999466038131574	0.25832990026069647	0.0006006023857698156
284924.62311557785	0.9999493650753847	0.2515883611234157	0.0006400061003195748
286432.16080402	0.9999519835411765	0.2450222274793747	0.0006798043213465516
287939.6984924623	0.9999544665954262	0.23862896046428275	0.0007120604286950764
289447.23618090444	0.9999568212427803	0.23240005959037385	0.0007300271505154631
290954.7738693467	0.9999590541258717	0.22633695053273578	0.0007309406651955466
292462.3115577889	0.9999611715430462	0.22042831792658213	0.000714645754645221
293969.8492462311	0.9999631794668774	0.21467816263358755	0.0006861683233859082
295477.38693467336	0.9999650835601909	0.20907366663867424	0.0006516396753579981
296984.9246231155	0.9999668891920346	0.20362014346420404	0.0006202304839134121
298492.4623115578	0.9999686014527299	0.1983043000405979	0.0005986334027031545
299999.99999999994	0.9999702251694764	0.19313192336217158	0.0005932200751090298
