0.0	0.5352892646877823	95.11788151530646	0.0
50.0	0.5157126364629012	109.35834713379776	-84.47795504468388
100.0	0.5666717276913689	90.5556497709093	158.9960687279133
150.0	0.5148601520518467	99.32848047169551	131.53662932773676
200.0	0.4829189484888095	110.83817110454055	90.60352726045913
250.0	0.5136166293812631	97.26671714595612	-44.40961867026493
300.0	0.5334075466920946	101.25143459917817	-47.29292005983769
349.99999999999994	0.5026187949680168	101.60079059811801	102.51549680976908
400.0	0.6169595421730423	78.91117610194125	4.566157268815232
449.99999999999994	0.5424401265624366	84.68463573027425	-50.30242790371338
500.0	0.49647154678032	79.60551205075022	5.163226223857485
550.0	0.6319678219187418	89.53358563290212	-129.5956200303383
600.0	0.6829476785645718	94.10057966564663	-118.1501385194915
650.0	0.6814640031483008	90.58878524802141	-69.77654126180464
699.9999999999999	1.2456743500594363	66.11758553002193	-57.01349871530381
749.9999999999999	2.1212328916687473	5.078295203135221	-24.543351537666876
800.0	1.1881527152872715	54.88309760973485	-69.59489049192122
850.0	0.9568705593381812	75.13488161643318	-129.89857321173304
899.9999999999999	1.0485030386860361	55.999776739857644	-147.7151994224453
949.9999999999999	0.858505788517826	81.60750773907127	34.61830517952929
1000.0	0.8245278273663165	68.58029947796932	-109.63744997181794
1050.0	0.9561939722493322	75.29189590274942	-127.79712103290866
1100.0	1.1426056233050266	63.311718543150285	175.849695227976
1150.0	1.1958893280743494	54.3262472566956	-25.11523324776517
1200.0	1.1232191810563892	60.595047269382874	-45.16512577466478
1250.0	1.0507249369045646	55.23783770318639	-44.07489924928379
1300.0	1.115102879628989	49.53967835452792	-29.47150740805964
1350.0	1.4426293914954758	48.35297107409734	10.249819812438949
1400.0000000000002	1.1632932238705624	63.06354735238732	121.53868908719475
1449.9999999999998	0.9963659093462832	62.255713019005434	-85.84793880768187
1500.0000000000002	1.429779701676987	48.045534091922804	-99.93881723873119
1549.9999999999998	1.9461102230455574	28.792340191836804	-146.1864432750372
1600.0	1.8462752199639454	18.010201337824103	-96.44508880975253
1650.0	1.9904101906002407	18.18199355254607	-69.29627752966901
1700.0	1.7225328961978315	28.261711915773148	-93.27551074731053
1750.0	1.9479093841715571	16.928853565364108	-102.95707973832305
1800.0000000000002	1.5110875382790174	33.69645119960701	40.73238905098388
1849.9999999999998	1.699035494804256	26.177065230386397	-8.196222070459205
1900.0000000000002	1.742787628411259	32.83111911174065	-91.95827905352553
1949.9999999999998	1.983594854182714	17.02188263930951	-141.2282320493646
2000.0	1.5498451826314334	36.603182753032904	43.40500369810038
2050.0	1.5544031540254808	30.151905587235806	-121.99560288077424
2100.0000000000005	1.9365076350033568	6.1810252178682905	28.319779363913376
2150.0	1.8187762467507174	6.292318853606751	-63.776215807281694
2200.0000000000005	1.7954623181705258	33.4712671816712	-159.0367682919116
2250.0	1.7624554700124584	22.625462347205133	-162.84162880968094
2300.0	1.7513917046751148	27.98496761580458	-98.5125952649541
2350.0000000000005	1.4145257486049458	48.671068618249635	157.1199323879348
2400.0	1.6439817248087645	37.54089355997912	-67.58283396831935
2450.0000000000005	1.6187902504635812	29.62018583382011	3.9714199872307105
2500.0	0.27283548848361977	64.7774795258756	115.58840224440729
2550.0000000000005	0.746199985769043	57.2231171180173	23.253404854312326
2600.0	1.3732641605123346	45.07244579988572	159.18974674164141
2650.0000000000005	1.2474668565636187	49.429352643951304	86.85494759913085
2700.0	1.5020674676795498	45.860846106840086	122.52226338681919
2750.0	0.5803796968665433	58.570595412427075	-73.35799883904748
2800.0000000000005	1.0076500530015882	44.10219136849516	-127.77288147008908
2850.0	0.768247707791169	54.117567652756456	-173.55402827699888
2900.0000000000005	1.7627724841833678	16.38575498200474	-66.68907013413609
2950.0	1.6654537655871526	36.79389168873231	176.88105835033716
3000.0000000000005	1.4633243158408453	31.041260787439544	-56.402042429670054
3050.0	1.6776499683649306	36.06590100174875	146.43725304507268
3100.0000000000005	1.7366382085161565	23.047372991809443	-101.28306687824323
3150.0000000000005	1.4885624355052112	30.554990820650563	84.83691022857325
3200.0	0.8223379192249191	51.15416729347011	59.70645804067632
3250.0000000000005	0.44217476740582135	76.02396487990983	-32.595340362221584
3300.0	0.5722525679231785	62.31340070136584	34.425410516695756
3350.0000000000005	1.4018992543679367	27.77961578014131	-55.800811315039425
3400.0	1.2061076701899323	53.37841418725434	-123.08944736964831
3450.0000000000005	0.9468445735242668	57.002972144152224	70.40202274794393
3500.0	0.6680857913649162	64.846535105015	72.77845442586556
3550.0	0.7883097319240349	50.873722047725444	106.86412383008842
3600.0000000000005	0.8422469678867545	54.96117790592258	-155.72399042743257
3650.0	0.5845750479585939	52.42557652777119	-173.33298035478046
3700.0000000000005	1.3195873102039462	44.61846906735969	9.711535122171725
3750.0	0.8694949165695672	60.711500731759635	66.25471322741286
3800.0000000000005	0.9235594170293874	51.388955717159355	12.777767425482718
3850.0	1.179876765243693	35.41603873605175	-147.84700788568577
3900.0000000000005	1.4346799901706102	37.64904995423863	-36.49878350504233
3950.0	0.9131830476324538	52.23548704898952	160.13074658140448
4000.0	1.516273565509531	37.00639332264946	-167.32774179001254
4049.9999999999995	1.696409606739642	22.36769947287464	28.433991869658165
4100.0	1.8838504445714037	3.7555768580044044	-157.85283010187788
4150.000000000001	1.4199847337390867	32.30546233047244	-162.273238606166
4200.000000000001	1.5345523746544265	23.450045826834405	90.36733066021833
4250.000000000001	1.4709527490425105	26.581996037985412	-61.164972744265256
4300.0	1.53066497718417	13.953881619995292	165.63916941253908
4350.0	1.425527104198456	30.417624213054033	53.86283346375873
4400.000000000001	1.734403602559849	12.282276855396061	-84.78330404038263
4450.000000000001	1.763701675381808	18.273497673236456	55.78616418998387
4500.0	1.531136570506253	12.761857658212227	118.20357464380511
4550.0	1.4191767852335375	12.4568938415073	147.17836888324294
4600.0	1.3241412549819689	17.46955480398091	-124.32144089011122
4650.000000000001	1.1678993150183898	24.672433049059887	127.14186731783367
4700.000000000001	1.0767997787045298	24.77363086233526	-78.72750984347698
4750.0	0.5443909325508423	56.81915532609244	53.640359778779946
4800.0	0.9360587064893976	52.81779679608147	159.45206581653906
4850.000000000001	0.9305513004398943	36.10991335113769	-105.23435747305093
4900.000000000001	1.2078605130689266	18.29330175155304	-136.77281400901592
4950.0	0.7713550099084426	36.164508269631	85.89904980224566
5000.0	0.9256775606984979	32.370853816369575	102.57708686637953
5050.0	1.4562197932673626	30.054730468406014	0.15963820839465145
5100.000000000001	1.3321240767411842	31.42110634854585	154.0796216490075
5150.000000000001	1.660621781687254	15.709527283628216	126.4489670037096
5200.0	1.6358473742932098	18.379869937921335	-97.1420674237103
5250.0	1.4458640921221728	27.526888765722962	40.01734836488145
5300.000000000001	1.0707806201745003	33.009484828685714	171.5985140929832
5350.000000000001	0.8380075025745491	48.119071395587675	121.18032836297311
5400.0	0.6811057459389541	30.00361401560409	-136.86849151394154
5450.0	1.0923153406851338	34.26753847663996	-162.81242012191728
5500.0	1.2152429302098546	24.66011387620231	-28.00633565829211
5550.000000000001	1.4328971196009632	20.817584267615032	142.32154115699757
5600.000000000001	0.9988828491258509	15.975237534016264	171.74651679493925
5650.0	1.161125363091965	38.975818659912676	-33.18987986075167
5700.0	1.520088867870921	21.454066932337504	75.56337086037699
5750.000000000001	1.405216126657489	22.96035876050208	-50.556307219375405
5800.000000000001	0.6356708889351729	16.94352174175455	60.01363320226795
5850.000000000001	1.1132782366155587	31.422044286753266	106.07335075617776
5900.0	1.263239334392179	24.015540921675694	89.26917902457507
5950.0	0.8448408049373622	37.682285921680666	-105.01285420470101
6000.000000000001	0.8964947491267764	24.273150944952622	-112.4541531747053
6050.000000000001	1.0858813171756998	27.492495202764314	-152.09268800380258
6100.0	1.4728456880458705	15.008795452121866	-102.55824493458069
6150.0	0.8353128131038727	29.143497463151938	138.4295678968932
6200.000000000001	1.0156054006937476	24.813623158998862	153.84932345229103
6250.000000000001	1.6392168181161262	11.487595262463485	174.48341128611324
6300.000000000001	1.085116268587653	18.005314757128335	103.62521183807227
6350.0	1.3275046080544648	25.530358526879677	25.79179522568688
6400.0	0.9119693518181186	34.96339515907339	8.50830363498775
6450.000000000001	1.5474222593663014	4.957921572034754	145.3417458153377
6500.000000000001	0.5850487715771763	13.32104120115286	-128.34045162780927
6550.0	0.6752088676533937	33.96362014033037	77.74331330412396
6600.0	0.9567818063697237	22.495058287205165	168.58531195909185
6650.000000000001	1.037525401457396	25.37946207958318	-50.76747977175051
6700.000000000001	0.64487326280876	19.88131088197292	-62.651852551343964
6750.000000000001	0.7376199404544412	30.538508636019678	20.859698932947108
6800.0	1.2585830871798167	14.735821570652085	-80.5450444593623
6850.0	0.5941778540123168	41.12850764948047	-20.866766866317075
6900.000000000001	1.095621653732804	24.160114389414428	-156.2135478091758
6950.000000000001	0.6405974670890155	33.21531149160901	64.37260770698404
7000.0	0.9910612779918672	19.347812372808228	28.13305287112287
7050.0	1.0140447827756314	29.089539842003443	152.50375553448637
7100.0	1.3642784717712277	27.960790721187905	-72.42894147275145
7150.000000000001	1.0428997948806373	30.45643221853497	-127.3721030427332
7200.000000000001	1.4350339586784941	24.161469915777054	35.999166914769866
7250.0	0.6472029626546882	19.183133118751204	-166.6489843510711
7300.0	1.3589936756710308	19.722828182294595	-20.56140522392356
7350.000000000001	1.022412240760161	19.103064079012405	37.619331614497405
7400.000000000001	0.958079932470763	7.635756952492962	-24.433359554459532
7450.0	0.9580983632580796	27.89460190990146	48.75281361408301
7500.0	0.6651476277658483	24.44526812638261	99.07093887400312
7550.0	1.3906299673745264	23.88034406921658	-135.9822786712251
7600.000000000001	0.7767107701603224	20.407778514341693	128.5895020117875
7650.000000000001	1.0472769035807488	24.17678385323396	62.909341603248514
7700.0	0.8340341098854357	36.71240493486081	173.0019653608365
7750.0	0.8278506922734221	29.893657697331676	-22.999184966635433
7800.000000000001	1.1155096454139701	2.7958946410618117	92.38296219613912
7850.000000000001	1.1828663622242364	12.972325359978955	114.13948525514579
7900.0	0.8809830872040493	12.971378545250536	-80.38531160727368
7950.0	1.3191554783539052	22.64908250896228	165.6248571904771
8000.0	0.7276193443124687	9.877195340654342	-34.37109274757377
8050.000000000001	1.0950308255636039	28.285936236408944	-82.79385545948814
8099.999999999999	0.8558506626146571	24.547652804522713	-125.86699649220965
8150.0	0.9440979988297845	24.895726259846164	-130.3927386200935
8200.0	1.277309395765252	27.202582552702665	-122.08707192299451
8250.0	1.2966095099761286	17.140740821490386	-5.963527128223941
8299.999999999998	1.3273101234167621	21.277704948569397	-160.51856412936237
8350.000000000002	1.3088613975215608	25.929328022861377	72.28143033337463
8399.999999999998	1.3735384927702818	24.092161748683186	12.161376987247847
8450.000000000002	1.1422671740646926	28.668400292898625	124.21087006289702
8499.999999999998	1.1151729762654767	26.505261900519375	-66.84026808815908
8550.0	1.2984053489045404	13.593331670652711	-24.83152238423536
8600.0	1.2166863624508282	23.8240452777293	60.04287313719016
8650.0	1.411216459729388	19.949543835835307	45.18904612267177
8700.0	1.320920353764661	20.86753475352369	-81.19455250713085
8750.0	1.114568873621038	26.084444657834585	-44.74491626451853
8799.999999999998	0.9198361845776811	26.081891148945143	89.21317538304699
8850.000000000002	0.9285166350949916	31.208417432092766	-62.059877075661255
8899.999999999998	1.2044010864845713	23.226574315564147	-38.873241452789095
8950.000000000002	0.9519204776536364	27.652116066728386	-50.551479048629126
9000.0	1.2625003598281037	19.53871549175415	-16.914679100485642
9050.0	0.8981571944639137	13.9225998914859	46.72301035884642
9100.0	0.9601768406520784	30.578339349567077	-120.69962644064111
9150.0	1.374695031382339	18.999739572210395	113.20084405113134
9200.0	1.285126696832808	13.412351596777725	-73.02513409782311
9249.999999999998	1.3117540503253429	17.62834626809488	-63.14813384054974
9300.000000000002	1.075824681823263	24.62322752888193	169.26933408071446
9349.999999999998	1.197500080139145	5.1751776311182605	147.88866217561605
9400.000000000002	1.1860708244288047	17.544975707020008	-137.07965692270952
9450.0	0.6587880182609741	23.209162200896955	57.02267622826718
9500.0	0.9658225889696924	11.212345761063185	-82.89076570312072
9550.0	0.7593993220669415	6.940827219516646	22.117252790188676
9600.0	1.2604583259215107	13.530771834565648	127.38472940911997
9650.0	0.959861494918814	21.46919862390888	51.51261569884686
9699.999999999998	1.2364130562420268	15.890816075467669	-96.71834260727913
9750.000000000002	1.1939950749981743	18.887361928398306	-169.70707829426473
9799.999999999998	1.1391528078063828	10.60583560645091	-133.6389826631783
9850.000000000002	0.9153264312489814	12.501184969798494	-135.68956967284424
9900.0	1.2723228333681165	4.546982085730267	-99.82834662071919
9950.0	1.069431694340916	26.951372361419477	178.08641378099608
10000.0	0.9558548049719633	16.913933465754415	-108.14001837478052
