0.0	0.8801395473423501	32.91767558836409	0.0
50.0	0.9638290224408231	39.78370263700643	78.41552697949153
100.0	1.121836378171229	31.35215283970624	142.4463023437955
150.0	1.04479743611441	32.110881863724785	-138.1968952562579
200.0	0.9496663513039841	39.79637163430309	-86.34389376077867
250.0	1.0891551896693121	30.551183428330773	-30.742474964758518
300.0	1.0378477454364345	31.32462035426296	36.858220658863026
349.99999999999994	0.9726559777621316	38.316385079861796	80.92419021121044
400.0	1.1394620528988433	32.651124388767734	118.30052944575421
449.99999999999994	0.9112923408589785	32.60710711359516	161.26101977006306
500.0	1.117261889084739	30.051841595221575	-154.88772476949407
550.0	0.9569730941542286	34.91923716642741	-117.49709965834016
600.0	1.1094214308015276	34.991547910748295	-98.36499400240864
650.0	0.9659056395884601	38.25494463914653	-76.78937086264469
699.9999999999999	1.1179668749794827	32.89995551613546	-60.14132919109108
749.9999999999999	0.9373080933611934	32.75005375467136	-48.014724149867114
800.0	1.1211676198161158	29.934309520722536	-34.922308848941
850.0	0.934202582293177	32.26992646710209	-28.126956109799703
899.9999999999999	1.0603197576405237	28.62418118659974	-25.00806091255705
949.9999999999999	1.0505185535648693	29.927991104810477	-28.723839409004206
1000.0	0.9429541675884278	31.158011234210434	-34.48742528498576
1050.0	1.1230328903434939	30.04236039750832	-46.24600579359015
1100.0	1.0023636808772793	34.37161713041824	-60.272110300405195
1150.0	0.9820916427683456	35.61708904684994	-78.21173636996556
1200.0	1.1383694517906304	33.222779224891255	-95.58187717796768
1250.0	1.0164218807428722	32.382439408020936	-121.62854073482738
1300.0	0.9374942225725984	30.89131436625785	-153.36556501474044
1350.0	1.0575257779933016	27.200855749624985	162.35375212902798
1400.0000000000002	1.107121575087052	31.421348423187112	119.48887516228577
1449.9999999999998	1.0041484902162856	34.90182264770523	78.76706022329093
1500.0000000000002	0.9471173168994514	29.66966483876483	37.98573082252484
1549.9999999999998	1.0309107552402503	29.215887784217024	-26.84412969534042
1600.0	1.0999845057792101	32.24357545262148	-82.78249456475123
1650.0	1.074407588825379	29.469469850798458	-138.94876207513337
1700.0	0.9889873750225948	28.48660347601058	141.6173237306921
1750.0	0.9598563621768181	34.53696571511716	82.46963964423642
1800.0000000000002	0.9630579392597224	28.174892468501696	6.157991619332083
1849.9999999999998	1.0484548052011684	32.59112539094019	-77.56893822331932
1900.0000000000002	1.0631490429184116	26.31029750845969	-153.6263459929281
1949.9999999999998	1.0943597962164133	30.75151606812725	110.54471417747774
2000.0	1.0874060218287898	26.826703782819624	25.569734267125003
2050.0	1.097642680050814	31.007263916558003	-79.70628231166404
2100.0000000000005	1.0416164107934118	24.985687774658864	-175.8034500578881
2150.0	1.0322917373896219	31.623608261948934	81.08171632296323
2200.0000000000005	1.0065961375227568	27.32741046195359	-35.418771969743915
2250.0	1.0193577205735271	27.88153623156329	-136.49227411285793
2300.0	1.0342176185715248	31.69253817608797	98.55865970462486
2350.0000000000005	1.013814042611179	27.180306376241557	-25.743579346242583
2400.0	1.03239507389528	27.84062206993187	-143.0557180334393
2450.0000000000005	1.0693799556568586	30.785538873445635	82.59213076059056
2500.0	1.0737904255289972	28.212629690451603	-57.6999355812159
2550.0000000000005	1.069769272183348	24.962853069297083	168.2698709600041
2600.0	1.0823524582459325	25.65610668419933	33.648598357930105
2650.0000000000005	1.0874196638765201	28.272090634330976	-111.91558458932728
2700.0	1.0542064130974018	30.082978723322885	93.64944518244148
2750.0	0.996727239301428	29.69449784863216	-66.2179778291893
2800.0000000000005	0.9579045959306902	27.2311285792904	130.9458871475748
2850.0	0.9705795435869127	24.449986653678636	-32.566700878716404
2900.0000000000005	1.0177180476627168	23.445430526990947	163.25553205288236
2950.0	1.0639204371312592	23.673578452368382	-4.067457774793636
3000.0000000000005	1.052037493326445	23.09024542628508	-175.71824130098872
3050.0	0.9908489949330465	22.3972327018211	6.01517857120522
3100.0000000000005	0.9518960595293727	23.33027839220433	-179.28354547438016
3150.0000000000005	1.0100502601495338	24.051838218134744	-7.115465808341729
3200.0	1.061724778963433	22.602215208743882	161.34196368287374
3250.0000000000005	1.0323695298139077	23.542422825202813	-35.874911116980556
3300.0	0.9717997044667985	27.354168076419096	127.31333094323195
3350.0000000000005	1.0073564862528346	27.5356590701933	-73.76378761248507
3400.0	1.0885057456347846	27.04533858902857	84.33596134343698
3450.0000000000005	1.0082869489395816	25.603399608885695	-116.40153871101776
3500.0	0.9687160357397637	23.39520238593168	24.61029327505419
3550.0	1.0510078476665783	22.204352603475332	160.99798518034783
3600.0000000000005	1.027457496029632	25.315158854437435	-63.40621064400053
3650.0	0.9883681125456409	27.25968209772176	82.40099640480608
3700.0000000000005	1.054953350348867	22.69412969550866	-146.05383216240983
3750.0	0.9921056421564175	21.56150355588391	-26.674722366978408
3800.0000000000005	1.0102605520468595	26.70124003729105	98.02621210738401
3850.0	1.0506977559297601	22.769884391335346	-131.2208660379314
3900.0000000000005	0.9624556517915106	22.414734426145586	-24.018668611105763
3950.0	1.0638757045386198	25.483671359623948	90.27190374689945
4000.0	0.9967551386807286	20.9256108558599	-151.31043569685323
4049.9999999999995	1.001138609780335	24.140552466675278	-55.64606612844584
4100.0	1.0492708191331885	23.433094201392638	58.29237273821669
4150.000000000001	0.9784254972802415	21.087423576224534	143.43470634723136
4200.000000000001	1.0494811398711084	23.557591774367207	-107.68068851370198
4250.000000000001	0.9623227575384515	20.93726819781597	-23.75712883890471
4300.0	1.0714799704631768	23.519747629490368	74.10482820725638
4350.0	0.9699007858968698	21.521365972334632	150.2438646496043
4400.000000000001	1.0559833580398958	22.71168960742277	-118.26720177518565
4450.000000000001	0.9766715529136386	21.169926787277124	-52.000811049982225
4500.0	1.0466351400608616	19.66038313453265	40.33722120694244
4550.0	0.9772719665716025	23.759618197816803	103.35590594891829
4600.0	1.0343880014550741	17.766858684014217	176.02202285102027
4650.000000000001	1.0058439029276092	22.184476915333388	-110.43381791114909
4700.000000000001	1.0113328613240695	21.778343736556682	-57.797157444414275
4750.0	1.0211732331585859	18.257935773987782	8.372371174182081
4800.0	0.9907744911061704	21.95711677700188	72.10520339817144
4850.000000000001	1.046198898546199	21.345312078222197	114.76573311089386
4900.000000000001	0.9724107376994883	17.87502994858954	167.00430306695642
4950.0	1.0234798968364054	18.680067596984422	-133.22959619765388
5000.0	1.0222384488695182	21.63223814651199	-95.01832679959497
5050.0	0.9811235980501926	20.18755636513911	-62.58729591942694
5100.000000000001	1.0379224596842098	17.06814341049981	-18.456613471305708
5150.000000000001	1.0040700313768616	18.529355637674378	25.732192212866856
5200.0	0.992606999906815	20.825148667513602	62.31935804372279
5250.0	1.0553186216034085	20.854847513452214	90.7454509386191
5300.000000000001	0.9989887599782541	20.362804185966024	113.09679142515036
5350.000000000001	0.9854429940947119	17.567645147018478	134.17891914162266
5400.0	1.0332600490204762	16.678331487646382	162.38709058911425
5450.0	1.0137954326438448	17.313946607820707	-171.75893898175946
5500.0	0.977170742750302	16.61221880942217	-147.13181150751305
5550.000000000001	1.0121346621267884	17.508290110993045	-132.1325897472403
5600.000000000001	1.0406158001891361	18.854632747839428	-122.57298055836674
5650.0	0.9984034572033941	19.34825919715531	-109.51680496791478
5700.0	0.9846686817068897	19.327308954658857	-102.680570262805
5750.000000000001	1.0403743877758869	19.241135700904813	-101.25163882140774
5800.000000000001	1.04071115739264	19.00928966813274	-94.8208665244374
5850.000000000001	0.9858096746908176	19.142620027021223	-96.25005818674325
5900.0	0.995748710991564	19.419604309521247	-97.73115860992223
5950.0	1.0273795193784308	18.297690736758163	-96.38501302137044
6000.000000000001	1.0372111700621702	18.178672129556958	-106.94263346507601
6050.000000000001	1.0126935893622753	17.871034187831462	-109.84977069470588
6100.0	0.9763291020962392	17.201157598960314	-120.33950795597823
6150.0	0.9986321659173595	16.623658926714562	-131.34364531583256
6200.000000000001	1.0224142099122486	14.303872693363394	-145.83200995039675
6250.000000000001	1.0307863398803372	14.972926699602507	-167.16750179481804
6300.000000000001	1.0100401995883141	12.984440697952143	168.99293583306869
6350.0	0.9885268567662036	15.826814086231181	147.0115782361221
6400.0	0.9850643805916621	15.545525241897407	119.86209881674067
6450.000000000001	1.013340836704988	17.38771879256313	104.29839045010738
6500.000000000001	1.022167265928517	16.62040089853913	78.19098970998064
6550.0	1.035315718530786	15.217670062887152	57.221407001754145
6600.0	1.0103233493580388	13.682475972128156	21.622349544358666
6650.000000000001	0.9895169082800174	13.08727150305495	-16.060191058477006
6700.000000000001	0.9868673832262088	15.511139281557371	-53.53984097555391
6750.000000000001	0.9832350882431194	16.159896693656368	-85.97964933608117
6800.0	1.003552707973791	15.303214078105519	-111.68042621937849
6850.0	1.0084834436194197	13.629958415017287	-156.76561795253613
6900.000000000001	1.022825552748677	12.007731673645056	154.2178730974831
6950.000000000001	1.034651578177496	15.257854762510968	114.3680495797751
7000.0	1.0257130011116677	15.281122250295391	72.50824362774067
7050.0	1.0146290079310674	11.88376231359091	35.03808362302875
7100.0	1.000365602893991	13.439221341195749	-23.13703808188901
7150.000000000001	0.9977279480367184	14.750354093547564	-77.61065371977892
7200.000000000001	0.982333624786295	13.938094639653453	-112.98084715364877
7250.0	0.9804224585646025	11.877128533076679	-168.35002221235317
7300.0	0.9896994757574261	13.926394382056971	129.3108899996361
7350.000000000001	0.9952279896188061	14.535297835466414	77.8731656627727
7400.000000000001	1.001333388941518	10.853973920402167	31.8182853346936
7450.0	1.0046906933881758	12.832599138922712	-37.65366008856279
7500.0	1.0171126667146981	14.2701689224925	-93.5470812852848
7550.0	1.0073156678414406	11.769779125687881	-150.313443971716
7600.000000000001	1.0173095958913245	11.093380595961248	135.4178052910598
7650.000000000001	1.0258090418643044	13.348005288703911	87.36316043576922
7700.0	1.02054306578171	11.535723950153283	20.80374695208139
7750.0	1.0238914331045053	12.37319237010855	-56.20014070819854
7800.000000000001	1.0191318507974998	12.760910143337076	-114.3586486603541
7850.000000000001	1.0245416201960231	9.230738001414718	174.52104167633266
7900.0	1.0178392912154675	12.641347209668787	106.66279505227628
7950.0	1.0212368704431996	11.141648124080657	44.852435453067436
8000.0	1.0234462194151628	11.677354773072356	-39.347810075523036
8050.000000000001	1.0270561962858675	12.631604533499162	-108.01744368056711
8099.999999999999	1.0153264579314178	9.628912287242597	176.1707151291438
8150.0	1.0185126471753287	11.805351925560716	97.28111343502651
8200.0	1.0221256716516791	9.279079933969347	36.65136855660668
8250.0	1.011942803051834	10.938115738296085	-53.64904125511851
8299.999999999998	1.0232142196023657	10.821017111112285	-116.81744837437441
8350.000000000002	1.0180587932773184	10.647524738984599	151.57205195552245
8399.999999999998	1.0196110575420396	11.80400672914954	77.30024298181944
8450.000000000002	1.0131671864371348	10.13728130618669	-8.82023046739182
8499.999999999998	1.0179836106902675	11.595616569770506	-93.1183149266234
8550.0	1.0008318691928884	9.271418282258033	-171.1376246962176
8600.0	1.0084169697026946	10.844964053830621	96.19756041019681
8650.0	0.9951894782808876	8.520258825817734	25.71617577111327
8700.0	0.9930109618040189	10.239251193247851	-73.20331287205454
8750.0	0.99421175794373	8.244937732375119	-140.700644969828
8799.999999999998	0.9841435420198538	10.062522564504082	116.68098636578806
8850.000000000002	0.9934096096158316	8.413636938062707	46.46133729823623
8899.999999999998	0.9873724237170192	10.129698567980233	-56.822355859709226
8950.000000000002	0.9957019385738932	8.70737633062255	-132.89340952464696
9000.0	1.0001438866323271	10.150637520942452	125.1991375088093
9050.0	1.0036067553434083	8.850447503704745	43.85081626659371
9100.0	1.0143771830479233	10.056852995119039	-56.95492861632015
9150.0	1.011727983436058	8.754246295779225	-141.62148923162914
9200.0	1.020268306525585	9.99228175327877	118.0827988487229
9249.999999999998	1.0109040424279037	8.532443386087456	30.295480341083245
9300.000000000002	1.013138854428151	10.001919507702421	-68.58362107322608
9349.999999999998	1.0003289337569454	8.394333597408359	-161.25018447244085
9400.000000000002	0.9996807498207121	9.933061585020894	102.65241319387839
9450.0	0.9912211375231612	8.390615311472533	4.232632059366047
9500.0	0.9953095331644645	9.632043565730688	-88.87448565881242
9550.0	0.9958753891712991	8.398321935997176	167.72825308447244
9600.0	1.0056269859735478	9.0524216576442	77.56359599793342
9650.0	1.0092382361059336	8.400146374549815	-30.246768424665856
9699.999999999998	1.0147271579180726	8.187143813592002	-117.68746642485306
9750.000000000002	1.0117597477814035	8.547332410097042	131.26974210678608
9799.999999999998	1.0057973839846852	7.126232933993903	42.95914281271016
9850.000000000002	0.9996071280562732	8.715319780826206	-66.57973673607763
9900.0	0.9907675135456726	6.21953371471159	-164.6860592046596
9950.0	0.9938648657215133	8.401910219091466	95.13919795075641
10000.0	0.9941691562520814	6.053788980706619	-19.200699288481616
