0.0	1.0033283120600032	76.37576472450502	0.0
50.0	1.1405173912458701	79.08288006653511	-112.87399242595536
100.0	1.15377933877642	79.48484978389646	108.68693368443064
150.0	1.007883108903945	80.94584742805677	-36.72960295053078
200.0	1.0562090551178906	71.26412397847488	-177.00448907343142
250.0	1.028456019829608	82.7414821538127	22.57090147802984
300.0	1.0627949468424807	77.59903041980176	-157.6880558049401
349.99999999999994	1.0346550533094079	82.71133876544552	15.740635376977567
400.0	1.038946054423242	73.40221396022226	176.83408766475037
449.99999999999994	1.0156179685046485	79.4727076799163	-29.76612710640966
500.0	1.1168887525547921	77.92892784235256	114.62636733736106
550.0	1.0811123743262292	79.58103063501183	-105.78116948387091
600.0	1.0308282420638006	75.24399947380142	18.862457409487057
650.0	1.0908362549568034	72.98238151883879	130.183790007761
700.0000000000001	1.0203916122431733	78.3392345045863	-121.39500158220044
749.9999999999999	1.0012993415747922	84.65668451124228	-16.53443666835048
800.0	1.0604726908249256	80.80911910480856	79.7084680154747
850.0	1.0609979478915952	69.55501887650152	148.3984973351544
900.0000000000001	0.9997573998269044	74.05519395224127	-152.57291237299677
949.9999999999999	1.1790657038697385	78.42173272251009	-80.73894768389194
1000.0	1.0446366963821134	73.92307754682027	-36.339021316940155
1050.0	0.9751270204012611	83.17978520719798	1.0473956978076355
1100.0	1.0205450653867076	77.91653487693773	46.43813730740247
1150.0	1.1242345926063655	77.76806989388929	76.15981392199777
1200.0	1.2371273516393488	74.65392726953382	91.36680926630001
1250.0	1.0306341554818015	72.37198109733296	126.37268976082738
1300.0	0.9799220866906709	74.89946440627419	136.93760183627515
1350.0	1.1046523408826492	70.61565401682081	122.29174540192278
1399.9999999999998	1.2292968678166456	72.53161237875725	101.29727240257056
1449.9999999999998	1.161984089378762	75.90327438856608	87.76280273275033
1499.9999999999998	1.074890210762401	77.61291718914876	67.8172866710711
1549.9999999999998	1.0457869860629145	72.2614331304571	36.44019051308137
1600.0	1.1279588077600244	72.12630140439306	23.312485824551857
1650.0	1.0748914558710267	74.15579362809945	25.432804440992854
1700.0	1.0454346941516413	71.68038428643807	-16.215550600760512
1750.0	1.1106478756421436	72.37587681462703	-22.187762081727094
1799.9999999999998	1.0732569186696277	74.12756293613195	-45.22201902330478
1849.9999999999998	1.053752091177977	76.56463988338622	-36.98819373414991
1899.9999999999998	1.1331527006869238	65.09642725209878	18.509036521051907
1949.9999999999998	0.9726953704695736	69.51423249695219	36.368310173877106
2000.0	1.1760662358062386	70.71086534860608	50.33065881413694
2050.0	1.1578069843260586	63.05563745649968	140.65817639443418
2100.0000000000005	1.2979360333635268	63.22015301389803	-93.24376602908085
2150.0	1.2172496492530056	63.11029741787804	-109.24643872688351
2200.0000000000005	1.146296587119734	67.03704349215457	15.29192066480714
2250.0	1.2634771178255435	52.795842684264045	142.59913843912253
2300.0	1.1264796554966519	66.01293851934588	-63.932611204167245
2350.0000000000005	1.1211442804793397	61.227529503096065	-90.90872352489517
2400.0	1.3194830047072892	54.00029101568887	153.13607167161658
2450.0000000000005	1.1024961556608037	67.45100468896521	123.26104493893294
2500.0	0.6860335262802602	74.67299205568875	-132.58324967097352
2550.0000000000005	1.142368648020913	58.4516579889114	-41.06911181810429
2600.0	0.8950002335046281	71.27836356031068	-90.11043799419869
2650.0000000000005	0.7777540170817892	73.0789578120125	78.49365172876388
2700.0	1.2365096681230012	55.98326309441818	-88.86625913672587
2750.0	0.5569327933320002	82.16946176265708	-49.436714035384355
2800.0000000000005	1.1421455397912958	62.93717731309088	-108.6594395137226
2850.0	1.1410470748865416	66.31939434747838	150.0287823775383
2900.0000000000005	0.7442690868523004	72.6728212175411	-157.38313641091227
2950.0	1.2845827133064427	46.343872682943484	-40.280794920020526
3000.0000000000005	0.9023118719516223	61.41001411436337	-2.7754586035341298
3050.0	1.233764798374426	58.92890681160412	-25.411989392527538
3100.0000000000005	1.1576519825159133	53.25009586377332	-79.38137450491027
3150.0000000000005	1.0557504494555439	65.17280969005716	-63.95516536060697
3200.0	1.0815261293437899	57.0414134825947	-18.269535641167202
3250.0000000000005	1.2213653508212938	61.289206687216414	176.2695578659797
3300.0	1.539881588700243	33.48696453024749	35.95923146679289
3350.0000000000005	1.8197255167980144	27.361508965551725	-40.43820338728932
3400.0	0.7039735364426559	73.42829862769626	106.79468114801458
3450.0000000000005	1.3717026222141167	41.341348640902496	-54.84677006751952
3500.0	1.5887357807921234	35.803913814508455	5.130648896390925
3550.0	1.679107851277648	39.563797723474735	163.94476368581985
3600.0000000000005	1.6095891807893947	42.51510127478901	85.80665027971283
3650.0	1.0389991275189692	65.56863886370554	-24.842582145734273
3700.0000000000005	1.4009981913245593	44.889528011651876	68.89746041323598
3750.0	1.3691693774264415	57.10661193744055	-28.037495885301233
3800.0000000000005	1.68227330636435	31.971680841576706	-118.09642490637876
3850.0	1.791765817845833	31.296477350240146	95.28910038449342
3900.0000000000005	1.6429842528799143	40.32264913316997	82.6440435453299
3950.0	1.5880102782153407	34.01421911817323	-176.4045440525006
4000.0	1.5478823789729372	47.14923621853807	177.58858619672537
4049.9999999999995	1.4558818833799763	40.01264295117902	85.27442336867041
4100.0	0.7801063953539319	61.15895398460917	162.6055651847672
4150.000000000001	1.461228318932158	47.09776650968098	-168.70096171749816
4200.000000000001	1.3986539647271035	50.40924220551012	71.05790603965124
4250.000000000001	0.34000097429378356	83.50910003531638	-34.86818558860117
4300.0	0.43831030462904663	73.6385278404124	40.3234134766014
4350.0	0.4387915717313094	68.96132609280255	-36.22645394652145
4400.000000000001	0.6105809095085752	58.617771150761556	86.76101208713175
4450.000000000001	0.7352542665245655	77.26087893119653	-107.85963273113498
4500.0	1.278288290426828	55.750857059511425	14.367457217886015
4550.0	0.7565258106456767	68.28663375028849	-91.6077191009907
4600.0	1.2752954378315857	57.180867878820735	-130.4432833342298
4650.000000000001	1.3322691008079013	45.01981684944093	-43.86024356341479
4700.000000000001	1.4013779187720434	39.847395082291655	-154.43749197796063
4750.0	1.1094697743462936	49.876087832328096	-86.72825562548557
4800.0	1.1209375347584167	67.76429091583191	-9.952180796312714
4850.000000000001	1.0176016414215976	63.48896021112466	133.0431471692747
4900.000000000001	0.8289345174302083	69.04298536672569	174.83573665685373
4950.0	0.944717655799536	62.83445281943921	-38.173820130272624
5000.0	1.1468042453859684	49.80024457674946	-105.70049865216788
5050.0	1.3326531974796818	52.1263773704925	47.29035304699871
5100.000000000001	1.2380374971463675	48.660388730069116	-80.3426373087657
5150.000000000001	1.1462862966466418	57.4195002941232	12.700896343235328
5200.0	1.0971973224370681	53.256186340103945	66.73905638909817
5250.0	1.3069097660217408	57.41576813595519	-18.468139531249864
5300.000000000001	0.4654183246273764	55.634042887982986	132.79498501843753
5350.000000000001	0.9138252528862948	53.86481404286709	66.57757233778034
5400.0	0.356974573197328	49.191848781248446	-9.937413300241131
5450.0	0.7917153737152488	57.3381959696318	2.5742988340443897
5500.0	0.6803373979980549	62.59884669446665	166.3246226396945
5550.000000000001	1.4084063574101493	30.37553291203254	135.6346516909437
5600.000000000001	1.8554434938338846	17.3063860264278	81.66845344046598
5650.0	0.26554697205688516	58.95586571961391	86.26452694004895
5700.0	1.2900756150870027	53.5183108345996	177.614757448696
5750.000000000001	1.220968866887609	49.54027902993021	-22.5162513352376
5800.000000000001	1.3765851932687745	50.26844435572716	-132.82655519991698
5850.000000000001	1.6121175696784296	38.041319024431544	151.99022085173087
5900.0	1.6086563285752438	36.81167620688245	15.089215394389083
5950.0	1.6762912430080934	28.131667191678094	-62.88929549328108
6000.000000000001	1.1414904691562162	48.91357251633059	-36.23172079600541
6050.000000000001	0.6966075347229504	64.10917346834523	-32.36184602418494
6100.0	0.5357868357422653	41.356734529640086	5.426932644530548
6150.0	1.6362587941235607	34.190460774743784	-65.16996803739191
6200.000000000001	1.232058966439716	50.41002463534558	21.236482509196385
6250.000000000001	0.7752607598502423	49.828308172309555	-128.36763292892576
6300.000000000001	1.694961189672086	31.34052764153349	50.25982054331985
6350.0	0.654662592388764	39.57153095748565	-120.59162897351545
6400.0	0.9977134149545546	60.64062170206282	179.23572449549673
6450.000000000001	1.3081864473664566	28.695547905087167	-160.63230245787534
6500.000000000001	1.4096281422424861	39.024037614634985	-82.36557619215185
6550.0	1.0697919414791333	51.66601278607617	11.781087052017766
6600.0	1.2190728643746336	43.76917205988671	-76.1537363153171
6650.000000000001	0.6792296426613499	50.823984450377694	43.74573201574021
6700.000000000001	1.167684749182108	42.856195899872894	157.4819147125783
6750.000000000001	0.9452720272117292	55.777675732968014	76.0928698675861
6800.0	0.8697097992350732	55.05611231881648	-124.01786417889714
6850.0	1.174455870989002	50.48950193608477	116.87046764951074
6900.000000000001	1.0530087276023925	51.09885473597971	-100.73455916201998
6950.000000000001	1.1669759350460822	44.383534494155754	-158.86032579232864
7000.0	0.9382607436522578	58.11671528114172	-107.93997728124684
7050.0	1.2102263990576212	48.25922483988929	152.07643045490795
7100.0	1.3563402989787592	37.26732228162769	112.46522837942105
7150.000000000001	0.7469708183484737	48.955902040698206	-7.661672473874173
7200.000000000001	0.9983593298567922	50.40537226628513	-57.8579165372113
7250.0	0.9392544899475369	47.99869455071636	-42.08953144823112
7300.0	1.05569391530941	47.56733959156261	5.974859567439929
7350.000000000001	0.8751141447548361	61.96748023514119	-110.05093871397
7400.000000000001	1.2568012868383995	45.99156102417935	72.76703884035095
7450.0	1.111759005511753	53.07106958187648	-137.04043423146368
7500.0	1.0066282655557712	49.09181632980741	47.069136061246915
7550.0	1.3893193641243133	36.50684639525759	-154.15560483191123
7600.000000000001	1.6958641073498595	16.41287282755273	-21.04344037382106
7650.000000000001	0.7673697932837904	40.77548121429387	141.38136427663702
7700.0	1.482434513885838	25.547196738053852	-177.70043374163555
7750.0	1.0511621993532794	43.591929833644976	-26.247515747636477
7800.000000000001	1.277400080782903	26.121462380641315	-49.87736669886716
7850.000000000001	1.126584430646275	41.55185324738828	45.46569953196966
7900.0	0.8912293339933176	47.999743088726	-132.31313743485097
7950.0	1.031846884738968	50.82559107986322	-104.36596709793686
8000.0	0.710658219109877	50.49509387629722	-63.533291763691906
8050.000000000001	1.100074460676146	38.02557189928951	169.56563749493415
8099.999999999999	1.196288372554664	48.3456765211369	18.066048763136603
8150.0	1.250058924764421	39.44481518726393	-93.33178073585589
8200.0	0.8092337797514969	42.40892133147951	-147.1979715992823
8250.0	1.176427666252052	48.1327007376398	98.87490238957783
8300.000000000002	0.7408335992804314	48.920655484758726	112.51524385799684
8350.000000000002	0.7708157272396599	57.72331089569065	155.29391313127246
8400.000000000002	1.4776901054777933	25.546656126456128	162.91836620018395
8450.000000000002	1.216204900105919	42.15309269763631	-142.69392318894765
8500.000000000002	1.2966032635376912	28.874264340260098	-126.20162425718105
8550.0	0.7678026704815516	37.157538836992025	109.61933293008954
8600.0	0.5625575853153852	31.863635176744662	1.4058197768499727
8650.0	0.3582691700506067	40.998515314754556	-164.05024212942914
8700.0	0.9875639654994308	31.100251924218917	-45.09526358774237
8750.0	1.5388485729618735	18.341358943975077	170.58890548323697
8800.000000000002	1.4997773379444044	10.92619520311095	-7.844344346963751
8850.000000000002	1.2348509281890405	31.822240130048353	136.34354025418622
8900.000000000002	1.2734502910013004	34.15066415324947	-142.45313028117818
8950.000000000002	1.1882543971238846	34.6846662438763	147.67753874402882
9000.0	1.0260192558235428	46.93269229558675	-162.90930137445957
9050.0	0.6247999416462175	49.17852688091168	165.88030046336885
9100.0	0.7558478037022777	25.515968806138456	-101.41100502970924
9150.0	0.7552130188781323	40.402168029377314	49.70811576716765
9200.0	0.7798575638747005	44.15656767405657	-87.48912658851985
9250.000000000002	1.4227683370286501	15.511017326489815	152.84937423410514
9300.000000000002	1.3905981710380637	15.777855072771121	8.676794951369686
9350.000000000002	1.5613407027719945	20.492619176303094	171.03532373506934
9400.000000000002	1.3041675408492448	7.920318806707477	-159.6917951795277
9450.0	1.6354237502837028	16.359956856465715	-30.29985337064409
9500.0	1.6366148062123584	18.728593556893973	161.17045277639758
9550.0	1.093953488691803	48.350953037098826	-175.08817129690885
9600.0	0.6388599939665055	42.66345076060581	13.170771204990755
9650.0	1.1292042167068945	8.722922474350757	99.06299708629604
9700.000000000002	1.000808444281609	23.73046896977803	71.80172897500411
9750.000000000002	0.6172093872463236	33.01222960452832	13.65834748662442
9800.000000000002	1.337239174609669	25.68327245319486	31.089183588786955
9850.000000000002	0.6985516147333872	13.225351172973795	87.33664716894937
9900.0	0.9968709941700518	16.79621196089383	91.32112201722596
9950.0	0.4307122924737682	27.10390418408829	-3.28691905259533
10000.0	0.4875328082540396	49.44889618932516	-11.47022362318935
