0.0	0.6393154096130373	32.69209216709274	0.0
50.0	1.3095897377806003	25.583273185573617	26.982591020565962
100.0	0.7771619126553235	24.19038087484381	52.687503606208665
150.0	0.8135144997445269	34.31995208865281	-64.60988396514054
200.0	1.091836758618034	37.53501602967373	57.56002685284777
250.0	0.937403095868328	37.93696557258503	91.77464051849411
300.0	1.1570690025517956	25.94516824178249	-91.23496065134115
349.99999999999994	1.2164599818184871	18.07383356076489	-124.94440836768618
400.0	1.2147378621741904	18.735911769299182	43.01878840252143
449.99999999999994	1.2672251709218263	22.028797344202637	-15.764390729902985
500.0	0.7080549265863448	20.291466387414882	57.30438316797185
550.0	0.9016889134757036	32.090411221125	-102.83762881162926
600.0	1.403385310017147	19.736171304659674	75.76602730049498
650.0	1.2703733895953555	24.635830747600632	179.5823103298768
699.9999999999999	1.0118838977384468	19.638311936734375	-24.58791266812851
749.9999999999999	0.8333528082467846	32.064809418691645	75.29817826045107
800.0	0.9343370048439265	18.59953624544842	-169.55275970802572
850.0	0.7965274133611429	18.59350392074064	85.97767240590082
899.9999999999999	0.7949024154701333	26.683841507031346	0.19243000167865157
949.9999999999999	0.9882880412434978	16.241189455588856	155.9257296598708
1000.0	1.3558375918571601	16.30293424291913	-92.27224408351162
1050.0	1.1961296831546082	16.248885911995135	-27.993862779718146
1100.0	0.966802376830619	28.585653568146526	144.35070315106088
1150.0	1.168989445584024	22.20171629979971	14.380079091948751
1200.0	0.9547410776314942	26.900070193477447	-153.06760881152147
1250.0	0.8507559094808862	19.572254235342328	151.5659052241077
1300.0	1.056750002096995	25.99032772807997	-66.11085395963849
1350.0	1.116718283115014	17.414634832757056	78.0175023442607
1400.0000000000002	1.18376623274048	21.0542912434071	33.65144194755142
1449.9999999999998	1.1604532683748516	18.03420424828783	-118.17247290469697
1500.0000000000002	0.765682454492077	27.92331220183271	100.66806120823497
1549.9999999999998	0.9356957473113485	28.040600814297058	-83.68214314057553
1600.0	0.8204026413430088	25.650862278216493	-63.11206937134016
1650.0	1.2112826250043172	19.252425214238254	-41.54140798887859
1700.0	1.0980169399124333	26.307500544593825	-0.17792715801616404
1750.0	1.1031584106839913	29.797870692154063	-22.081589909367725
1800.0000000000002	0.9470508642793192	28.853956368247253	-59.62538999579614
1849.9999999999998	0.9694446189242295	2.7170883256712073	-9.233004513943634
1900.0000000000002	0.6180892402992153	30.684489946520742	72.44090950760875
1949.9999999999998	1.196128720769313	18.17142925689079	178.69657208634075
2000.0	1.170230898249073	10.799371555266324	-75.54684126716536
2050.0	0.7143915181205249	19.844306795752182	-96.96050413434703
2100.0000000000005	0.6789465771973557	25.131375833475673	169.001096021103
2150.0	0.8706361974487414	23.698131552067544	-40.728286072577106
2200.0000000000005	0.8438536889145626	15.298872727750524	-90.94317359583285
2250.0	0.7312706915609386	17.416543020241537	-74.21002970357087
2300.0	0.6921033343512706	8.230741878028239	87.86741444074408
2350.0000000000005	1.241324705264284	9.453947037325984	-125.9508464643438
2400.0	0.9491616686102456	7.7576606846218175	-90.71922997946929
2450.0000000000005	1.1564858318255664	17.613660121951312	-32.89560897343162
2500.0	1.135032847414345	13.996665366083995	23.978184780212242
2550.0000000000005	0.789822013655693	25.82961776149779	30.471294370186467
2600.0	1.1543497469939072	18.42827504804655	10.733136359117532
2650.0000000000005	1.1863754123947863	22.995540627666838	97.12444697652097
2700.0	1.1474246593173196	23.30603759644488	126.56263238626437
2750.0	0.9690074702586169	14.389673562596302	111.5821681182029
2800.0000000000005	0.8639671478687247	19.150480172338632	-72.85218492935986
2850.0	0.7909349316882531	29.795540475192656	157.80598024945408
2900.0000000000005	1.3752215930954905	12.750062053232831	101.61612942632568
2950.0	1.3125589934130402	4.097774425357494	76.26522846888501
3000.0000000000005	1.1623065613593766	10.089523961547032	-38.33719648166213
3050.0	0.9830971563056472	14.854591166184978	-117.5315384296798
3100.0000000000005	1.133522972190239	24.197623870749702	16.5691488859276
3150.0000000000005	1.3764165841652478	15.965968428112442	-28.744389675973427
3200.0	1.418799785964627	7.794905086677567	8.381038913006028
3250.0000000000005	1.1480165967003528	6.085393299509447	-66.79381479393065
3300.0	1.1611128715946377	9.845931542191963	-72.71900583368652
3350.0000000000005	1.2687683129663194	10.785736608223832	-3.9266072164842205
3400.0	0.8139859012435863	18.40884549442122	-174.05331539513193
3450.0000000000005	1.1289673830350428	18.432083568343778	-104.35961217152303
3500.0	0.9509403436028206	11.90055476246549	82.15336157585001
3550.0	1.2653431571579936	14.363937322652774	-135.93756270235457
3600.0000000000005	0.6643031911706538	16.067825157728652	31.9237474201587
3650.0	0.7016925318527083	10.254462986689989	101.14514929836976
3700.0000000000005	0.713984431300842	1.709856143559786	88.08312685654187
3750.0	1.1253562140928426	18.47994233542489	-78.35448368567766
3800.0000000000005	0.7926162028702336	22.98337623777524	106.93078260236507
3850.0	0.8360429046985808	26.29963888099756	153.57850582217898
3900.0000000000005	0.7686127867319515	8.224169339606357	-123.16124609684213
3950.0	0.8898652915389413	8.03585007012786	68.10898044165066
4000.0	1.1203522432398738	3.8495583847081525	117.2634127521944
4049.9999999999995	0.9714299842647452	10.015921765017836	169.4806259348547
4100.0	0.8644213011903666	2.327620593187359	30.59712072476245
4150.000000000001	0.947474923525595	9.245357362904434	68.18505944569202
4200.000000000001	1.1678754671043734	16.813402165498808	-169.101350585037
4250.000000000001	0.9305970535063313	18.78654586178061	-168.53239816629127
4300.0	0.7056886780061198	1.38877600974606	41.8072619082878
4350.0	0.8270097404584055	11.63924799174383	178.66055062463738
4400.000000000001	1.1574099857185303	14.37161990077315	108.13382840763656
4450.000000000001	0.8748165259035261	18.280371535321812	-48.2141313927492
4500.0	0.8575213644907197	16.737248451067003	-20.624556187265625
4550.0	1.0443539038331835	14.331283618152376	133.0574276843414
4600.0	0.9883127406435561	24.278013810196818	-18.170143320239536
4650.000000000001	0.8796340554101731	13.205351053522827	-130.76416020168315
4700.000000000001	1.0005932982070456	8.912782899557858	-80.98707542000552
4750.0	1.0038543036257754	16.6780054576475	-135.22266470370167
4800.0	0.728592723380452	13.756186225481638	-58.64330621141074
4850.000000000001	1.243523829355501	11.18520423073092	-91.93509897862984
4900.000000000001	0.7345356975841717	20.54974614177601	-92.07178685905043
4950.0	0.8057037058368657	13.894242497273119	-50.54003932204503
5000.0	0.986710969420619	11.01493103447181	115.22815088334438
5050.0	1.138588044341274	16.17791599613874	72.50126430113868
5100.000000000001	0.9768401552279347	19.213877611201926	-40.897306317487754
5150.000000000001	1.124926752068702	15.272990946482487	3.5604407274071197
5200.0	1.2368186310037224	12.808357888620792	-149.62751013171143
5250.0	1.0758402574002344	20.16499457918127	-166.45094348079897
5300.000000000001	1.2850984305103808	9.178848116057576	-52.96649212360055
5350.000000000001	1.2188448040708153	7.76683694542427	-50.79344623603873
5400.0	1.1973669707747672	12.956322224281294	45.40684016313156
5450.0	1.1743418747799865	9.0982498477017	-136.56051780601408
5500.0	1.1554190392557773	11.2748799331228	-34.53947853694522
5550.000000000001	1.1699907436523946	3.8654051672239955	-137.41874442113829
5600.000000000001	0.9828693916871343	8.428648203111743	-175.30778300232592
5650.0	1.0658405732329204	15.347529801564052	135.80276674580006
5700.0	1.0966319461842846	8.89620440010646	85.8265400178479
5750.000000000001	0.9314684086983127	8.363643550957901	-72.84482997258999
5800.000000000001	1.2114109728624154	13.902596864489023	1.65089308338801
5850.000000000001	0.9946870697206202	13.821462974603016	-75.55308418417256
5900.0	1.0094925174636697	13.076966620563908	84.02136266972424
5950.0	0.941351955505566	14.673854729999706	-51.390566755013765
6000.000000000001	0.8046214653620045	17.627592779369593	-53.96084057122158
6050.000000000001	1.1121067939106377	17.75086952699767	39.18810969011248
6100.0	1.0046641270614451	10.634420255743647	-84.09311850082145
6150.0	1.0381879834576018	18.346008746556908	50.12726867793324
6200.000000000001	1.0590634537702752	19.335504819119944	168.36126079050626
6250.000000000001	0.9230395125148951	13.060001690255614	-66.85004766934108
6300.000000000001	0.894943375166474	13.508793446828873	58.687465781163034
6350.0	0.9759227553753754	12.62916965531077	141.56178446838064
6400.0	1.1677206788203953	11.840161855466684	153.75445405244085
6450.000000000001	1.0661391407241962	15.487225904186028	32.60671100878804
6500.000000000001	1.1036022196331456	15.868932065662923	123.83991757385716
6550.0	1.0855033619514727	3.8959675201311414	-166.23347976274897
6600.0	1.0410201178603409	12.370538014125904	11.124678419407743
6650.000000000001	1.037017602937185	12.124657196244092	-142.32423755334696
6700.000000000001	0.9277830053082247	11.855568483147163	-113.26079096181435
6750.000000000001	1.1237646423778185	12.276844730590684	-166.4845265849833
6800.0	1.090164995259362	13.470969808496218	-168.30003915540664
6850.0	1.165406935535983	12.85134282604969	-13.104580201188414
6900.000000000001	0.9984694126472018	10.027183084864165	69.55189064435365
6950.000000000001	1.0522363616125017	15.596753636432224	23.416040451091686
7000.0	1.193150900031798	11.09282556015379	-37.64620509634997
7050.0	1.0049330421523972	8.876955002492378	23.578703775498926
7100.0	1.0283368598962686	7.9604367760791845	87.38054822488672
7150.000000000001	0.9818289749888136	11.943281667874901	-74.43846966368004
7200.000000000001	1.0157121848788078	6.7341020073059195	-114.69548032539286
7250.0	0.7406508338041624	0.4549953039110063	88.27681865169795
7300.0	0.9616677229107609	4.635391538219617	80.89267287934194
7350.000000000001	0.8035674092214254	9.868944887577541	9.132588044832618
7400.000000000001	1.1282835222042094	8.700009179562155	155.0676616419774
7450.0	0.9711223445016307	2.216187001141096	-128.84890572596288
7500.0	1.1545479290297425	8.362999428574375	67.5255458097097
7550.0	0.767559131092417	8.400062919571619	63.69605950266467
7600.000000000001	1.1628425629953025	8.30275568755133	22.122664343969074
7650.000000000001	0.9620510007767129	11.268399164931912	-37.96116995768016
7700.0	0.9390946781106709	8.413276425685982	-62.86507125284815
7750.0	1.0348728179352662	12.80791143727867	152.58444321193014
7800.000000000001	1.0690597896471614	0.6862647699659067	-138.30718012415704
7850.000000000001	0.9962652583578527	6.293533479035963	8.369682642190984
7900.0	0.9366546542445452	5.585669294518039	-67.31797995694406
7950.0	0.9390793781627912	10.426321135474009	-21.463599686779578
8000.0	1.103357993690898	9.916441775139745	-83.48804413618608
8050.000000000001	1.1146741551815507	13.056479499383896	152.9566340431394
8099.999999999999	1.1029589098937662	10.803570603235645	112.72733255802133
8150.0	1.039328477559033	5.6904774552310755	62.242282022949595
8200.0	1.004841905125575	7.4721700190364535	-70.53638594774259
8250.0	1.1434221768024115	8.004392475858655	102.28103471189658
8299.999999999998	1.1674040715631726	9.761479042077115	-47.94380226292612
8350.000000000002	0.896663126875185	6.39960080402831	97.72615224770512
8399.999999999998	0.9243728814998073	10.131030688241317	-91.5419651815921
8450.000000000002	0.9406624212761556	10.19690023570496	104.41086545138249
8499.999999999998	0.881931333342425	8.220258796822675	-101.96848230952637
8550.0	1.128541245469577	9.94605710896278	55.7065152628876
8600.0	1.1653760907102317	6.764713858973238	-82.50213881867049
8650.0	1.1586349487900356	9.990403394458264	3.749446713704858
8700.0	1.1748045315517968	5.297379190575124	111.19331335208054
8750.0	0.8952123806521544	12.538225995105986	-58.05930532929112
8799.999999999998	0.8939405021125721	6.769249918179968	96.21584486479657
8850.000000000002	1.1571839312431225	9.989255339442556	-161.92986497093895
8899.999999999998	0.9954297877493542	13.538098701789524	14.868349969654668
8950.000000000002	1.0242367075279797	10.804297418766494	-49.376148638841684
9000.0	1.0151890293561803	3.159731659793191	62.66936992567767
9050.0	0.9965519721064575	11.914547919168704	26.249765515383594
9100.0	1.0692204191165828	6.769461626236603	-79.41427353132633
9150.0	1.057049579093364	9.588552699772462	117.80090823114608
9200.0	0.9679379102593021	3.400268789586388	-28.09815077883332
9249.999999999998	1.027775679868773	13.446653309905091	-167.24848613662184
9300.000000000002	1.0443975422213634	10.22302443920541	130.97013739650308
9349.999999999998	0.9995016348719374	3.8473851751084376	-119.93859976639646
9400.000000000002	0.9860156038008566	12.624078120686264	-166.94158513103514
9450.0	0.9918017714159624	9.82734540688142	127.86817164518463
9500.0	0.9978283037722534	7.90802593189403	-110.5993915903072
9550.0	0.9992238051422474	11.406844783774483	-175.2739695810732
9600.0	0.9947209253610234	4.667501912553467	104.1063320597214
9650.0	1.0392458585731577	6.511444052043982	-123.6113418062156
9699.999999999998	1.024457690888528	12.89113647160268	178.46460560076133
9750.000000000002	0.9818349858488353	3.3795915435676327	110.27311553687544
9799.999999999998	0.9991933227072909	7.538323245644172	-92.69863187675216
9850.000000000002	1.11599640373173	9.832132980656016	39.13740777365611
9900.0	0.9129893469552095	7.20342734841315	-134.9047619392107
9950.0	0.9712671794323707	7.7166038581419665	30.072862454499386
10000.0	0.9804549137394191	3.1983954492351874	-153.51954885908617
