0.0	1.7667731182005582	24.97795168973376	0.0
50.0	1.7780481122913847	22.777925843717345	-169.52680667047474
100.0	1.8332442371057187	3.4541838865391292	164.0313142857763
150.0	1.6257620567045745	27.277452241033792	-112.25871158122217
200.0	1.685110002121646	25.258683220139567	-57.90458750816012
250.0	1.9177875651095952	10.955725466037519	-123.0111061646017
300.0	1.7262083948599203	21.934971806700055	90.34532750714826
349.99999999999994	1.702198389185032	24.269420779232565	-174.73124703855547
400.0	1.7794026301659156	14.921386474511664	35.21432761575955
449.99999999999994	1.7172264539719817	12.409548355088985	-75.230657313428
500.0	1.6146068246433476	21.03763012422464	-83.09067391517907
550.0000000000001	1.6535010084032293	25.755097730853834	-29.25698112060425
600.0	1.7906846647040369	3.6930813575352976	-37.12796056515149
650.0	1.7122599502403693	17.49840187566804	140.24457506614618
699.9999999999999	1.7837743372353891	22.71532735758929	-59.963172181349194
749.9999999999999	1.7185201817203897	15.83806108858825	130.9134292406449
800.0	1.6925014605205644	11.319957298049912	-49.71035265701511
850.0	1.7477057758648726	17.534377078917252	-86.98330556864838
899.9999999999999	1.6484267025813202	25.98380944893252	153.56531696889553
949.9999999999999	1.578340853448855	25.928673439107566	122.86246436301806
1000.0	1.6689983893720353	15.43851103926673	131.76478445545933
1050.0	1.5391345214010257	24.385724168988457	144.54025752898363
1100.0	1.6177444814520971	20.913792652953795	-162.07740400813256
1150.0	1.4732230014860166	24.520338997556195	-58.73039756315715
1200.0	1.7312347830687622	12.956199392694842	92.75547127700386
1250.0	1.6548725383319585	13.570881816104071	-109.33087806959504
1300.0	1.6287982812850805	14.835201742052874	53.71331946405284
1350.0	1.6433948848860966	20.815451783058325	-79.58691133484378
1400.0000000000002	1.6305257320757454	24.834221833329416	130.2165078024297
1449.9999999999998	1.541642150261568	12.886043271920276	2.677447198073806
1500.0000000000002	1.6424237135204007	24.336180941508967	-118.31103888528233
1549.9999999999998	1.5331369714903584	19.484803225657373	154.68592612066675
1600.0	1.523637484602905	21.32434444407083	108.88073140507494
1650.0	1.3932635475169035	25.299773304279633	31.270765344306906
1700.0	1.5954176255615145	25.065363256692873	-13.140436098595348
1750.0	1.6025002453151291	17.964509042723243	-54.60908663569963
1800.0000000000002	1.6176432415746982	22.704685234853315	-93.53175632415619
1849.9999999999998	1.356057355345329	24.331255279646246	-122.43433109302069
1900.0000000000002	1.443605921613375	23.221959518081206	-135.41704487514534
1949.9999999999998	1.5931079631946345	23.141058736648915	-139.77868577077848
2000.0	1.3675039690664192	21.63352672177363	-122.78040453586425
2050.0	1.5893676871491043	22.83839775139327	-134.06105842828447
2100.0000000000005	1.4326453696687664	22.93535627109759	-124.5992577466305
2150.0	1.3110261813038944	24.52132460087569	-109.62193732127281
2200.0000000000005	1.6550485396736307	18.065720306299085	-88.07070044784294
2250.0	1.4653635190992225	20.524607206823067	-67.37979000849745
2300.0	1.5129760161997388	25.087671044031257	-36.389284926878155
2350.0000000000005	1.3121396924911697	23.14580316754753	21.059564552598626
2400.0	1.4069009831537647	20.010091245186757	78.92983947914894
2450.0000000000005	1.4160981087772722	23.09002980854935	120.29186930080834
2500.0	1.4871063419752717	18.649184277213415	174.9479952178798
2550.0000000000005	1.576936812438566	19.228090460158842	-144.66140394592813
2600.0	1.5155086585240365	21.35499518089319	-85.9132815489813
2650.0000000000005	1.4466362637780785	18.255049506426065	-69.93440259843608
2700.0	1.4610288713648567	17.66658399719918	17.679806173328444
2750.0	1.2734726782500878	21.35716935009496	75.01366866722121
2800.0000000000005	1.4202929517000782	17.25370803312112	102.5720742587166
2850.0	1.4224004291118726	22.23271142116831	164.82250420881374
2900.0000000000005	1.461996131929016	17.342102243568203	-139.83316048936274
2950.0	1.574088372071409	19.558100888939858	-65.35334399672894
3000.0000000000005	1.3217880029722873	12.307770934895782	-56.03908300723241
3050.0	1.3331021591416006	22.11673076102886	14.839114983687166
3100.0000000000005	1.34025600980077	22.308655807881113	55.67527662480069
3150.0000000000005	1.3464282932736789	16.255575363223894	120.05696829502124
3200.0	1.5121344100105012	21.06715457350956	-169.26917541972722
3250.0000000000005	1.477178632254986	19.859300700308374	-119.97028459073861
3300.0	1.583243646681891	7.887320724254774	-49.92395022383047
3350.0000000000005	1.4151485245597242	19.78671992128382	44.40438640300183
3400.0	1.5510637633897906	11.175621327438707	101.62747896342881
3450.0000000000005	1.3959848188539565	12.869485142240139	159.1358853948736
3500.0	0.5558379480208038	36.049672504644	96.16287964900452
3550.0	1.1932781423581498	24.30913721575452	-47.99720899793677
3600.0000000000005	0.8929366832371028	22.85934432070055	-104.86142098251803
3650.0	1.2605999979705391	19.291176643132214	-39.78456565047365
3700.0000000000005	0.6422004479419163	20.348899458884073	91.17578448295302
3750.0	0.40923630476631	23.106939141693516	-96.73978905576546
3800.0000000000005	1.3827493998123273	8.513299470036397	-175.78696003844075
3850.0	0.7702171494884982	15.994322424748713	-43.190246273279804
3900.0000000000005	0.8858492932986384	9.317362195240577	-87.21954728470189
3950.0	1.4159431124909332	19.530391827264147	-167.86207251056115
4000.0	1.172663291267638	26.265045540596407	-37.66879676385494
4049.9999999999995	1.1477323360137863	31.96486867655122	-48.402429452724945
4100.0	1.1745121020046922	11.921421566815432	-52.81833820893434
4150.000000000001	1.467312654568961	10.281911257698535	-147.77056037462427
4200.000000000001	1.111462876182485	10.840890528546124	-153.66022438299296
4250.000000000001	0.6474937230670215	25.397627936406167	-134.87770216605122
4300.0	0.7187885436749584	25.554713935408085	-19.337620961660445
4350.0	1.3962121731895476	23.877190523207307	-15.801427233937554
4400.000000000001	0.8507956152745237	10.569484185623743	-15.543776772168279
4450.000000000001	0.5429544563144983	20.26146504479797	-179.38540475064028
4500.0	1.2489412586793311	10.518220143785745	-24.81989784892059
4550.0	1.0990113940413715	21.43756913790512	-11.865812012762289
4600.0	0.8325751701135758	10.469978367943302	-45.87994689837649
4650.000000000001	1.193918758586154	21.790692221647255	-159.29365759112298
4700.000000000001	0.6481936435759706	28.114673028420338	-9.735910312887302
4750.0	0.5095778117005875	16.136357665020206	-19.065301280634102
4800.0	0.7086578440195354	30.878351063454367	-25.09730017649125
4850.000000000001	1.3834312598888592	20.399735056376205	28.408480674436564
4900.000000000001	0.8265028081709324	5.620530052606226	-160.3526860014957
4950.0	1.0651211086310821	20.862327140303044	-68.09057867214896
5000.0	1.1291104945963044	17.373741859725932	-137.52513253691592
5050.0	0.9072088048682551	15.351911896237434	-76.2722230868282
5100.000000000001	1.1051616145076022	3.4923614696072307	56.185499547073476
5150.000000000001	0.8317739917356141	14.471735340926244	76.08499639712096
5200.0	0.7323786406786529	34.332842809782676	156.99615246232153
5250.0	0.6930058056166278	18.703490130880432	115.6177875437552
5300.000000000001	1.1853648209422518	11.169959661951111	-88.37139637796442
5350.000000000001	0.7571600890778486	28.36040384903419	-33.80350538127946
5400.0	0.8916896853829672	29.10477094374836	-50.92988855373686
5450.0	1.1614270220016734	16.35419869144388	65.96721969035767
5500.0	0.6907279684860466	21.456278370151633	-94.53935346846428
5550.000000000001	1.2580494075017992	8.185060853624451	110.40195977225024
5600.000000000001	0.861993975309037	31.503007341018474	68.9745398664908
5650.0	1.049229845262739	27.223004418464495	-110.51098001090028
5700.0	1.016791226168055	23.89264663080401	127.94528242224378
5750.000000000001	1.1452173017543896	31.37911462382984	10.669548376211694
5800.000000000001	1.0688400431802152	30.87572789550444	101.3229260611518
5850.000000000001	0.940600373709632	33.97457870039313	0.35171922138393535
5900.0	1.0583985072786304	27.232103291986597	-56.324424574477234
5950.0	0.9027570436357084	31.484317766274827	56.914580901208105
6000.000000000001	0.7281664207048818	21.92966506019431	-13.339712030740348
6050.000000000001	1.2015344372098613	20.069618824607364	-134.98164431483534
6100.0	0.9861804994991502	22.580746139447427	-123.91033905189532
6150.0	0.6244373916163195	25.079490372335794	105.80894688830645
6200.000000000001	1.1789187256657516	28.757958802641806	142.82504431922544
6250.000000000001	0.9793471217695775	18.775535889901327	76.39027616513552
6300.000000000001	0.9626900396867298	23.320136869761424	-177.0282946252184
6350.0	0.8718639778878884	31.815707918009142	140.38724797860394
6400.0	1.3185685142241232	19.05863726806805	71.58608704938237
6450.000000000001	1.2974284919020365	4.5448368609232395	111.4247029639984
6500.000000000001	1.135719755152802	5.499449641799493	-2.495663953813888
6550.0	0.62315478520249	27.84290602009045	26.968786410947228
6600.0	0.6893450161277828	13.176326952267475	-67.10541798961835
6650.000000000001	1.2608001081892157	5.313658107221935	-157.18111606197905
6700.000000000001	1.2625169184459606	16.68249635487071	-68.58133413830993
6750.000000000001	1.0516928207955147	1.7844076735519554	-151.3292089324265
6800.0	1.1530898809895331	25.309394847911772	-21.901130240972023
6850.0	0.6807168733811759	20.9156928291801	-104.90822196529079
6900.000000000001	0.8936277497009318	13.79283113356519	139.48308073669446
6950.000000000001	1.0984629900323482	16.892821526936096	-55.38244910884674
7000.0	1.4471272419251664	9.392460290320173	-153.02961972327603
7050.0	1.0962981937364975	20.41230867012691	-147.60013220517126
7100.0	1.1117658073666519	13.765057178413524	-94.57237223703478
7150.000000000001	0.7485483600882299	7.354886701434932	109.02575658853333
7200.000000000001	0.7981108524178854	17.989042100347252	120.06506668772815
7250.0	1.2605199414016353	8.408183367062753	18.943196080984606
7300.0	1.0012591933770514	11.756516645565148	-133.2334574205045
7350.000000000001	1.1078252030311408	23.24342160177075	-158.89532051973583
7400.000000000001	0.7625293097736008	19.76042892528315	-16.373910527949505
7450.0	1.3759471424143719	17.164664094141276	135.52919283822632
7500.0	1.249438630687938	7.680650206867358	174.94615245766144
7550.0	0.8907301182620828	9.62741527726823	54.579182756924986
7600.000000000001	0.5556509257993788	17.53376512454661	-19.152246504025396
7650.000000000001	1.2067297837867303	13.443938208369053	163.0161716248427
7700.0	0.7757474014337276	6.433761308463859	-85.04984620668203
7750.0	0.9036511867544659	19.088344511182857	-5.076237103122258
7800.000000000001	0.8960573569343078	15.629279220253824	-170.52354769672004
7850.000000000001	0.6631284972421677	4.0584819267179135	-34.57860346118752
7900.0	1.2112034944451329	17.772892122278467	135.35495590976765
7950.0	0.8886422356700021	7.519550254732854	-31.83508933790971
8000.0	0.9047513109449489	21.92281417783731	22.33455747306269
8050.000000000001	0.8478859842458552	7.555859045288664	28.633044149140826
8099.999999999999	1.2387354104000357	6.415152155063134	-125.56878506490774
8150.0	0.981431134184153	11.13239440607835	26.47744449884551
8200.0	0.9102034622817514	14.091026829160949	-119.02557526328353
8250.0	1.4527190455353312	6.580609900370118	146.3120525618986
8300.000000000002	1.335319004750734	8.940332173525345	-30.440949032591814
8350.000000000002	1.0922594403022434	17.406020451437403	41.815080681628295
8400.000000000002	0.9310279117530835	5.835521721679871	67.76013174367255
8450.000000000002	0.872705605991449	8.427323902733077	98.22625902634225
8500.000000000002	1.0736892601266108	18.210775498084423	149.96513784664685
8550.0	1.0332332418588832	18.651586497610356	-138.26756895918757
8600.0	1.0893245157620506	23.47498154827489	-152.54480011710015
8650.0	0.9471323706754613	12.14337723054287	125.21254640059246
8700.0	0.6929926979432355	13.34817779154783	-154.19540232105973
8750.0	0.7882751140211071	16.3197371760323	-21.094778152976232
8800.000000000002	0.9598923492970697	18.014925793861252	-54.68707723048835
8850.000000000002	1.274496144379368	17.49829632013758	-82.27871942192581
8900.000000000002	0.9245549176971445	21.43672272174999	-55.54115522192676
8950.000000000002	1.1031122989567954	13.539737222462202	-112.0343285819674
9000.0	0.6901252306199139	13.825143570092397	21.42492893678917
9050.0	1.1788045282614763	19.258523111607918	167.10847083939473
9100.0	0.9919651400501954	24.191535380362737	152.74597631963834
9150.0	1.1078690447913933	19.7340523564748	-164.56665629919112
9200.0	1.3069124121516602	4.919067326354081	19.856777855281628
9250.000000000002	1.1851899492892337	8.65053402690406	158.8105661740678
9300.000000000002	1.052406187172248	11.876027002665516	-164.03599207941988
9350.000000000002	1.260781489008316	7.282355971997827	-62.26391258085856
9400.000000000002	0.7519666095534192	24.185514891638377	-171.12237999849998
9450.0	1.2435562820735568	13.98439130185427	-140.76531668906648
9500.0	1.2305835155609592	12.670701756544231	140.53530592374008
9550.0	1.1097045324601047	20.59841777006488	144.90028435993315
9600.0	1.3330383455761972	11.71792424037229	26.97208333712165
9650.0	1.0791276058054695	4.923250292866691	123.13326288079809
9700.000000000002	1.2432477693515895	11.37295972845063	-26.217981365836934
9750.000000000002	0.7544123688752316	13.653852637623302	-135.33555644299742
9800.000000000002	0.7566964548471922	9.73400101007265	-64.99257064858628
9850.000000000002	0.8312334006422227	13.240800684937593	-148.41080943764018
9900.0	1.2563527771117786	17.749306207175444	-143.97729122045467
9950.0	1.1923519945405134	18.47658286977852	-1.3809610506069705
10000.0	1.2191361245918695	11.976268595771133	-76.82568516021402
