0.0	0.7946112044929845	112.10640881963604	0.0
50.0	0.8516134399823448	116.0451063484006	105.14723892902423
100.0	1.119861003792874	91.44711160625855	58.041360433204254
150.0	0.9058748678909877	96.10830428628563	179.5946115269099
200.0	1.0188775327920125	92.27086215991528	142.19795491407612
250.0	0.888640267767936	94.60005865185096	1.8612359024444285
300.0	0.9088143973374185	108.72106556205846	95.77886283895847
349.99999999999994	0.8342683059404177	102.38016449662865	132.40807499991294
400.0	1.138539581287941	89.29119730677397	103.50120000019415
449.99999999999994	0.8517986512022503	93.87359019763237	10.551940340137959
500.0	1.1136644333353325	89.66802526395819	-102.14814845210603
550.0	1.0505963647953274	81.304589438705	167.4756824488771
600.0	0.8738492468436871	98.97567695065288	69.36700069176626
650.0	1.1124477458507527	83.6799504158046	-32.685325292973424
699.9999999999999	1.321658593912198	78.68136281651063	-110.38068019100531
749.9999999999999	1.1649623118027104	84.62548778476281	92.69103323636354
800.0	1.360131507813999	76.62137577015922	-101.70244756004078
850.0	1.1710798120848906	77.85629762116903	9.608643348193983
899.9999999999999	0.9355274483662482	93.43840476605841	-38.44820365442234
949.9999999999999	0.9783635273565171	84.21746125783845	-21.89291083079554
1000.0	0.8390834021534599	97.92968904188594	-6.138700072319342
1050.0	1.0699317622621165	78.17814931187985	100.81418313288226
1100.0	0.7285421341392868	106.15294048947939	-19.643150456923237
1150.0	1.0132467012790207	84.75490707063231	-99.02545066709773
1200.0	0.6362968183164014	103.05359265163445	76.60546747685632
1250.0	0.746330615670661	103.77155322502351	103.47521199840928
1300.0	0.5215663943828881	106.52562983304298	-147.86846245100452
1350.0	0.641108110439537	100.00504845644386	-148.64533720549906
1400.0000000000002	0.9457778958129027	89.47750027235234	-105.94134573637845
1449.9999999999998	1.1592587399906304	73.86665774770923	-3.121649144917345
1500.0000000000002	0.6539074031892348	95.1514157862811	-121.186332161398
1549.9999999999998	0.7251866870840239	102.50466049370823	90.07296886940885
1600.0	0.4887847825559264	102.24042602388465	-16.100448179024138
1650.0	0.46783821173242524	114.62617777772111	103.16087357477117
1700.0	1.1738879998809004	67.77966574862327	-119.90689360086405
1750.0	0.6782208807304454	99.19089599287811	-74.4905909005286
1800.0000000000002	1.2526659260076631	66.80256982758807	114.93583879588573
1849.9999999999998	1.2892823018900796	63.831334186349864	35.640407629839665
1900.0000000000002	0.9771590411873403	69.93732654578507	-154.8440880137605
1949.9999999999998	0.9056569389186105	78.19635803419709	-19.771071241846062
2000.0	0.8056316007327988	94.25850257931324	27.917000116464607
2050.0	0.25427772782793195	138.96880107100858	-80.39516587852552
2100.0000000000005	0.35667575346730923	125.15137772597204	168.45090010877223
2150.0	0.37554573211308906	127.66247479260853	-48.1390168898602
2200.0000000000005	0.2893243897879155	145.2897102361679	-101.09651175782083
2250.0	0.2863995942150374	139.9411858967251	55.810783574931946
2300.0	0.28701942825037036	126.17552100428277	135.41083182222144
2350.0000000000005	0.5460117478874864	74.1122470680271	144.69037292615235
2400.0	1.6521045553463172	48.889016356576455	65.11686648285978
2450.0000000000005	1.1699052927957196	60.06571195513395	53.439869290122054
2500.0	0.7678299247446471	79.42164650316627	100.4707795940168
2550.0000000000005	1.0691352384751804	59.23607403620225	-162.12399715037293
2600.0	0.9376972104824871	64.24813686761425	140.89195188522734
2650.0000000000005	0.9146962943283601	68.12382649677167	3.513781509320731
2700.0	0.9798253734278743	63.18223219136247	40.71658038227162
2750.0	0.9333295862903416	67.19730440922913	-10.538925620404003
2800.0000000000005	1.061880350938574	70.22599154045433	106.18202270669714
2850.0	1.0824419032455999	70.81425520896576	105.14660220964512
2900.0000000000005	1.0621976873689705	66.54008252156363	90.04041716106
2950.0	1.1353067378973132	61.643963780497806	60.50469571366125
3000.0000000000005	1.0651639255545446	58.498129519591096	38.60040104176049
3050.0	1.2373510550244287	63.72603240350381	-98.12578142144903
3100.0000000000005	0.9559811378394665	66.00978142612679	-168.39983969790086
3150.0000000000005	1.012197848867657	64.73582022798377	66.65100395582138
3200.0	0.9974151915529665	62.08288376911417	-21.679044073466173
3250.0000000000005	0.9713062539492099	63.767643451775655	-158.77593281727857
3300.0	1.0994788290620716	65.80226343445001	101.3134432659358
3350.0000000000005	1.132478093905823	50.07867023068254	-1.7308915429550362
3400.0	1.0190242285550066	57.61277580025045	11.477237924911547
3450.0000000000005	0.7013630939039769	72.1655063133346	0.7483750459299411
3500.0	1.2089574264612286	59.645140389089825	-141.85244107540728
3550.0	1.0586973691657258	63.082678454236856	-145.37046261440256
3600.0000000000005	1.3044408487201689	44.822391007713485	-6.7051588379233555
3650.0	1.0914215822871884	64.34500610241894	100.93768754668521
3700.0000000000005	1.0567270208730908	62.31056189891287	-136.914553539817
3750.0	1.1377567840204768	46.22094061418242	-39.212927491903756
3800.0000000000005	0.894007081972253	61.95614438950344	-45.70966266118486
3850.0	1.1920224093901899	51.75000504992078	118.37197136003695
3900.0000000000005	0.8311330198028243	62.708666399392506	166.60671780155647
3950.0	0.9312686584294465	65.68861454214536	-105.75670250227951
4000.0	1.284543963820738	44.221230147974424	-14.45306499137249
4049.9999999999995	0.9214992500174095	56.540701004570984	48.66117890131843
4100.0	1.4363247087098456	49.44195562572934	-144.0221054243522
4150.000000000001	1.005256897528233	52.750868310731754	-125.0592224459936
4200.000000000001	1.065947247417958	46.96217312442835	-121.8019862451287
4250.000000000001	0.7298368846167881	50.41380005602813	-24.604348437347053
4300.0	0.6456278239688107	75.11480520684586	-147.48072433300217
4350.0	1.2956626366749258	49.18565288175915	172.1183943829073
4400.000000000001	0.987443741895587	41.88271968302976	168.96025124653997
4450.000000000001	1.1098945800299242	48.4372078630402	-126.62098496899345
4500.0	1.49256259085151	39.504826336694926	-150.6279570597596
4550.0	0.9880335193229907	50.842240548774235	132.76027376042856
4600.0	1.0708247206307158	41.46086819134932	-160.34857090181112
4650.000000000001	0.9704318870401267	51.50328815858259	-156.54860482778588
4700.000000000001	0.6279850961316263	51.201816203843705	-50.492545013086314
4750.0	1.3375971414910581	48.95368166972066	-75.95563864791819
4800.0	1.1793072974565573	38.92984467215796	-4.196926062192336
4850.000000000001	1.176299596960542	49.259054973547066	135.13896294469498
4900.000000000001	1.4497998133799652	46.74499240517717	36.89689101072986
4950.0	1.252199987917979	47.922155802515846	17.309383053066046
5000.0	1.1871230428753867	39.609125395693646	-147.65994929928263
5050.0	1.3168377722335405	44.805191665213364	109.12372467230662
5100.000000000001	0.6989704301190999	68.95275169872542	-14.417164516826082
5150.000000000001	1.262664809898414	31.97228907273332	168.78557563340487
5200.0	1.0584206526298765	42.21130443620278	-73.59912639104058
5250.0	1.0108950257799703	50.04479342167459	-154.9031582072962
5300.000000000001	1.5593980049336869	39.05986440592365	62.23072221476554
5350.000000000001	1.3901006981051889	29.154895518047848	-170.40658142523498
5400.0	0.5497508486862378	67.60038874543511	3.644778200350045
5450.0	0.8410088333824615	45.61100171553546	-131.2020481100652
5500.0	0.8784906821771868	63.0176260753214	19.942449426305902
5550.000000000001	1.6894843478527581	22.211179921120863	101.89085364276504
5600.000000000001	1.4603711995088393	34.67536639326562	-55.16341755196605
5650.0	0.8031551317666966	65.82801005897407	41.26391333446744
5700.0	1.5085974833007196	27.879482390055045	10.47417699657685
5750.000000000001	1.2353777241121584	38.726862547377266	-130.43012066315416
5800.000000000001	1.0195415196744932	33.007102654236135	-158.76724292229284
5850.000000000001	1.3917130534612487	36.166487450998915	-154.50602274521466
5900.0	1.123287852341719	44.721572166824934	19.96055170744681
5950.0	1.2188922385846825	45.23564583136035	-179.93532204495008
6000.000000000001	1.0695418812068804	55.01309321379269	-78.9782298319142
6050.000000000001	1.3102188326688076	47.958112223435336	80.2436523081549
6100.0	0.8992357041852062	47.005240776177544	-9.051340572589938
6150.0	0.9958395060138379	55.519651432938716	-127.05654189251524
6200.000000000001	1.3540523907077113	41.54633811476506	91.38470264419448
6250.000000000001	1.380429636110728	41.79075597340469	-134.9954098673842
6300.000000000001	0.8209213302229802	60.77280999790143	54.536007217446105
6350.0	0.8628037997655809	58.919433801692655	-44.445392762986714
6400.0	0.5815334819962147	66.32655559000933	-142.57091952784936
6450.000000000001	1.5785119262251748	38.96348347742033	140.2590207379695
6500.000000000001	1.4801542969740216	38.06157981104759	-31.312945965755546
6550.0	0.8539520405452885	36.65315060385727	-155.5245695712674
6600.0	0.7118361792066431	61.00131121923492	39.15694107650106
6650.000000000001	1.4787271282191874	28.06624707146771	169.60342096335694
6700.000000000001	0.3377273404432058	39.168544127022926	-107.93248138761729
6750.000000000001	0.532850745736763	34.000366559675015	90.35734732854549
6800.0	0.6995841238964148	42.252784497548355	-168.96561644954633
6850.0	0.7984442131631742	57.80307090901161	57.40334671961997
6900.000000000001	1.1215412712199997	48.724487102154704	64.71382601946972
6950.000000000001	1.1477408316291757	38.473141978150295	74.22866473957232
7000.0	1.1897417561985708	40.25814763931315	62.824124243803354
7050.0	0.6471533784272473	60.3562356841363	-165.02577795655546
7100.0	0.5014897855030565	64.0744607433999	176.56011677147794
7150.000000000001	1.3129975047989917	33.813724674247474	-64.35850261782933
7200.000000000001	1.346475577418265	26.01471256366951	-15.141063749806948
7250.0	0.5352683657895114	18.72934502451818	107.18649336943997
7300.0	1.218663067507616	32.083749156661916	-113.34337154682622
7350.000000000001	1.460226843293667	23.447735463808982	152.28617475933916
7400.000000000001	0.9795197275703137	48.52829571020146	166.80853812563385
7450.0	0.7330158810482117	55.026746698955115	-124.42959282511235
7500.0	0.5780059880733949	59.226120518534884	-129.1584024375421
7550.0	1.4849223428280502	26.477378590838846	-80.56121799042843
7600.000000000001	1.5196601266221346	28.860787133261432	-3.796751134642662
7650.000000000001	1.3077012480482444	47.5804652790319	-31.966662516083243
7700.0	1.4030105488506435	38.70190250135167	47.49919882989391
7750.0	1.4757105400921255	32.37045652085059	-137.91743602060288
7800.000000000001	1.4069052697178752	34.44127332047831	57.10586823905861
7850.000000000001	0.9535117671761463	41.801879574534496	-32.444173406824156
7900.0	1.3810871056423322	38.089570158200445	-35.05018420340786
7950.0	0.5862987382069511	40.71000618311961	33.501172355254404
8000.0	0.7618014077715265	50.87997627614174	-73.46099166625648
8050.000000000001	1.299099038966144	40.14896944809947	-91.82954258178492
8099.999999999999	0.9832511228259719	46.860131312956845	-146.29436302183146
8150.0	0.8722106755017319	48.51831893493413	-151.81756404943715
8200.0	1.0512246603249449	36.649225194787114	-51.18695374032228
8250.0	1.195921731196881	27.884419560014926	88.35666124298703
8299.999999999998	0.9596895580197919	26.556578588002537	127.98812331167284
8350.000000000002	1.1458294507405	22.639131669052144	-104.9926209944483
8399.999999999998	0.921563871652806	26.86231030064173	170.40191258533838
8450.000000000002	1.1762277247124275	35.96853167432386	-123.354596244244
8499.999999999998	1.4390016621710329	33.0114385736576	-57.6438664317006
8550.0	1.0929728951613784	43.1093844869447	-2.5855865093154455
8600.0	0.6181647999907776	42.919321793837	-8.940380492726671
8650.0	1.1536451380750152	34.230983997229586	-69.08432710261891
8700.0	1.1782962661663494	28.370673223788305	56.58260453117396
8750.0	1.3723147571941052	28.80895828699389	-91.19727435750237
8799.999999999998	1.015994452412202	32.29323399261405	60.09450099092947
8850.000000000002	1.3805250609908448	16.58278796948243	115.63973548174658
8899.999999999998	1.541126143303981	24.242732645753687	-108.79935204876811
8950.000000000002	1.622008407895378	21.184366481682666	75.78866721222357
9000.0	1.3765477901517154	21.42109702714575	111.6195379152904
9050.0	1.447483918612499	17.500779507764587	99.65601160529322
9100.0	0.9284961871001934	27.630495670318663	-12.152849624759796
9150.0	1.0654643648583573	31.052160209302787	-151.3451109409482
9200.0	0.9646855265598497	52.188106328038536	-173.24399137957582
9249.999999999998	1.1423421379324235	31.908154333266104	-42.1620198430265
9300.000000000002	1.438341869046785	20.2314751194437	120.06819168003015
9349.999999999998	1.5420789794431145	24.996273932704383	-135.42062207314055
9400.000000000002	1.1879925305832826	19.67100249393723	89.67059788172521
9450.0	1.4456237590991272	29.372077649148704	-132.3900740738029
9500.0	1.1819778049771832	30.69725060437787	85.15924006006965
9550.0	1.0793963673976632	19.40998910615022	-157.09325455629843
9600.0	0.4629233681952342	49.5673730383429	132.5468222728654
9650.0	0.4169757577009943	24.038902175860542	23.636267394488183
9699.999999999998	1.3700381412277747	8.609571181839758	-89.39628078626986
9750.000000000002	1.7398020273776371	4.434163060243235	-49.54482336803752
9799.999999999998	1.142973322416069	30.893960926996915	163.5089039149968
9850.000000000002	1.0119519430769406	41.54685686683777	-84.0520721236562
9900.0	1.1009676089707174	21.574848235207956	-159.55427418008503
9950.0	1.2765731700836631	37.32629185758887	12.693176645636886
10000.0	1.270864242029281	25.726884743844415	79.76734243265798
