0.0	1.994989584037583	131.22740412935963	0.0
5000.0	1.73073843986621	123.83632369604543	-89.39699376967867
10000.0	2.0089738063913902	89.19618629062643	64.72256365997974
15000.0	1.9900267036236678	73.12231522808335	13.067789313883248
20000.0	1.8607414940687046	68.23265944897051	-105.65876013072173
24999.999999999996	1.8248316496361763	65.48926652758401	-49.92813067542476
30000.0	1.9886874860948611	54.83747695300485	-90.26230800717718
35000.0	2.1582790410363253	42.314263236570014	141.25872049419857
40000.0	1.970597662442799	43.55805207106232	-132.78336210433795
45000.00000000001	2.025884935993211	34.81741648378785	-38.41993058533086
49999.99999999999	1.8463313563123165	37.2795043018369	38.07927000472094
55000.0	1.9215389280421682	28.542635698493275	174.86551687559856
60000.0	1.7183797839845394	28.133166100584532	155.3778000836987
64999.99999999999	1.692634741464412	22.512011940524474	136.18425902339627
70000.0	1.8790317319060512	18.44740226549138	13.133116618813592
75000.00000000001	1.731771279623438	21.545887811038686	15.720062854047088
80000.0	0.7710725534254667	56.7629385982923	50.42051004595887
85000.00000000001	1.026099587396329	51.11916312171217	-113.56079500724987
90000.00000000001	1.2527445684585825	45.027849491369814	-144.04579357620912
95000.0	1.214049283942344	20.211074644304464	172.66861869010341
100000.00000000001	1.059763726084065	45.73145848636069	76.31224520063135
105000.0	1.2585153138057963	32.33215652655752	-135.7097224159088
110000.0	1.380516712329977	27.942138403985258	-16.13765164255879
115000.00000000001	1.1493022092254377	24.520376099557996	69.47409115618514
120000.0	1.2663906535950482	39.5223854704204	-147.16506883353102
125000.00000000001	1.305483619569625	31.23474103811264	-43.9200197187849
129999.99999999999	1.2072070163719792	27.12398918438629	54.50132292227003
135000.0	1.3335119418438743	29.66726308876887	-98.24505123605529
140000.0	1.0304921906746518	35.65675230506644	-69.26540826486557
145000.00000000003	1.1225372002151905	9.566214578480643	40.143614901717335
150000.00000000003	1.1072246647507793	23.28689936415482	171.81559858905385
155000.0	0.8626392586631831	32.74756253395159	60.78435868801085
160000.0	1.0239013399559913	33.62485504668232	-96.16529218840748
165000.0	1.3139614659741112	14.965132261088597	59.850819015805804
170000.00000000003	0.7236009290338514	34.11505769836869	34.90185151352856
175000.00000000003	1.4488695690346414	7.711082804404191	-10.242517603817578
180000.00000000003	0.7570288231529934	15.636870581568132	-78.98769964027987
185000.0	0.8680570213702368	25.532345562353886	55.769373940773804
190000.0	0.6214849207642108	19.76727702815365	96.4457041098009
195000.00000000003	0.8639223028329609	24.532108595852556	-60.74105458130602
200000.00000000003	1.0013521316138234	23.75713920109614	12.465687577425053
205000.00000000003	0.8501782781817517	35.24920218390112	136.14083333359258
210000.0	1.2445854734317958	23.773918989171197	64.14452389495484
215000.0	1.122883510363775	22.779709344700667	-154.6928037298506
220000.0	1.1956806535150275	28.81005424620333	3.034867892330454
225000.00000000003	1.0941215044407806	20.41327738445825	-178.32946546865264
230000.00000000003	0.8261128552009251	26.21946539810705	-112.19265096297445
235000.0	1.1344118185125671	5.239888475324018	-178.24034758774383
240000.0	1.0590919350208885	3.061831826627142	137.1938791694932
245000.0	0.5789336932245455	3.1643329090649357	70.87736958276069
250000.00000000003	0.7979982017891882	9.503495795684334	128.69454938447439
255000.00000000003	1.0550996419026921	20.595673739234456	22.66248958756379
259999.99999999997	0.9771923331797409	12.0704823995179	75.30223052707147
265000.0	0.9651760881441681	17.220620656616784	-162.5087280462772
270000.0	1.2708576477293136	10.871380741271945	-100.92283051945482
275000.0	0.8515201456638878	11.408573289576113	-171.67245995394526
280000.0	1.2099902547661845	3.5626399844874133	97.23872949413678
285000.00000000006	1.0204210783986265	10.785795221524818	74.52512386124249
290000.00000000006	1.0476218386704117	13.060462142778423	-178.59739272237374
295000.00000000006	1.043485338912065	8.28070140231653	133.6067038645558
300000.00000000006	0.9373105442419981	12.474989168589996	146.42313953615863
305000.00000000006	1.0065399618880229	6.693147049810104	66.05881461199928
310000.0	0.9375245292135531	12.574210257335652	-140.95906663871983
315000.0	0.9211609000229097	2.7511551072178206	5.769331780494286
320000.0	1.129913526191071	6.486163172795012	-154.89515773774252
325000.0	0.9017872923279587	12.092383924132614	-116.70168391365378
330000.0	1.1181994868244354	8.43779411717565	94.01185066781947
335000.00000000006	1.0625779417335746	5.937893244792049	107.37132745009495
340000.00000000006	0.9874606532120651	5.702245892106459	-14.123222986369319
345000.00000000006	0.8650198395871692	4.710692510432125	152.26586805742116
350000.00000000006	1.0175406102556932	1.5878815096891508	-87.33223033501265
355000.00000000006	0.9965445848477652	10.527333062903681	154.78075100846874
360000.00000000006	1.0066551251102065	3.6342241978522067	-82.65589484264324
365000.0	1.06034889765899	7.757871024090946	151.58854709266487
370000.0	0.9739888180711587	9.441868141704836	16.32439453134398
375000.0	0.8117762742970224	1.713172087726967	-146.37501908520753
380000.0	0.8693984874237015	7.3162589111822935	-154.77249754162213
385000.0	1.1734769270373289	5.322890570919579	51.225705605878574
390000.00000000006	1.012951978702144	1.7070034051271978	-176.51858158017993
395000.00000000006	1.1322756308246846	5.118097829958363	71.71916604567154
400000.00000000006	1.051212241831982	4.315091427573279	34.329907099155285
405000.00000000006	0.9155783058478784	8.203145744973837	-19.75045814015714
410000.00000000006	1.101865446670021	3.7340622821794254	50.00297433314597
415000.0	0.911664247207389	6.2796435497846765	-33.76146912375824
420000.0	1.0477037450810172	2.561685259818036	75.12659791369938
425000.0	1.0119086083805098	2.3136751553450585	-53.467965584051406
430000.0	0.8954713645150789	4.45008438547176	-81.43398205922794
435000.0	0.9660583525033178	4.401728628557373	46.575029699168105
440000.0	0.973204089537086	2.299913220010101	-122.82796823481893
445000.00000000006	0.9546275250598522	2.6549742917336245	-147.90152915462718
450000.00000000006	0.984856265783247	1.5633272953787751	-153.66056144295644
455000.00000000006	0.9195415509653085	3.320422315756703	84.98143965193442
460000.00000000006	1.0423014692307428	2.6700852767156853	-55.828482988738386
465000.00000000006	0.9377252768515002	1.5756403556036913	122.46865068766337
470000.0	1.0301168724857306	2.540993520842027	134.25654411840247
475000.0	1.0268569958472162	4.529189782667504	-156.0279645131622
480000.0	1.005286442090189	3.4130031886158343	-21.146793426896675
485000.0	1.0155652354372908	2.541449187210285	-58.771998771211706
490000.0	0.9726354191640386	3.2341863008982066	-176.6657991373667
495000.00000000006	0.9568216553172882	3.583642459878591	132.00591083491287
500000.00000000006	0.9342542763702061	1.073191060270921	-5.307262446527729
505000.00000000006	1.0134012392593736	5.880268260954888	10.684908728274658
510000.00000000006	0.9509279944598172	2.196294670380567	-95.58405079787504
515000.00000000006	1.0130431522801289	2.9355715652517484	129.14920527762195
519999.99999999994	0.9806738720397766	2.186384118253669	-169.43639252594483
525000.0	1.0224937774433405	4.770581632326198	-160.70318382623432
530000.0	1.0297720952651495	5.038134310653141	13.491413877951514
535000.0	1.0129196876784243	4.72002372017021	24.453543631444205
540000.0	1.0351547003923312	3.9333874005159166	-175.1049679717903
545000.0	1.0814953487611756	5.569537594468499	-179.29334536148468
550000.0	0.9864723020766702	3.6063168681873363	-150.80525939177798
555000.0	1.0734727794378738	4.689996956239266	-2.473166822170978
560000.0	1.0603556018584577	5.417570333994631	3.8602590490947772
565000.0000000001	1.0665006376243151	4.177947109320646	-161.55901338399732
570000.0000000001	0.9573550737154551	2.0517053539632246	138.07326955191405
575000.0000000001	1.0366678898104957	6.535245242756127	-3.0961654199053306
580000.0000000001	1.115870586343427	5.8878932858774355	-178.8074445129814
585000.0000000001	1.11604437564657	6.3612242396283145	175.20515532502623
590000.0000000001	0.975137018464492	5.90828053170014	-160.6734230790862
595000.0000000001	0.9866818013473322	5.701140397994615	70.83196318278266
600000.0000000001	1.0406119116408727	7.114093327802063	144.55223182344804
605000.0000000001	1.0415709491346261	3.4342351389780545	174.74312545174584
610000.0000000001	1.0633354961354502	3.707549377294295	-163.51354017157797
615000.0	1.082160957848027	3.703278746667616	-4.894311702131864
620000.0	1.0200602255209388	4.037487434800446	21.591983193369302
625000.0	0.9485154125225876	2.968089557065174	-170.9738279048327
630000.0	1.085252123925304	5.21630274795627	72.50722590452654
635000.0	1.1016759024678977	3.3153012239556072	99.11855769865221
640000.0	0.8544670710967769	4.802898816398602	53.89071107889259
645000.0	0.9867888952785556	4.616209439083188	-46.115859322093485
650000.0	1.109038832637744	3.3030965243813886	-129.56762322582077
655000.0	1.011216638030137	2.69641583668537	-128.60385758138872
660000.0	0.9035205563504252	5.100780839896337	-102.86082643132636
665000.0	0.9234089311008816	2.0393822443878244	-170.40789714651228
670000.0000000001	1.1085974300857275	1.578967708429956	32.01810054710754
675000.0000000001	1.0935436218365533	3.3088319125458217	-132.6432469804682
680000.0000000001	0.9813316646025244	1.1094651088696543	128.73087011624912
685000.0000000001	0.9875235960336562	3.9622972774886325	-152.00134941995069
690000.0000000001	0.9035583977823066	5.446022608028859	153.5056366039209
695000.0000000001	0.9726052648997563	7.9790775804331275	-163.80842515616735
700000.0000000001	0.9581187476167572	2.7772309066202876	-146.19108327045046
705000.0000000001	0.9956174657453661	3.037220818690266	-20.742366352242705
710000.0000000001	0.9930266030307965	5.166471035553777	-163.68568303538174
715000.0000000001	1.0598399270225882	5.451737901170683	-17.60154538782392
720000.0000000001	1.0439232336025586	4.353446401519201	-171.1024363781226
725000.0	1.0487638754864097	5.372074976733896	-15.342716309582078
730000.0	1.0376304038227202	7.359103534624846	5.684869160751927
735000.0	1.0392489879841087	7.174530478472031	-166.59487775771458
740000.0	0.9531694247195527	4.5449444008217315	25.804453459884062
745000.0	1.0969302135966705	1.8921155561390484	-86.55677336834815
750000.0	1.0768242749937418	6.459264911750252	10.31421126472589
755000.0	0.9378411039835699	2.97309578920318	-102.71464752519412
760000.0	0.9381342080615689	6.718509065218416	20.105987390619102
765000.0	0.9630061368201231	4.796240644028411	-167.70145453310963
770000.0	1.1276414163428563	5.197095388547461	5.170838451914679
775000.0000000001	1.0498863368510483	3.0946335515070564	-121.96826653912204
780000.0000000001	1.0020707816919094	6.254498041039031	9.474243184674595
785000.0000000001	1.0360647971935422	2.652895530535999	-49.572769791378256
790000.0000000001	1.1469655924491189	1.3920842028249578	138.1652780904368
795000.0000000001	1.1035373436626983	0.9890300938640118	5.420693473704098
800000.0000000001	1.0298929294744386	5.125387386337211	-176.75953984288904
805000.0000000001	0.9689253215405432	6.751694202074853	1.719265209800877
810000.0000000001	0.9405307976464014	1.5198082144455918	120.22160555969326
815000.0000000001	0.914526305013107	1.5008747408395722	111.8864160069142
820000.0000000001	0.9865241895032001	1.8549959093792368	139.04524439620354
825000.0000000001	0.9316975380228749	3.833363136570184	-141.7444177825978
830000.0	0.9268181685692962	1.610742402064128	-51.14597614083892
835000.0	0.985924502453919	1.7116157218238488	-108.97032911566848
840000.0	0.9405898383119407	2.7205730734983824	72.5055188407676
845000.0	1.154463259271575	2.345445409647556	122.92061325857672
850000.0	0.8394678567735928	1.6454390096811453	114.25330605467057
855000.0	0.8961460404736644	4.560488310050648	165.57770690003517
860000.0	0.9148776230240808	4.128417289167927	178.65410774443933
865000.0	1.0865940248422765	2.488397047865317	-154.79224170796488
870000.0	0.9045120911279562	4.141587549445495	-173.07442313719258
875000.0	0.9361392001754966	3.65932936354958	154.7646799326757
880000.0	1.1062208995669292	2.055608998142257	-163.71145792423533
885000.0000000001	1.0782417971929426	0.8291310181841359	-22.18535988282881
890000.0000000001	1.0384346547304537	4.064970532214347	2.2156263530538887
895000.0000000001	1.112548884707372	3.2739234168376408	-172.19124705595232
900000.0000000001	1.0309555818235188	1.5127562331620068	130.52495107392355
905000.0000000001	1.0041864491814254	3.261647121108443	159.77234145783703
910000.0000000001	1.044037803175446	4.194875744125853	-12.20045342566684
915000.0000000001	0.9909632213780499	5.902985391167229	-173.52516963728036
920000.0000000001	1.013873861848848	1.6228023932558278	31.4105217899642
925000.0000000001	1.0037898260172755	2.2657455069461405	138.38628366889992
930000.0000000001	1.0606834395925189	5.353149642941436	-178.47381991381292
935000.0	1.0289398948355375	5.56538739198611	170.55911426479074
940000.0	1.0905849996228567	5.180972182836079	-178.45579901396536
945000.0	0.9239479136250363	2.6536851547855234	-42.04145149431963
950000.0	0.9486416175381089	2.767419845533154	142.74583718594099
955000.0	1.050920894460146	4.630914466024939	-169.39932883557933
960000.0	1.032379190269596	1.6099770769522095	-52.843924681711066
965000.0	1.0704167459465042	5.0668319301875755	-8.004967765813959
970000.0	1.0842330279848365	4.153489162344448	169.02035595961198
975000.0	0.9574151507955234	4.6158038558535885	-158.36082553146088
980000.0	1.0062360773398389	4.984711833004287	5.860886009539066
985000.0	0.9345225197471476	4.897178330531497	15.915469939645668
990000.0000000001	1.1317767611884317	3.210682014531712	39.92566474392226
995000.0000000001	1.0553050502146741	1.8654262513214606	-113.49297502098842
1000000.0000000001	0.9224016825336799	2.2979902872542506	85.94731296886998
