0.0	0.635944906769673	84.14493194215447	0.0
50.0	0.9594455568130186	73.16248165276559	-81.08834910622156
100.0	0.8282864190425879	78.61529070435937	-55.10896253174151
150.0	1.1543953242554357	65.9207243449289	-77.03363437568217
200.0	1.2228249669780207	76.57329518815138	-6.870088034613444
250.0	0.7095327692287273	78.79859255862834	72.8346360642006
300.0	0.9055994520333996	89.2207203221098	-155.02837069654876
349.99999999999994	0.9075639699872169	74.89478942972545	57.16049884529185
400.0	1.1815806596413754	67.3233193440827	-37.348326721290356
449.99999999999994	1.2210298475766692	60.578059571436924	-110.91616897799975
500.0	0.6756023561795234	82.85419381357552	122.7544589161376
550.0	0.2577843620362097	115.51161993071541	119.32383763633969
600.0	0.1707622510843634	128.45914391395814	20.9825671837426
650.0	0.15631032376132578	113.86743550505025	130.56678151288767
699.9999999999999	0.39267713787220193	104.46043824157253	43.30692874749665
749.9999999999999	0.2793020589184797	122.32684488539181	-73.2313639694354
800.0	0.8674188740395651	68.56265730285986	27.398934878975925
850.0	1.2474048630765073	58.734856546485894	-26.934992770005447
899.9999999999999	0.6920438827259121	83.62846989495516	-36.29908410348295
949.9999999999999	1.4378469211330824	57.606547621730165	54.92209806933332
1000.0	0.6101007882840336	82.34961859585617	-105.78591273982504
1050.0	0.6370501702823154	74.34749354186967	98.88159140144107
1100.0	0.5924661532135501	94.38805878170979	154.77431650800392
1150.0	1.3808135461820863	54.00964990198898	153.80707888132991
1200.0	1.1741474802077434	66.22050768974191	26.277223088812054
1250.0	1.1417543641723253	62.95500516272229	72.24138875594848
1300.0	0.98352693230611	61.053434083877036	16.079969244051313
1350.0	1.4196642744150187	51.46726557616582	-131.48525653901513
1400.0000000000002	1.204338754030467	58.469944239112394	141.40915390933776
1449.9999999999998	0.5743497118815012	79.7960674555623	135.65336134887903
1500.0000000000002	1.3891179145081947	59.786226042884195	117.81532419243443
1549.9999999999998	0.7982870784767598	72.00111652839931	126.07078037019176
1600.0	1.509866641459126	35.4370340029588	-131.40410936711203
1650.0	0.6731164405702704	80.00744333431848	-79.89031227424938
1700.0	1.375595413575724	42.853392312874604	-178.53547993193493
1750.0	1.3375822710677059	56.590470867560605	81.45757804975476
1800.0000000000002	1.0428892730341561	68.14578522554883	-125.51208116787495
1849.9999999999998	0.9882309046946309	68.4210482023292	131.54530497950591
1900.0000000000002	1.29347716261359	42.150752055222505	3.9843086627886626
1949.9999999999998	1.1718534662396494	60.34403775099341	2.3279884124712953
2000.0	0.8893465591583776	63.4683623658953	-11.951277369240838
2050.0	1.0055990935678065	58.1886877937689	-47.983316507436825
2100.0000000000005	1.033099955673558	69.77437204596839	131.13579265583598
2150.0	1.1923796909034947	50.20756561693166	-69.77262054465078
2200.0000000000005	1.5502169610215006	43.08761512351293	-157.26252044343008
2250.0	1.524709472028783	39.99995624439061	-71.08937265672431
2300.0	2.0126676890665363	10.47282529420117	25.963971132900863
2350.0000000000005	1.4266671299021847	39.01156948015545	-86.07236082896317
2400.0	1.479615336996601	33.505801314114564	-62.70885286316053
2450.0000000000005	1.8522258254789707	26.615520094245305	71.16928957537016
2500.0	1.3377938345032898	43.53892666724301	179.45764961122273
2550.0000000000005	1.7091733577864074	21.18459612378719	61.17502246051822
2600.0	1.760155093759199	22.013750752479464	-95.6278164350509
2650.0000000000005	1.6060947427523626	31.427825723780277	-11.85887095389759
2700.0	1.3614610655072945	43.39764557748862	126.8015262385919
2750.0	1.643184840620392	25.3692877768075	-89.16764526293923
2800.0000000000005	1.7008001354501823	39.11232434891307	-132.53346701851186
2850.0	1.8155755604200434	21.664100802573397	-99.13796705950719
2900.0000000000005	1.910158947848012	25.66085483491676	17.93161662990746
2950.0	1.4530849514022057	38.74590419075579	34.200812422000595
3000.0000000000005	1.4687098047414555	34.96471100634235	-99.96913407595048
3050.0	1.9239340741196678	7.066483432828829	123.59756440650588
3100.0000000000005	1.5991959950390557	28.156794901721707	-95.1193748584759
3150.0000000000005	1.1374220254497056	53.683048301134825	48.628542257884774
3200.0	0.6455497049545253	68.74816811434516	140.23471477808593
3250.0000000000005	1.318869742862167	34.36966113073011	159.33439856729575
3300.0	1.3101808154629984	33.43407332194703	1.6925356118237291
3350.0000000000005	0.7505801327232432	73.84920171375792	-28.847771202645532
3400.0	1.3016054436672484	42.74429049808995	-91.9841279057061
3450.0000000000005	0.9634538190302953	46.730847358713014	78.59423240573584
3500.0	0.7380824419093049	61.259130352414175	-18.866211075810558
3550.0	0.7027854587014326	74.48009816813601	-35.706063421880934
3600.0000000000005	0.5665516395107213	62.809334292627035	-135.82616784614905
3650.0	1.1647924911357366	53.99393773085593	48.492670377571955
3700.0000000000005	0.6689663424722968	62.46647051909734	-54.87054106042052
3750.0	1.2964779464213005	41.285216259159746	152.63417757279575
3800.0000000000005	1.4669989668970425	45.846854613048244	-35.553363343662376
3850.0	1.5925717026492157	23.860318619415267	-13.839596781919756
3900.0000000000005	1.5978681376681536	27.876277033303094	-34.25069460030071
3950.0	1.380301333437452	41.85562796343439	-132.65709401928373
4000.0	0.9242668668821826	47.404641633285486	-79.32131096020346
4049.9999999999995	0.6885688686094724	61.41001144732019	116.17419310827366
4100.0	0.9950037859431766	57.092349602178444	-157.95219168900692
4150.000000000001	0.5668398768093378	67.75654830983527	65.75692561448949
4200.000000000001	1.2725130979553172	50.85736972057262	-61.592454275743336
4250.000000000001	1.054443755271194	50.99591398711498	128.45025297424522
4300.0	1.1780413526567692	45.73109155735625	15.934003494434371
4350.0	1.396183002274704	44.39915351872689	29.896779312972818
4400.000000000001	1.15312040837899	52.011378986012275	-74.90724571794868
4450.000000000001	1.575373503809682	38.32334833449861	-28.630562554712746
4500.0	1.6092723391734134	18.061990430992093	-7.766779436664084
4550.0	1.7640458701950974	21.825986110476858	-119.05172504414448
4600.0	1.6902381354108775	26.63930889549412	118.65876738075355
4650.000000000001	1.6602242358191992	32.490140869316456	-148.08125969526043
4700.000000000001	1.6910818562454124	5.551187358552479	-122.79224458516543
4750.0	1.6436759973237838	27.138948031144185	-105.36877256661329
4800.0	1.6105136134402276	30.942510652018854	93.70003413920482
4850.000000000001	1.5012244483703547	36.03434370842097	144.05617072731542
4900.000000000001	1.4203609096067935	34.77755247392229	49.91054711461436
4950.0	1.4697334852579442	31.880051284555893	113.16034381206833
5000.0	0.6650233520075263	65.81783761244789	10.832034074928966
5050.0	1.3939077305270975	29.0929733690353	-84.8204913482292
5100.000000000001	1.5140381238508178	13.02625980199738	-45.1311569186547
5150.000000000001	1.3342670329707667	25.392218701471986	62.005494201185265
5200.0	0.8598345274055857	58.36351457490765	51.49439320116779
5250.0	0.8046825990643021	55.743112383641446	-78.8927691097157
5300.000000000001	1.255245452063313	50.842176581361116	-166.73131521817956
5350.000000000001	0.9848544700068014	57.24208828182916	134.27043520831174
5400.0	1.274142878497805	44.004547325619626	-27.483643839957992
5450.0	0.822928692511062	60.7617802488619	126.09915145098041
5500.0	1.5652886838297788	25.27387089369585	-155.3934634615354
5550.000000000001	1.6096240294126485	32.32302426594134	131.61760177197527
5600.000000000001	1.2077420206399703	43.0554669155953	-2.760182144493914
5650.0	1.3745976577933594	36.236130162097666	-135.6103751788234
5700.0	1.335213707857755	46.16719443494224	59.16159141209428
5750.000000000001	1.0407587795936422	46.09912197148722	-13.693356731423114
5800.000000000001	1.1833366831195404	41.47097894711058	102.1417173274807
5850.000000000001	0.955551972673234	48.002388500315064	-126.77380965962725
5900.0	0.49793845916441865	42.07678149508421	-66.84714036105532
5950.0	0.8345757618400418	44.59936689785717	-52.75341466171984
6000.000000000001	1.3978145843873018	43.49067933754706	-143.18381815483215
6050.000000000001	1.2442784223543362	50.40688663204241	-52.36388310374338
6100.0	1.1590240973270778	44.876787317312285	-143.87501180226027
6150.0	1.2638790686529089	47.03147893273067	73.15038313730378
6200.000000000001	1.3119724179259051	39.523274033175454	51.42769971825168
6250.000000000001	0.8902133733911827	51.43303986452666	-174.54763576668194
6300.000000000001	1.0366020613177542	48.206961499184	-68.40559791000223
6350.0	1.2200973491421934	46.8594145004839	44.04815212155649
6400.0	0.9144759170431747	53.88513211753946	-149.64946857072067
6450.000000000001	1.0411641380637557	47.216143085277345	44.033355066488255
6500.000000000001	0.8937985548892221	54.4267263770299	106.2610443343902
6550.0	0.8531193959462723	49.49334343157715	2.2235259617128187
6600.0	1.0202640288249765	45.517396322415024	31.045833015581525
6650.000000000001	1.0665724140974309	39.95845699237775	-172.2790587954666
6700.000000000001	1.2269017488019942	25.607174871909923	-161.77348995987322
6750.000000000001	0.9746216543610754	44.47353476997659	-52.78799531133341
6800.0	1.6589547724156102	18.55391737441994	-70.51125504400473
6850.0	1.7123620777195012	25.786571460769085	147.91705763281354
6900.000000000001	1.2851904698625365	28.164474070537267	-127.38878441582179
6950.000000000001	1.2554453064750764	39.815404467678285	-50.46339884329341
7000.0	1.5735281966937174	29.7618651568513	-145.36158471429934
7050.0	0.7045966046141525	54.24019199696036	79.36619493363112
7100.0	1.2027701651201521	31.853972215013634	115.03732371896822
7150.000000000001	0.5460590463651244	57.41464195678435	-143.97954014484188
7200.000000000001	1.29391559485951	20.77101321586662	17.81073832245989
7250.0	0.9136737457804701	51.25555270618311	-79.16484430193427
7300.0	1.1375839046726377	37.3750950510032	48.90646601617255
7350.000000000001	1.2315377265701333	44.16421413906444	1.4759619058959397
7400.000000000001	0.9508423420717937	34.0213597115178	94.50750131517121
7450.0	1.2538110701832708	42.50450167119058	-43.355175582545904
7500.0	1.2901162673481337	44.988476332177704	-23.283877370878034
7550.0	1.526796702791896	14.68343295919983	-167.00925535802244
7600.000000000001	1.141493152467046	39.79223129266066	173.85278725069762
7650.000000000001	0.5990100803918532	13.779392304590097	-93.19343846187317
7700.0	1.5874669963827177	26.96839415311833	146.04189847955456
7750.0	0.9053572088472143	34.80889355771767	-45.45368768185309
7800.000000000001	1.17173816953815	17.372991768593746	115.07527727012463
7850.000000000001	1.3656715027721413	28.159538163250332	78.8446109907677
7900.0	0.8761829866519785	26.255038854211616	-74.9539033584122
7950.0	0.9091480004655444	32.096412235731144	-107.33246982512748
8000.0	0.6031556292178152	22.90295989632013	-157.22159899212434
8050.000000000001	1.294224295059795	33.25219011985475	170.99163272120592
8099.999999999999	0.86025255434098	28.90416276380963	103.6795202953574
8150.0	1.6752446270051278	14.439001374018256	66.20627934311331
8200.0	1.0405413524002656	31.05912359290237	156.78758351397244
8250.0	0.7144299637386028	24.404215621211026	163.05912977187117
8299.999999999998	0.845609706577951	36.92344312262276	102.27227151493877
8350.000000000002	0.6676523887524506	30.671265824512787	155.03868914044978
8399.999999999998	1.0831956053565472	36.06706688493436	9.23680208086983
8450.000000000002	0.5856439618992355	32.57624912087518	-167.15488280446627
8499.999999999998	1.1625200016179438	27.245346934499437	-58.9142813490369
8550.0	1.4579346274758054	18.159325492730062	-159.1021112386256
8600.0	1.241563328234196	9.3778701715895	-0.817890382611967
8650.0	1.0156951187725907	38.84586004763317	17.072582507146002
8700.0	1.005644974340411	15.317518968196868	-109.46596918466561
8750.0	1.2511776783337636	28.09648142777584	117.33742843171973
8799.999999999998	0.9995429144541845	31.34058032834139	119.20010248123015
8850.000000000002	0.762116113195858	12.673212144684388	-9.521521743868654
8899.999999999998	0.9622193591288418	11.800023746311457	163.48534346096207
8950.000000000002	1.1270497723856003	37.16777391903626	-75.50675793857383
9000.0	1.4927936429327786	25.315144763142413	-158.23951077578144
9050.0	1.1605385086328601	24.64276020946007	156.2046818830489
9100.0	0.731026966422703	38.52946976140414	34.59485507930489
9150.0	0.8313557524052784	26.66321224938605	-76.85960051692165
9200.0	1.2120012058729064	27.626979617170175	-132.2939319330302
9249.999999999998	1.592064481365438	14.100762900795129	168.64047312031926
9300.000000000002	1.0874679845738162	6.7620153617939724	89.55769490862065
9349.999999999998	1.2751404115785627	32.19955858106203	9.020638907871426
9400.000000000002	1.1168942228659509	15.516194013663144	118.95137430300447
9450.0	1.078031977186626	20.035142601747108	20.183139144662263
9500.0	1.0921740091821042	15.993327140790724	-5.729542497062432
9550.0	0.7333987476448273	37.138632912778554	46.4956641203185
9600.0	0.5625783036383164	22.71673078370326	64.09845762001915
9650.0	1.1403838126081511	12.806234782752991	-131.95942918068985
9699.999999999998	1.0401114496547217	26.622132077028642	99.35530695186232
9750.000000000002	0.7814880448923104	33.85647644430028	-76.1523703853744
9799.999999999998	1.254383223440322	31.007384493356227	-109.64582620169952
9850.000000000002	0.8053707558080919	12.814192128456847	-43.44998209458315
9900.0	0.6022949921396321	7.15340136097161	-151.50297434243035
9950.0	0.9717365867250618	32.360726695253256	-24.16728050096985
10000.0	1.2853428890380452	4.229985689195556	128.20833297902087
