0.0	0.5814831689945965	100.98295695913184	0.0
1507.537688442211	0.5584956856160418	95.50662628148845	1.110479091217098e-05
3015.075376884422	0.5413962393736776	89.92921915933415	3.786859312023747e-05
4522.613065326632	0.5298276217489786	84.35106935420724	7.491849494079262e-05
6030.150753768844	0.5233226830434276	78.87254387382632	0.00011460637574966971
7537.688442211054	0.5213282851453912	73.58350936764758	0.00014869848301653715
9045.226130653265	0.523240359108372	68.5554109518786	0.000170190844926397
10552.763819095477	0.5284420436743981	63.837448970632806	0.0001748515954091997
12060.301507537688	0.5363374750725265	59.45679919979657	0.00016215335877882916
13567.8391959799	0.546376677571478	55.42170845659929	0.00013539150538589224
15075.376884422109	0.5580703452414962	51.72595851580643	0.00010096150214824297
16582.91457286432	0.5709957413474925	48.35345494139966	6.695320916755191e-05
18090.452261306535	0.5847960672128627	45.28219609057316	4.1369286276484875e-05
19597.989949748742	0.5991757479900317	42.48733078576846	3.0361776648898492e-05
21105.527638190953	0.6138936351933822	39.94330850679859	3.687510006341145e-05
22613.06532663317	0.6287555254570533	37.625268721773935	5.999663682929896e-05
24120.603015075376	0.6436068558591231	35.50985564101199	9.516000094918767e-05
25628.14070351759	0.6583260339028322	33.57563043538855	0.00013515132864421633
27135.6783919598	0.6728185945605185	31.803218695722077	0.0001716994909125784
28643.21608040201	0.6870122182568319	30.175294209824244	0.00019729806389167856
30150.753768844224	0.7008525588913557	28.676468937015404	0.00020685543904780385
31658.291457286432	0.714299792511464	27.29313536892402	0.00019881447827516726
33165.82914572864	0.7273257855863399	26.01329042118335	0.00017549783831111033
34673.36683417086	0.739911784433762	24.826358266666215	0.00014259330693457543
36180.904522613055	0.7520465366130233	23.72302218108661	0.00010790586101105987
37688.44221105528	0.7637247667914999	22.695070188879004	7.963653195035129e-05
39195.979899497484	0.7749459414738912	21.735256656867673	6.458162156971254e-05
40703.5175879397	0.7857132679745914	20.837179729824364	6.662954291678693e-05
42211.05527638191	0.7960328827551202	19.995173983260823	8.59075914128011e-05
43718.59296482413	0.8059131926189069	19.204216756638427	0.00011875267981489294
45226.13065326632	0.8153643393298833	18.459846763525615	0.00015852369844600615
46733.668341708544	0.8243977641004306	17.758093235988756	0.00019705624640187943
48241.20603015075	0.8330258532030506	17.09541450995313	0.0002264657182945467
49748.74371859296	0.8412616498227101	16.468644590461466	0.00024088029513396204
51256.28140703518	0.8491186203076648	15.874946761353119	0.00023773259939550872
52763.819095477375	0.856610465321276	15.31177335452655	0.00021832771727600548
54271.3567839196	0.8637509681782873	14.776830788901815	0.00018754766038663994
55778.8944723618	0.870553873985454	14.268049460460537	0.0001527818365371027
57286.43216080402	0.8770327942252298	13.783557755124576	0.00012230730395418603
58793.96984924623	0.883201132219722	13.321659468524327	0.000103454085797031
60301.50753768845	0.8890720255763788	12.880814452458132	0.0001009994115633767
61809.04522613064	0.8946583023065748	12.459621764478788	0.00011611410971960973
63316.582914572864	0.8999724478564459	12.056804881250908	0.00014609435206806956
64824.120603015086	0.9050265808064312	11.671198977968594	0.0001849818355715098
66331.65829145728	0.909832435475683	11.301739239386203	0.00022485111304886482
67839.19597989951	0.9144013500935109	10.947450708797309	0.0002575656323023174
69346.73366834172	0.918744259555413	10.6074390979483	0.0002765722410179685
70854.27135678392	0.9228716920464197	10.280882355753926	0.00027832434647274734
72361.80904522614	0.9267937690034309	9.967023496793235	0.00026309103194365873
73869.34673366834	0.9305202079819815	9.665163826256027	0.00023487496060400082
75376.88442211055	0.9340603280353306	9.374657229918277	0.00020054423777314035
76884.42211055275	0.937423057207743	9.094904935367852	0.00016829759760105843
78391.95979899497	0.9406169417276136	8.825351455972829	0.00014589819062875046
79899.4974874372	0.9436501564724168	8.565480548912186	0.00013893618974843594
81407.0351758794	0.9465305162892804	8.314811943639873	0.00014959725534577107
82914.57286432161	0.9492654877929682	8.072898542209257	0.00017619945259707252
84422.11055276381	0.9518622013327377	7.839323681627952	0.00021354634390079982
85929.64824120603	0.9543274629028664	7.613698785922158	0.0002540828737804735
87437.18592964826	0.9566677658663312	7.395661000561074	0.00028954892394347597
88944.72361809044	0.9588893024434175	7.18487105567701	0.0003127991362272626
90452.26130653267	0.9609979749786235	6.981011335195351	0.0003193959911136503
91959.79899497489	0.9629994070374619	6.7837836658032575	0.00030854806255700197
93467.33668341709	0.9648989543896322	6.592907740221066	0.0002833097011571266
94974.87437185929	0.9667017159187985	6.408119647488316	0.0002499197436325309
96482.4120603015	0.9684125444658117	6.229170269243883	0.00021639977001803126
97989.94974874373	0.970036057572249	6.055824190361276	0.0001907945353437358
99497.48743718592	0.9715766480612755	5.887858777691645	0.00017940781445620332
101005.02512562815	0.9730384943683779	5.725063636969031	0.0001854420248759164
102512.56281407036	0.9744255705332657	5.567239408204068	0.00020823411671041007
104020.10050251256	0.975741655777192	5.414197478228915	0.00024344127536439364
105527.63819095478	0.9769903436160937	5.26575933309372	0.0002839944286757336
107035.17587939698	0.978175050495207	5.121755839188137	0.00032164280384051116
108542.7135678392	0.9792990239622397	4.98202653486995	0.00034876016705647796
110050.25125628142	0.9803653504244519	4.846419404181706	0.0003600842414428676
111557.7889447236	0.9813769625487572	4.714789628636973	0.00035379633438024357
113065.32663316581	0.9823366463681665	4.586999059732731	0.00033194246485190334
114572.86432160804	0.9832470481455166	4.462916228454974	0.0003000486039119807
116080.40201005025	0.9841106810287683	4.342414853448028	0.0002657829528126102
117587.93969849245	0.9849299315099669	4.225374386947419	0.00023738134180763547
119095.47738693467	0.9857070656796147	4.111679228229961	0.0002217742166631389
120603.0150753769	0.9864442352523737	4.001218953523218	0.00022311202515306718
122110.55276381908	0.987143483335338	3.8938871539013156	0.00024173742271442648
123618.09045226131	0.9878067499110464	3.789582539296686	0.0002742528902395641
125125.62814070353	0.9884358770178941	3.688208194639837	0.0003142101304993964
126633.16582914573	0.9890326136251992	3.589670750188167	0.0003534362626369786
128140.70351758793	0.9895986202154905	3.4938818670260643	0.00038405418752838485
129648.24120603014	0.9901354730995278	3.40075577215893	0.0003999415478424338
131155.77889447234	0.9906446684995827	3.31021095506545	0.0003983240456028089
132663.31658291456	0.9911276264352621	3.222168807740968	0.00038025031101069636
134170.85427135677	0.9915856944471331	3.136553140606088	0.00035033715426878437
135678.39195979902	0.9920201511795964	3.0532912955528984	0.00031591507409353627
137185.92964824123	0.9924322098363432	2.9723121700479815	0.0002851938203570762
138693.46733668345	0.9928230215106122	2.893547947956686	0.0002656827250600376
140201.00502512566	0.9931936783833704	2.816932182378558	0.00026230710492799753
141708.54271356785	0.993545216777917	2.7424011544861466	0.0002764915568634515
143216.08040201006	0.9938786200584391	2.669893883773182	0.00030585072744164217
144723.61809045228	0.9941948213652876	2.599351133523558	0.0003445996776323298
146231.15577889446	0.9944947061841326	2.5307155730157382	0.00038485880680438737
147738.69346733668	0.994779114755708	2.463932307037859	0.00041845051570297263
149246.2311557789	0.9950488443379278	2.398948781455316	0.0004387041866694707
150753.7688442211	0.9953046513386933	2.33571386113547	0.0004418438791928883
152261.30653266335	0.9955472533371952	2.2741779361643606	0.00042783255484634184
153768.8442211055	0.9957773310125957	2.2142933499851143	0.0004004700078195254
155276.38190954772	0.9959955299934394	2.156013646387561	0.00036645935970463085
156783.91959798994	0.9962024626370717	2.0992937556522193	0.0003339701954304814
158291.45728643218	0.9963987097407572	2.0440899157225374	0.00031085386180457664
159798.9949748744	0.996584822184651	1.9903594010642043	0.0003028594752281537
161306.5326633166	0.9967613224998452	1.938061574274011	0.00031250611299928234
162814.0703517588	0.9969287063576461	1.8871556163485144	0.0003382619894556504
164321.608040201	0.9970874439746469	1.8376033833926093	0.00037520558517275805
165829.14572864323	0.9972379814327896	1.78936741601293	0.0004158850143115661
167336.68341708544	0.9973807419163062	1.742411136275073	0.00045198378060438515
168844.22110552763	0.9975161268714947	1.6967004880206489	0.00047633966322529136
170351.75879396984	0.9976445170972268	1.6522010917238301	0.00048422116638282967
171859.29648241206	0.9977662737760408	1.608880001008107	0.000474562324975449
173366.83417085427	0.9978817394556136	1.566705358454152	0.0004501793638467865
174874.37185929652	0.997991238987043	1.525646923655183	0.00041721642863500654
176381.90954773867	0.9980950804264727	1.485673240431476	0.00038346584922169735
177889.4472361809	0.9981935559024911	1.4467561817352124	0.000357206635367214
179396.98492462313	0.9982869424472841	1.408866275688976	0.00034481403476651625
180904.52261306535	0.9983755027914623	1.3719756871536917	0.0003497104481843132
182412.06030150756	0.9984594861197744	1.3360572841793847	0.000371503029559185
183919.59798994978	0.998539128784639	1.3010848116325782	0.000406085222626943
185427.13567839196	0.9986146549765595	1.2670336378621607	0.00044662502525210675
186934.67336683418	0.9986862773526772	1.2338776165758738	0.0004847101761221459
188442.2110552764	0.9987541976252703	1.201594418222989	0.0005128411126956862
189949.74874371858	0.998818607114425	1.1701592616323575	0.0005253148118941841
191457.2864321608	0.9988796872699743	1.1395507310807986	0.0005201951019950549
192964.824120603	0.9989376101661492	1.109746952814902	0.0004993006462701946
194472.36180904522	0.9989925389749545	1.0807263057958274	0.00046788277080893093
195979.89949748747	0.9990446284199115	1.0524679333360352	0.00043353783338090634
197487.43718592968	0.999094025211443	1.0249516542010004	0.0004045262770180113
198994.97487437184	0.999140868465923	0.9981580065851932	0.0003879603078287768
200502.51256281405	0.9991852901053577	0.9720675891151265	0.00038816383911327877
202010.0502512563	0.9992274152390589	0.9466605551603611	0.00040566551303141557
203517.5879396985	0.9992673625233336	0.9219199682985684	0.0004374573338070852
205025.12562814073	0.999305244500569	0.897827996391325	0.0004771925766836168
206532.6633165829	0.9993411679166905	0.8743664576404654	0.0005167184862769335
208040.20100502513	0.9993752340191956	0.8515200678889228	0.0005481548067591835
209547.73869346734	0.9994075388356845	0.8292719540382535	0.0005652107623340772
211055.27638190956	0.9994381734366736	0.807605764777801	0.0005647167047238927
212562.81407035174	0.9994672241845534	0.7865081390691858	0.000547700545160515
214070.35175879396	0.9994947729712562	0.7659628500031233	0.0005184491639544193
215577.88944723617	0.999520897445692	0.7459548861819508	0.0004840238832646275
217085.4271356784	0.9995456712325002	0.7264708392637499	0.00045277434007020466
218592.96482412063	0.9995691641416435	0.7074971948578559	0.00043230464523295414
220100.50251256285	0.9995914423693512	0.6890202762520751	0.00042779013381113697
221608.040201005	0.999612568689819	0.671026724551295	0.00044089232019952506
223115.57788944725	0.9996326026361902	0.6535036608313466	0.00046940954512652417
224623.11557788946	0.9996516006716787	0.6364386447206661	0.0005077543699374763
226130.65326633168	0.9996696163496993	0.6198196176226158	0.0005481757840469961
227638.1909547739	0.9996867004637296	0.6036348799785705	0.000582463096258693
229145.72864321608	0.9997029011881294	0.5878731003725888	0.0006037560037488282
230653.2663316583	0.9997182642102286	0.5725233435111693	0.000608061009161438
232160.8040201005	0.9997328328551686	0.5575750667405622	0.0005951351370546684
233668.34170854272	0.9997466482053042	0.5430179826024693	0.0005685306586289004
235175.8793969849	0.9997597492139699	0.5288417583242291	0.0005347852457768386
236683.41708542712	0.9997721728145291	0.5150358599937505	0.0005019654958440973
238190.95477386934	0.9997839540260248	0.5015900829951512	0.0004779420647564341
239698.49246231158	0.9997951260535791	0.48849549000882175	0.0004687510748268737
241206.0301507538	0.99980572038437	0.47574401651111337	0.0004772231042689599
242713.567839196	0.999815766878885	0.4633263099405805	0.0005021388592144801
244221.10552763817	0.9998252938569647	0.4512317133990948	0.000538508228033581
245728.6432160804	0.99983432817859	0.4394521162816316	0.0005790723476001405
247236.18090452263	0.9998428953191077	0.4279817293991377	0.0006158470764955936
248743.71859296484	0.999851019440236	0.41681112190227015	0.0006412528266368464
250251.25628140706	0.999858723456372	0.40593015978510205	0.0006501506968780022
251758.79396984924	0.9998660290973027	0.3953346015855357	0.0006416463565508728
253266.33165829146	0.9998729569684485	0.3850170940791699	0.000618269133694574
254773.86934673367	0.9998795266070872	0.3749665349044472	0.0005854434521368719
256281.40703517586	0.9998857565371315	0.3651800242851854	0.0005515620725606581
257788.94472361807	0.999891664322093	0.3556501761531783	0.0005246711372518916
259296.48241206023	0.9998972666154199	0.346366349849899	0.0005109778649998661
260804.0201005025	0.9999025792089498	0.33732784586991077	0.0005148418636614553
262311.5577889447	0.9999076170777843	0.32852412347998805	0.0005355976987969208
263819.09547738684	0.9999123944242552	0.3199489681511335	0.0005694228253885857
265326.6331658291	0.999916924718154	0.31160073575018055	0.0006100013673353453
266834.1708542713	0.9999212207349353	0.3034665264157626	0.0006483125866215188
268341.70854271355	0.9999252945913012	0.2955478080651094	0.0006774368008059569
269849.24623115576	0.9999291577784445	0.2878341801185554	0.0006910432864142585
271356.7839195979	0.9999328211935891	0.28032147259252715	0.0006870342497804769
272864.3216080402	0.999936295170394	0.2730073190678256	0.0006672289421580328
274371.85929648235	0.9999395895070993	0.2658802918495603	0.0006360208269373536
275879.3969849246	0.9999427134936362	0.2589440751846075	0.0006019176814282076
277386.9346733668	0.9999456759377321	0.2521841661063499	0.0005720274966336915
278894.47236180905	0.9999484851915139	0.24560513273408327	0.0005547075046365139
280402.0100502512	0.9999511491740929	0.23919437354441356	0.0005534992637624318
281909.5477386934	0.999953675394961	0.23295323351289046	0.0005701041360846862
283417.0854271357	0.9999560709758243	0.22687396288753858	0.0006010792409101303
284924.62311557785	0.9999583426710181	0.22095296868789452	0.0006404754398371654
286432.16080402	0.9999604968871113	0.2151880479519489	0.0006804217169685006
287939.6984924623	0.9999625396995846	0.2095707918853133	0.0007124188261863703
289447.23618090444	0.9999644768711963	0.20410385981228132	0.0007307583546326564
290954.7738693467	0.9999663138668644	0.19877499840962332	0.0007312214032458331
292462.3115577889	0.9999680558680384	0.19359056312896442	0.0007154577487193126
293969.8492462311	0.9999697077884272	0.1885355606679256	0.0006864035227429221
295477.38693467336	0.9999712742868324	0.183618951150896	0.0006525054812945498
296984.9246231155	0.9999727597804736	0.17882389943365565	0.0006204436347992349
298492.4623115578	0.9999741684572035	0.17416118521898824	0.0005995357489294555
299999.99999999994	0.9999755042885474	0.16961273471178537	0.0005934251024278117
