0.0	0.1744106750364518	43.1703128730015	0.0
50.0	0.3160038129801139	65.51021542074824	-97.15270585652578
100.0	0.383764993658258	54.34090961841738	-179.82308982764235
150.0	0.4166610622444935	53.94618062005804	170.7165102502989
200.0	0.3334501516749737	52.67061993370356	-153.90796683620704
250.0	0.3521350546241227	73.95169820505647	-76.75069473172263
300.0	0.4154178494527263	62.35938245681031	52.97132577109686
349.99999999999994	0.34340170775714735	55.0514441925745	-94.1371405469429
400.0	0.3799451758268983	53.83842250790583	115.1914269093483
449.99999999999994	0.5279750857095193	53.18550030771373	152.62208860516674
500.0	1.1569507528294471	33.04938280198328	78.62952472953931
550.0	1.0565713455444725	41.290988171548236	51.484776041952706
600.0	1.4265211850631505	29.668720637381938	-63.40346900707419
650.0	0.7287191023910553	29.43548214993725	9.983721383294839
699.9999999999999	1.3830537755618308	39.02812491029979	20.307959570927977
749.9999999999999	1.0695355499426225	35.956490057412346	51.666419063541674
800.0	1.1781128953643767	41.95719585086396	45.75593642012407
850.0	1.5188106598496969	23.165536934231504	79.8424190746448
899.9999999999999	1.7068507048387833	24.461102547632088	-16.289428146389447
949.9999999999999	1.1774998223397644	45.387459460209776	-112.69601569008023
1000.0	1.0217390774486488	42.931319460434466	-118.3473976952346
1050.0	1.3482593812976764	29.667198737151097	163.298333222839
1100.0	0.6926472198424576	56.596802532289395	-83.65332368757029
1150.0	1.2944926762225148	41.26770306804766	-81.785636797524
1200.0	0.9861079537510935	38.9240273617267	179.60572673875524
1250.0	0.9667464520783932	41.399604550108194	85.91947331533989
1300.0	1.0025213176201582	32.61854010900595	63.01153319721704
1350.0	1.5430684188939636	34.26877814410481	101.96195884195669
1400.0000000000002	1.136733515580006	44.05658495036965	-104.94228067391845
1449.9999999999998	1.4112299800171013	23.737293220034516	-115.75156379063337
1500.0000000000002	1.3681646280693749	24.868230431775245	72.49613344005492
1549.9999999999998	1.3612840529293906	43.48482780242773	14.552048943064648
1600.0	0.9904555525960953	45.14852583640951	-168.20303787022257
1650.0	1.0495241360986158	42.49070401502883	-79.94939311359916
1700.0	0.5911015250914252	9.640705726936615	-38.04184658577716
1750.0	1.34702562575734	29.977883916037932	-151.92464035692157
1800.0000000000002	1.393950687087953	23.242498652765143	100.42885021523021
1849.9999999999998	1.3487409179264362	18.10728549716552	163.12815773334628
1900.0000000000002	0.45319524093277647	52.23723763192312	58.35756492570709
1949.9999999999998	0.9265132272143063	34.477103421588296	82.72967193700272
2000.0	0.47602905786588934	47.880665987036856	75.58387964610607
2050.0	1.4130723068497686	35.58408953020979	-130.66094056191923
2100.0000000000005	1.0231365753257549	32.44313757653821	133.24838971308742
2150.0	1.030095536852913	25.929795768600762	12.286640001362171
2200.0000000000005	0.594862362364479	51.38184841458749	161.8087753655102
2250.0	1.4072897101709065	24.672049911109763	-84.11947243167106
2300.0	0.48055343174248555	33.2124871185642	-104.49871385521948
2350.0000000000005	1.3665069559249978	21.323817561869323	-171.39656933856102
2400.0	1.527039252863674	11.461977561492425	67.62358862757566
2450.0000000000005	1.6741043729197707	5.620752597909278	-145.72654283858085
2500.0	1.4672330213930747	12.236906538321545	121.86399634996971
2550.0000000000005	0.8060234692282999	18.63500527169188	-87.63851572448448
2600.0	1.3326383958828876	30.220305093034934	115.84796237004953
2650.0000000000005	0.5779440385345918	51.194566316693205	78.06259307774253
2700.0	1.1953031408341657	31.371044118835815	121.98426957106567
2750.0	1.0188172136012745	32.592441814235464	53.796907951191045
2800.0000000000005	1.071300924915543	30.76456210674872	-67.66891697901056
2850.0	1.4343883527881074	13.472146476722195	21.95957500631268
2900.0000000000005	1.0430703798710723	21.267037594635244	101.11040869600428
2950.0	1.2626808946123873	22.644045140554763	12.939616317550556
3000.0000000000005	0.511411466982617	41.53877103852012	115.24800395697956
3050.0	0.7475753290408272	19.363025131758388	174.59945510181993
3100.0000000000005	0.9689315502810689	48.62321137456269	149.74616777379484
3150.0000000000005	0.930780121925615	12.582271758389156	65.64544433097622
3200.0	1.5429212342298506	16.82574908596068	-5.5212898429797725
3250.0000000000005	1.3735737712949752	8.267318226225917	94.8931414600104
3300.0	1.029799592125408	10.8380188832736	-164.48628941735473
3350.0000000000005	1.0921402770310078	21.236608635789636	-29.873563377685453
3400.0	1.035746204923133	37.104140941164744	-162.71331991121107
3450.0000000000005	1.1642062801871909	15.456826330897083	-130.4697835857149
3500.0	1.3263213561362117	22.454048720548077	45.01492749500752
3550.0	1.1972372589788352	2.3909533338810824	1.9229525866622295
3600.0000000000005	0.6499082301956193	5.2311850874386305	157.582733398901
3650.0	1.341943037094185	34.76943021569154	25.537437402366216
3700.0000000000005	1.020094131220359	31.29082108714701	-132.3009062942521
3750.0	1.1677496113687047	17.425075166357328	79.60035950720015
3800.0000000000005	1.468892773846617	26.237069658036177	84.9446913335052
3850.0	1.216037880055166	24.68092102287661	-29.661736556750654
3900.0000000000005	0.6195506662769069	42.18699176497069	34.367567971485
3950.0	0.8888912779336405	6.071302858624049	-131.0960915547329
4000.0	0.9142340453015195	20.324888851206236	57.29338305017745
4049.9999999999995	0.5763501349066606	16.6907797706544	-117.83277439291878
4100.0	1.4779374126071052	4.040564722311895	79.47617391338761
4150.000000000001	0.5691528435856168	42.93448890002415	-9.96971296820691
4200.000000000001	0.6897927094914282	30.17602125515978	84.25534144195787
4250.000000000001	1.1022193780213783	8.75372227470815	87.5106032212069
4300.0	0.8193825733542639	8.936653701085186	21.783975457624866
4350.0	0.5751362933958317	17.124956800468553	-65.79810473317195
4400.000000000001	1.446789484097106	7.931239414388947	-29.627182459030195
4450.000000000001	1.2632469681060918	28.555925259222665	116.68708815709508
4500.0	0.9153065398449673	33.77784255048688	158.32857207913142
4550.0	0.9752192859303529	38.95670369587479	-43.605018919067014
4600.0	1.1303454424552297	20.844111066414026	-79.5381069317378
4650.000000000001	1.0615067053294467	30.467868247130788	9.2074917734869
4700.000000000001	1.1469608242290859	15.092747507268133	-36.286612051083466
4750.0	0.6665971006530046	16.80915095846128	133.15670334448464
4800.0	1.4482161784466094	14.54003255409579	52.16664668346236
4850.000000000001	1.0474111893707896	21.995688348798268	120.54368345234876
4900.000000000001	1.004902272380633	21.525043958851235	124.39104506965744
4950.0	0.9010392044998585	23.164342928279005	-126.1278491201049
5000.0	0.5436104184141495	29.210446352134163	171.0010817138764
5050.0	0.8353928043097038	20.79523055674716	-125.20394586571663
5100.000000000001	0.6597578776680428	32.72485912761971	112.26930864006532
5150.000000000001	0.8935413244246657	29.40167315035322	-73.58405802220234
5200.0	1.5574852931031893	12.81687869264374	77.34647442579862
5250.0	1.384830606203235	10.50341107209778	-129.28394550363888
5300.000000000001	1.0319986389563813	22.30294255610566	150.3109986091739
5350.000000000001	0.9687966594143174	18.4553697854332	109.28898262814924
5400.0	1.2617716448898593	20.099484610252148	138.22384839161703
5450.0	0.48588688455909695	23.67525294405789	-176.63990996918403
5500.0	1.4131048698161073	20.474415115733002	-71.27964141330591
5550.000000000001	1.32023879340711	19.49086007478907	-1.8161762397622372
5600.000000000001	1.1112681099204549	16.68064737176488	-77.48583645162563
5650.0	0.6276829897135521	24.986831006273214	160.20833100106418
5700.0	1.424194669350958	9.301985606027474	104.02415879630554
5750.000000000001	0.6741613049149296	14.84695213528505	-81.12051468914107
5800.000000000001	1.1587704479256344	1.6971277170834482	121.85232425658711
5850.000000000001	0.9932508567719238	6.811172130308236	15.70683479115346
5900.0	1.3633925170856651	10.438513207648496	-14.583951163662654
5950.0	1.5397607163501954	7.2053053568813334	36.8220401060786
6000.000000000001	0.8227837823766045	12.56715422695095	-166.300329233044
6050.000000000001	1.2894400189856188	9.935942597375247	20.03678344505882
6100.0	0.49473733191975733	20.260039550174604	152.62306268755853
6150.0	0.988138192242729	25.25035435512141	-167.40474822838678
6200.000000000001	1.3575771749343735	8.765232538097553	31.24547657456617
6250.000000000001	1.329451094954981	3.9482775178316865	-81.66160940510188
6300.000000000001	0.860081465937738	31.397186813221158	166.53816445527588
6350.0	1.3713805069066234	12.9396404481904	-68.58807517683616
6400.0	0.8106752059040154	18.72373965167136	4.541633749891349
6450.000000000001	1.1541594294827	24.03745090003423	42.60341466580731
6500.000000000001	1.180025006885068	21.200463199490272	101.45527352394822
6550.0	1.2822439611337737	19.742089388397815	-136.74053469317982
6600.0	0.8366750491111415	26.353957817833777	125.89868528672207
6650.000000000001	0.9359147432231193	19.53264521945676	-93.63117974636063
6700.000000000001	1.2886944700940708	15.913317609155063	-153.2092116308937
6750.000000000001	0.9638646552835319	23.00016846414862	5.468867987650842
6800.0	0.7259233606261695	21.21635802512335	-88.40681968626724
6850.0	1.0393453082735606	16.47684139013279	-62.317238949938286
6900.000000000001	1.1255230103545415	8.064426340621829	15.389388436727826
6950.000000000001	1.2632091934175982	15.518897600471641	30.798832412688935
7000.0	1.1059639111785644	16.909931649988568	29.64399700236653
7050.0	1.0712584842973025	19.87378330405663	20.95933409457909
7100.0	0.9229906135129823	6.496807614279175	121.9353549005876
7150.000000000001	1.1092845399198517	9.709896318257902	-41.94728827651841
7200.000000000001	0.9409779227407531	2.9334411360296864	-63.934667375528115
7250.0	0.9745878334879312	24.70345319642052	178.41576322713343
7300.0	1.090166194017183	20.128583018009003	-166.32246188784976
7350.000000000001	0.7308318841351762	25.964087583189933	-177.8401776711691
7400.000000000001	0.9805031635418447	14.641124078303436	113.84368822769441
7450.0	0.7680638593870422	15.87832527515377	-126.05060598042832
7500.0	1.1085197880069682	10.546210018173714	-169.38771484940378
7550.0	0.943802773473819	17.287709908731998	47.92502955459492
7600.000000000001	0.9363991672394656	18.343950339244316	-91.80464169130272
7650.000000000001	1.1721498971419535	17.18523225717598	-118.5829969059488
7700.0	1.0773092364120722	19.12515104284226	-97.54713183460728
7750.0	1.0038334508428757	17.094164138490804	-46.971815969894585
7800.000000000001	0.9274354637100157	15.886271982037629	59.22459757909125
7850.000000000001	0.9384513451138798	20.27194558972496	128.84495687527632
7900.0	1.1144463135332559	15.907435097721718	-121.09482481246505
7950.0	1.2343477407441577	18.26785230454511	143.66770163997973
8000.0	1.1004610999715922	15.780619641928167	122.2494542805284
8050.000000000001	1.2355965997233616	10.961726725056694	106.70699913041528
8099.999999999999	1.0436198977028746	17.26490340024954	146.49180379428088
8150.0	1.1785632453441544	10.804970688024016	116.58070589333958
8200.0	0.9332516739175726	6.46682381796266	158.69921853687347
8250.0	0.9227019922329882	14.484481731393483	-165.3034549910556
8299.999999999998	0.6972409302571679	2.932112138595703	154.46372303013757
8350.000000000002	1.2241615714966632	4.3487865896966325	59.00821769422896
8399.999999999998	1.1717763710163898	10.59956322264566	37.43567207875639
8450.000000000002	1.25702076371677	13.376014657710973	-129.35208394321705
8499.999999999998	0.8197918424652543	20.268412704426193	-156.47811296709335
8550.0	1.0937546781258793	18.586275347263925	146.91747390375232
8600.0	1.2076083617153326	2.848438637901249	-133.55496552652835
8650.0	0.8278435758684641	20.11517888146281	151.92905776501578
8700.0	0.9929975914753044	12.022282953374742	-106.9900569648613
8750.0	0.9263495328878092	13.443896401803435	123.2251482091591
8799.999999999998	1.0033927855002474	18.710729063874528	-119.39531853897986
8850.000000000002	1.2290220176675168	18.23936454361733	-35.263863825876314
8899.999999999998	1.068946838591785	15.173726164039662	-135.99688134225127
8950.000000000002	1.1295550374587158	9.532434168811905	62.934657253959855
9000.0	0.8521962322188492	22.007907930116374	138.85542635901623
9050.0	0.8723937706764631	17.359470312404778	-166.91564667341217
9100.0	1.0552941887764375	8.907430020329135	178.84417479219542
9150.0	1.1265335670160903	13.710572764320442	-12.650238430801364
9200.0	1.2487086671295853	14.174507488728699	98.11239301770232
9249.999999999998	0.9596665343283688	11.416006181193925	6.153905932988766
9300.000000000002	1.188690820401168	14.03638658130517	-108.19917503604063
9349.999999999998	0.8811987749859136	15.334062435994706	-63.69267523551024
9400.000000000002	0.9231285294090186	8.296385273902189	-71.2515442073291
9450.0	1.0575038923597986	14.694827133227003	119.16633492411385
9500.0	0.9306744679908279	16.139342812025532	-64.02590467930858
9550.0	0.841915676964777	18.837775387244537	-133.15973287775853
9600.0	0.9453408417354441	18.537759902815825	-41.433455835959016
9650.0	1.0688596660034655	12.676897607458496	-126.74749255901888
9699.999999999998	1.1133777346407077	5.13980016789353	-6.724508358606779
9750.000000000002	1.0702331054107532	20.64336343962825	170.13166112163432
9799.999999999998	0.9242028424305014	19.219804731789907	-85.0801305473742
9850.000000000002	1.1666647658901574	12.931418397726047	-88.31516717745562
9900.0	1.0250503812211518	18.19378181502893	-14.70660382443033
9950.0	1.0738236477787755	13.093211096591588	-21.661574518192168
10000.0	0.9379881976910966	11.046235712476966	-54.98040782452909
