0.0	0.6188083560931616	9.115259841957098	0.0
50.0	0.9869476904674525	8.619930247481264	129.7932089210457
100.0	1.2594105443791719	13.524014696999302	112.59105873111093
150.0	1.0208207696633484	12.428701645204407	-109.01384108287024
200.0	1.1728497744209945	16.457283532755213	-118.66373333509247
250.0	1.1998780193556278	13.32907988792638	-62.65732327715184
300.0	1.0724105609069334	14.1109935447887	4.702442524436435
349.99999999999994	1.1091537562091907	20.60563299750369	11.951886204421314
400.0	1.016573045056971	14.011417054513535	-117.76399353964125
449.99999999999994	0.7283902693107086	16.810324833905973	160.54366854680714
500.0	0.9412811506809695	12.25263506682274	145.25926678713452
550.0	1.197935777273484	13.296506480018639	-84.4960062463218
600.0	1.1232871892900866	10.01830404118825	-3.812903232447869
650.0	1.2058313275580115	16.332090929123893	102.90157779539852
699.9999999999999	0.9158118278299279	21.790748946627712	66.57308779947424
749.9999999999999	1.2271307782277063	11.830871611842383	-11.472744749599839
800.0	0.8321842513712219	17.905399408149023	-117.43757060333026
850.0	1.0200589864068512	18.57496949732459	161.07635102661735
899.9999999999999	0.9550647458179659	22.524711984048846	139.5959847424613
949.9999999999999	0.8376524871211718	13.336793809052669	-37.6622298955164
1000.0	0.8929324894725009	18.589009738031486	112.91673578531574
1050.0	0.9760074384716662	11.615375217282459	129.5434500089447
1100.0	1.0142699280877687	8.523893402844074	97.37427756233724
1150.0	0.9105712865550212	13.900288359575823	-84.00630708778765
1200.0	1.0203444153057273	11.014909003039499	17.34494585816835
1250.0	1.018226791080427	5.746403468903999	-87.35296148004078
1300.0	0.7503146048454642	12.741316000691532	-71.4568556323595
1350.0	1.0838552495103382	10.993267326543853	-62.763595042805186
1400.0000000000002	1.0750370966716323	13.303962370988353	119.52718843733868
1449.9999999999998	0.9353694916110551	15.725642225220218	-135.15356101575537
1500.0000000000002	0.7916982043594337	11.719997230072172	121.56646477525172
1549.9999999999998	0.8385291666064387	11.627853156397416	88.25167389844418
1600.0	1.256535011534833	5.646140552861181	-46.15264358666963
1650.0	0.7937815318583399	15.480560502417582	63.36609401843552
1700.0	0.7420298262951953	12.7751277656757	125.97910262701345
1750.0	1.1835272847561744	3.6437051427828684	175.04238995700396
1800.0000000000002	1.071756342326835	12.43209332793325	68.38359052113744
1849.9999999999998	0.9382429862914735	10.824785347120335	-142.06832894362327
1900.0000000000002	1.1880605234563706	13.041188261998789	36.38246442907693
1949.9999999999998	0.8620398969489984	12.307746778999906	-78.46468908073501
2000.0	0.8831658077464399	4.5423137040932255	-80.05163950928569
2050.0	1.2231008867380293	5.551437331065174	133.02339071451348
2100.0000000000005	0.9147640692949424	12.371526649699408	-164.47484796592997
2150.0	1.0668562081878836	9.768333340720082	-126.52000414243308
2200.0000000000005	1.029991672997768	7.940331933418736	-42.29563519472938
2250.0	0.7801064494028728	11.117079966650063	151.19989319731997
2300.0	0.8814366100070958	7.9042801841194335	7.806357414238358
2350.0000000000005	1.0207822778880422	8.564084072980442	-148.99760911784512
2400.0	1.1223091886912167	4.585108889990834	17.01716116613885
2450.0000000000005	1.0785927017013375	9.666996634865741	-37.38745319597788
2500.0	1.0891650984966614	15.69015404410425	14.730976630157892
2550.0000000000005	1.1693540667143327	7.157180148802649	-22.418182324272582
2600.0	1.0447362169304915	3.741480845443063	131.21029747657326
2650.0000000000005	0.9611560443555596	13.482392716419406	14.94406632582249
2700.0	0.9535170214278128	6.989883356504044	128.95823518372924
2750.0	1.1695704554377044	10.876458312123573	162.65658241690565
2800.0000000000005	1.1383117016977233	3.321337815278404	-6.8014119381115705
2850.0	1.2808428023119445	1.9349730208140765	170.72702114749416
2900.0000000000005	0.977667401414046	4.645475395298436	-2.552331367787776
2950.0	1.0425939561332347	7.832901509408815	-139.7204219869923
3000.0000000000005	1.0650223304390136	7.9241322155726674	-151.37674285085296
3050.0	1.054572111342904	5.135078820961268	-21.044455490645227
3100.0000000000005	0.9512807224876267	8.601397906694652	-51.627694829066705
3150.0000000000005	0.914339835648689	11.765225227986933	-155.62429509706857
3200.0	1.0460573624335996	6.014216593618472	35.640183725469534
3250.0000000000005	0.8185400882218378	3.886967510053211	-54.943904056997624
3300.0	0.791635627330499	7.915791686899002	-2.570710743383471
3350.0000000000005	0.8114942798565931	10.070859924243381	28.18015038817389
3400.0	0.9972684943236256	8.345578883509013	175.46316945985896
3450.0000000000005	1.2145768104124086	4.643353534633853	-178.4175336543649
3500.0	0.968775390320438	2.2337584982640384	20.415035697865946
3550.0	1.1664048574381614	6.005147526024406	9.177318308882214
3600.0000000000005	0.7663776172092225	6.597558607300139	-168.22585527052735
3650.0	1.1409335651794603	1.1000321758840148	-12.24240150080432
3700.0000000000005	1.0662203563446369	5.355990394012686	-26.06290485243058
3750.0	0.9998416544220443	7.900515820198296	-6.364831743265346
3800.0000000000005	1.2047327566513315	2.6215944719348383	44.44581271913757
3850.0	0.8926006005271562	7.531168644486618	40.8998300996311
3900.0000000000005	0.9122138589521744	1.8817236948318559	-5.799777904046915
3950.0	0.8849546427692917	5.63888275302601	-46.64894066748844
4000.0	1.054815287721656	3.6246570343309212	90.0687255552953
4049.9999999999995	1.0179557142383642	0.10275615072185522	135.5928666641518
4100.0	0.9594771334223856	6.469149940751746	-15.38670662559897
4150.000000000001	0.8857149237286783	3.9600337802683443	100.15003922735049
4200.000000000001	1.025256391644081	3.1261138514358375	115.82259939851029
4250.000000000001	1.0067224803870276	1.321192416488419	158.83734198137333
4300.0	0.9945775887834546	6.1293890191647975	13.518748297990566
4350.0	0.939951810744682	3.3350874589104453	169.41034288997304
4400.000000000001	1.0347130982512704	3.332452792946465	-6.195604761347697
4450.000000000001	1.0093150403038669	9.278080814436903	164.4546495552827
4500.0	1.1389392726317875	6.791659890574282	-165.1560097326991
4550.0	1.2098859434246805	1.1037269185563419	83.15318066509282
4600.0	0.9655591800302304	3.030260453955245	-100.86446110014323
4650.000000000001	0.8207806450342524	5.051784885227217	44.46458530687715
4700.000000000001	0.9427138303521616	8.764757391065261	-33.99021527911603
4750.0	1.2100916968967996	1.295676411262631	29.79102903373283
4800.0	1.0378387022592432	3.62795939055002	-13.227352312260255
4850.000000000001	1.0426390203417075	3.1101209652502666	-120.034847606531
4900.000000000001	1.0217790304315835	1.1507285231084536	-49.21851274083784
4950.0	0.9206493989565544	5.280675343501553	-1.9968185614574496
5000.0	1.1587479560129834	4.101097978868739	97.66918147629372
5050.0	1.1422464953878833	3.525721846902907	-146.87285923907268
5100.000000000001	1.1654734188270988	6.201819635872904	158.21614035512187
5150.000000000001	1.061719363821647	10.725406774877692	-6.429782126859347
5200.0	1.029443914904203	8.420187432923555	-31.028370781599147
5250.0	1.0441204383514673	3.0906250685742327	52.65311706320381
5300.000000000001	0.847020190848184	5.404235696616647	-126.18173434660802
5350.000000000001	1.19514624934414	3.714220005973646	-90.75916651849693
5400.0	1.0719655920319457	9.045221015999099	-2.747877135926561
5450.0	0.8661271295673812	4.647880293373804	88.53248780583937
5500.0	1.0726152121712416	5.208840919631703	77.53078194277327
5550.000000000001	0.8276030104331895	3.458299080640689	95.98681681588108
5600.000000000001	0.875612969773548	4.170542046850983	163.7211576974088
5650.0	1.1092450905673858	2.949838811529428	-155.19009948349535
5700.0	0.9221335480570433	5.038253733942649	-48.43651664219003
5750.000000000001	1.1141889120269064	4.216653869643098	-72.076360520859
5800.000000000001	0.8731683354546582	2.886762326297281	-72.75691495260378
5850.000000000001	1.068030740762587	3.263114206365281	72.43965526000436
5900.0	1.0201621334646387	3.4279629786989685	84.39879683670324
5950.0	0.8943988135214047	5.022578509275219	113.32021204934222
6000.000000000001	0.9561146013644439	10.072445915378362	-167.19321406559968
6050.000000000001	0.9261945585791039	6.163418510461095	-111.73873226518224
6100.0	1.0753680216182853	4.65738897848189	-24.770480371146228
6150.0	1.1545860919538768	5.83587579538036	34.038886014826616
6200.000000000001	1.0752820040990136	3.5109074124062865	56.177277769815696
6250.000000000001	0.926903748037484	1.073377626551529	-71.5675571037356
6300.000000000001	0.8614993042696566	4.147245968363327	-49.23164539885643
6350.0	0.987150754771976	3.9267540892654678	-1.591567738339958
6400.0	1.1247630035365133	3.6215952917311376	93.69810941310696
6450.000000000001	1.0640288538320999	7.756464224194453	153.5094440270904
6500.000000000001	0.9449180430905633	8.900456611699106	-178.23970709556858
6550.0	1.0595969386297794	4.531157826643792	-132.926573302511
6600.0	1.1061048750283404	1.220699140169628	-134.02878436491756
6650.000000000001	0.9056825817099466	6.910290061252627	51.7225644460033
6700.000000000001	1.108774487064168	2.1792246411441134	31.687438925484255
6750.000000000001	0.8953152839469312	6.081760116795588	-120.91273208971383
6800.0	1.1054274419927763	2.3808373817839055	-137.74676120387875
6850.0	0.9277332529637339	5.4601874677361035	61.893837182143294
6900.000000000001	1.074101732894393	2.7560256319514598	53.397365566248496
6950.000000000001	0.9773197007252065	4.972394323949773	-121.28177323777591
7000.0	1.0184094066875893	3.8078509738199062	-132.58496772748356
7050.0	1.0310166137830172	4.364033522506188	56.44796813578716
7100.0	0.9765171639896895	5.0958839094721515	41.115099430251135
7150.000000000001	1.0486692990092763	3.5470699986576135	-114.61318908226366
7200.000000000001	0.9935727066031855	5.941224997348804	-146.33165232972473
7250.0	0.9818981764196815	2.960724977274449	77.70149457811995
7300.0	1.0638875000709174	5.502101648147485	35.58266055504145
7350.000000000001	0.9061230214816003	2.6995374675737276	-133.47577643534933
7400.000000000001	1.1121903620074838	4.868480536101178	-144.1050398451618
7450.0	0.9333531136252717	6.2483348822100675	11.236643304448997
7500.0	0.981966289604299	4.499432208971877	24.260382747298735
7550.0	1.1044972530102606	6.785148494155005	176.06463484328242
7600.000000000001	0.8921513759068179	1.7827083548809803	-61.27930798687907
7650.000000000001	1.0365799652859866	7.178825060112543	-14.967529425518874
7700.0	1.0889539207567094	3.8998594799287982	146.5512470384426
7750.0	0.9012049566696823	3.633755905974056	112.08781937106563
7800.000000000001	1.0427412124574693	4.722192328187697	-37.562685843038295
7850.000000000001	1.0929842634323013	3.2688062958740405	-132.5032199439663
7900.0	0.9120272707569107	4.397548428309757	53.96809373732967
7950.0	1.0116079487425926	4.3008200498802465	21.798927481366782
8000.0	1.0941205750856544	5.8728403551429285	-162.1244897083036
8050.000000000001	0.9251379829418712	2.5620808172356746	-29.704166964320784
8099.999999999999	0.9770551073612552	7.017170919476609	-3.800740126613777
8150.0	1.0894767073379705	4.688552767121624	150.96862003951432
8200.0	0.98123637892035	1.5671986329312102	88.7358188932896
8250.0	0.9439590552864568	4.959879210107939	-59.46089037279463
8299.999999999998	1.0617634321123086	3.3109934441377726	-163.3980079858173
8350.000000000002	1.062153485501395	4.737748766172366	43.65295261774313
8399.999999999998	0.9323245562571907	1.7031584614379445	176.4671041771622
8450.000000000002	0.9936944685282805	6.9524255369291605	-170.80108704494012
8499.999999999998	1.0764541545793818	5.130450238401462	-16.5030839752204
8550.0	0.9928519340962937	0.06548329923898935	-117.6194265060027
8600.0	0.9430526374730283	4.7890513136110275	123.83158053191481
8650.0	1.0297302283789986	3.79754907212979	-9.994584246611492
8700.0	1.0773005810556522	4.39074048877167	-134.84074219143062
8750.0	0.9701251319165326	3.808294245084429	16.302716764173343
8799.999999999998	0.9442457961222313	3.447929503480084	16.70558857363016
8850.000000000002	1.0369518562940443	7.416766799031655	170.30048014749482
8899.999999999998	1.070581052662018	2.478468573741713	-28.15386016243245
8950.000000000002	0.9759461050959094	3.2903938056713256	-98.33581566722556
9000.0	0.9427912044600503	2.8868166581216412	99.56458282029253
9050.0	1.0254920062732853	5.125229194306065	19.52933078729308
9100.0	1.0782468298937928	5.697564416207073	-169.2766523857917
9150.0	1.0002495128054625	2.5885467509142557	-22.258638260795525
9200.0	0.9303801446910529	2.9928008419028655	-38.63470193648354
9249.999999999998	0.9959427420533036	5.194780272469789	141.00679571580434
9300.000000000002	1.0755421943815076	3.533278859054428	17.388605982347922
9349.999999999998	1.0649244932182236	5.184148282314972	-151.04799824098285
9400.000000000002	0.945039243408617	3.08297793048563	-2.682387711178294
9450.0	0.9289533865900572	3.397890077222344	-5.129370980371213
9500.0	1.0308224343393875	6.092839131920161	153.42442467829454
9550.0	1.087114821023006	3.119769455437514	-6.613135464292048
9600.0	1.048957890446064	4.8227750633585815	-143.2488766381905
9650.0	0.9362935456238959	3.828045951811928	19.25143412089729
9699.999999999998	0.9257681906737334	2.189895536524739	13.174273963034462
9750.000000000002	1.02984043791584	5.711295549434055	160.83288932084085
9799.999999999998	1.0854631385138098	4.112731163932818	-24.79148098338327
9850.000000000002	1.055014137833222	4.306726436811089	-153.23908292058357
9900.0	0.9702809087906176	5.175503789827804	28.69009570872252
9950.0	0.9246959694082827	0.7552352164299323	157.33958925002818
10000.0	0.9827613939049368	3.9287011608080036	166.1118256641712
