0.0	1.7871269548533364	28.270295298047483	0.0
50.0	1.6571726448103405	28.354929655635548	-63.24561297795835
100.0	1.7509236922790237	23.31989635060692	-76.80550959581426
150.0	1.8405109818049956	13.368677912468137	-18.22725133853716
200.0	1.9957730963632037	11.149656232215477	19.059337949846523
250.0	1.886652164368487	14.49333057656177	122.16056948149097
300.0	1.8739832673965118	25.04898644166329	-54.17885886525134
349.99999999999994	1.7334283531110601	26.810162792127926	-165.92770604793031
400.0	1.6696215846557683	27.531711046308214	145.2418289642782
449.99999999999994	1.7519551698946283	20.484586487292844	158.07525292026963
500.0	1.8068479922280705	24.71329773956088	-139.04744838014636
550.0	1.8348983740044376	18.845719699325333	-8.682702723500407
600.0	1.692880226966942	22.227417978534994	-168.42092822851396
650.0	1.6860514925776888	27.417337439000413	81.15671647435796
700.0000000000001	1.583358327315991	29.095886380123687	63.222754271548226
749.9999999999999	1.7709927901816922	24.842181011814727	117.4947973079551
800.0	1.9582645163647365	3.1632078998299056	24.389529396579327
850.0	1.6653328448029818	26.125958033145135	-122.19649222282582
900.0000000000001	1.877738993872233	14.75431556235421	155.02473529956026
949.9999999999999	1.6482868114426823	27.291965446686635	31.008591924005025
1000.0	1.7642292861045226	5.921796236503536	31.368062565177606
1049.9999999999998	1.9322907673086698	7.881649883445875	108.43349741563917
1100.0000000000002	1.8909815996289827	1.4084225568463626	-10.292717355222836
1150.0	1.6500542919541918	18.030776655115417	-60.62234580865794
1200.0	1.6297008426333985	16.26595239547489	-155.91273267030533
1250.0	1.5894193779267447	28.0478618148069	40.191770857719085
1300.0	1.7771159332585555	15.495542295384737	-71.92164638352907
1350.0	1.509124800621557	24.52543883527123	-70.43780177779229
1400.0000000000002	1.7779044842689138	14.804262145387616	-14.959089438245398
1449.9999999999998	1.6732749352803116	27.852525320591525	10.017547607252444
1500.0000000000002	1.607662228753077	24.2487265413926	81.00003481626531
1549.9999999999998	1.485929315431568	25.613833249437185	-129.47478212984424
1600.0	1.6240809699553973	8.16857897806073	29.806450462027875
1650.0	1.7360044363980613	13.78419199965977	-111.91950171445963
1700.0	1.4681905939542403	22.532266212930534	92.24672261181216
1750.0	1.5885493613113721	8.992092899463268	30.933911512715156
1800.0000000000002	1.6170928517151844	22.4919728058146	-53.78031621398607
1849.9999999999998	1.6223302626420426	11.612628638328417	-118.3655558646071
1900.0000000000002	1.4942385915946752	16.964606583820327	-152.856050651578
1949.9999999999998	1.7084881955794218	9.231988088504087	-169.43675521916586
2000.0	1.520144045510392	26.99045547064744	-171.4926854008444
2050.0	1.5705238178623415	22.74483624662497	-152.6045033758691
2100.0000000000005	1.6148131630479114	25.512304873450425	-121.00350112456974
2150.0	1.5928369162016678	18.094664545459235	-73.0480759510006
2200.0000000000005	1.4969103838383149	17.576221709755014	-20.825539491884058
2250.0	1.5048875009917666	20.746279637745104	42.8306042740747
2300.0	1.6232243787530725	17.1702135477862	97.19903060043954
2350.0000000000005	1.4688414495672646	26.668181927201775	-151.5287961871358
2400.0	1.5581986423827954	18.5614486383468	-46.03019936627203
2450.0000000000005	1.3757701440745318	20.566379996993376	75.5594595139788
2500.0	1.496137021130679	11.860827995108936	157.80757402910723
2550.0000000000005	1.5587583885236815	24.54249227365321	-71.8139875442676
2600.0	1.5451098306564006	27.12810664454156	30.04569139583643
2650.0000000000005	1.4478219497952278	16.668903540787817	152.95919151408657
2700.0	1.4591016049934318	27.326558666773945	0.4272021691484223
2750.0	1.3497821337834155	21.7050438903887	-176.6697311553282
2800.0000000000005	1.422777831043254	12.22960408519939	-0.4551222025027503
2850.0	1.5793656824639115	19.121886325147724	-142.7383593437561
2900.0000000000005	1.4372708979851414	14.144200045139605	-60.0709761393368
2950.0	1.5466418740845562	19.267393396591068	104.2623588369685
3000.0000000000005	1.5596801949361785	22.333694627549516	-144.43025515198758
3050.0	1.3726226978501588	12.93225451494847	-52.94271506011307
3100.0000000000005	1.557749481220396	20.112410691165863	98.64572314085348
3150.0000000000005	1.3706591385896831	16.977305477822984	158.58811249840306
3200.0	1.5685195995871548	18.562796399317023	-79.35125495160734
3250.0000000000005	1.3376676407663977	17.219883611900755	-47.190578753957354
3300.0	1.6096099545302165	12.40692647719289	53.81748891153555
3350.0000000000005	1.4286735607067593	19.220755500985863	63.95667782725677
3400.0	1.3791248184071878	22.491270857269495	137.7786857982697
3450.0000000000005	1.6348529933500147	6.957587283090415	126.90180937663006
3500.0	1.410017366531064	22.1088245291429	-176.0020127760627
3550.0	1.361305246771718	11.28585788099317	-145.57032693202723
3600.0000000000005	1.4136161085522991	10.3432189825817	-153.64071215909
3650.0	1.4585042837920466	21.214232119954765	-166.8589459199382
3700.0000000000005	1.6048447958091894	12.500785576137853	-169.8417614634622
3750.0	1.6315121296814534	6.108373392986307	128.13530838258626
3800.0000000000005	1.60843220739399	12.5446306658307	86.39167677297802
3850.0	1.571593212780667	16.610882338795573	63.059487869188665
3900.0000000000005	1.6029920339585806	12.714021498007204	31.702557624690012
3950.0	1.5602675168292326	12.049950255147584	-38.11947826890509
4000.0	1.4899538949026654	9.243612776848304	-100.04249782863471
4049.9999999999995	1.3618963014265852	5.809402194443788	122.18248934537986
4100.0	1.400497648617435	13.798068707565141	45.30351575275964
4150.000000000001	1.5918273559737197	8.904552743685585	-67.7208078399895
4200.000000000001	1.496792479275658	15.191762137653905	-165.87058630037586
4250.000000000001	1.3296780911116244	11.710983379271964	68.49176538408167
4300.0	1.4657031690525082	11.536305539625138	-51.159482725834685
4350.0	1.5349240102350679	13.209071314721218	161.68498159562657
4400.000000000001	1.4121477711952564	9.887506404207882	0.21630885608293937
4450.000000000001	1.5380082270665398	4.514980720281329	-140.494817054054
4500.0	1.4415200791569698	8.075055237051139	115.32279938299087
4550.0	1.6051203491199875	6.289410962077687	-63.08494393021291
4600.0	1.5066430108511843	5.203362147318061	114.18544432546841
4650.000000000001	1.3273067745723521	5.034797219065021	20.015825358941793
4700.000000000001	1.3029816872059077	12.331295761539746	-136.935118945662
4750.0	1.5307140366664627	9.588807613191314	143.41508990017314
4800.0	1.513130323779006	13.274924573443165	2.4395035802943212
4850.000000000001	1.2617905769842193	8.717581877304953	-111.18489679877858
4900.000000000001	1.3870582400988303	7.04796607531728	110.993682172564
4950.0	1.2469082735176256	12.292264082397494	12.138362159366151
5000.0	1.4448678416207341	9.181041516673172	-93.5635441908384
5050.0	1.4563054070950037	8.027534847122999	161.14575896728152
5100.000000000001	1.2349719051318577	13.06676549782596	27.991133426035386
5150.000000000001	1.2772058232991739	6.766105054869901	-114.56573410776475
5200.0	1.565127329391684	5.642244853472289	177.6084206316833
5250.0	1.3208408441739299	11.200778713841002	106.6715613854724
5300.000000000001	1.2100173909295509	11.662577803236466	-99.33422011024277
5350.000000000001	1.3302480941983397	12.854278735764625	79.47313186199608
5400.0	1.3247701348059173	11.275257327008529	-109.25860985376734
5450.0	1.3078745689411488	14.948790549309663	27.93111182003424
5500.0	0.5705041910114238	22.75259394783351	-143.48839838143388
5550.000000000001	1.1524323684854927	21.746917215925315	150.31286028995902
5600.000000000001	1.349648763313189	5.587742145313945	91.82329508859104
5650.0	0.6414262792091555	19.70041663818007	-149.20273718864132
5700.0	1.2171246444788084	6.479486190945769	161.46451335055343
5750.000000000001	1.1814194280140295	11.924555155029966	24.459445463698124
5800.000000000001	0.8536761213183252	26.890472865406824	-44.655695503326605
5850.000000000001	0.8632182964034284	14.279891604576855	33.78757409604292
5900.0	0.8925189392794303	11.06133806428074	87.08683829394278
5950.0	1.1693394426152706	28.38487243989737	0.810254341648009
6000.000000000001	1.31900660416363	17.719465720170223	-115.87051067958538
6050.000000000001	1.2273209369152993	8.446160562658765	-39.352095131992726
6100.0	1.0052408229114875	22.569078661781973	-53.190863540113554
6150.0	1.1407996530801219	26.5754930940964	23.971362278428902
6200.000000000001	1.0885706845391483	16.486288341742945	103.71736862565848
6250.000000000001	0.9402622411532254	19.97201257493534	125.17994434131273
6300.000000000001	0.6380872227713643	21.945049522139595	71.65384916011392
6350.0	1.4494863403808682	13.502162974126582	-113.8557686787016
6400.0	0.9006309807881221	19.358477938952355	109.50834994713583
6450.000000000001	1.2128050212232209	16.782201874342523	101.9746965660466
6500.000000000001	1.2947241604377366	9.55975032101594	-121.19277092968973
6550.0	0.5657741101698968	10.759642151852944	-65.180805904182
6600.0	0.6576967187522362	17.57106489770401	11.778844419542564
6650.000000000001	1.252048218237508	20.500137196422617	37.988738986316044
6700.000000000001	0.76128294177799	23.99788610470088	-51.560669646550096
6750.000000000001	1.20461867663867	20.303447238293924	-149.8891489190335
6800.0	1.0963723393082452	26.088374531264897	89.2572409724409
6850.0	1.1101665829518539	21.310056605163552	-62.518303658505346
6900.000000000001	1.118591705035126	27.757546379309286	-143.9287564525067
6950.000000000001	1.1657836494050526	21.820950050565052	-76.06042373118727
7000.0	0.9699927860632158	11.507240073178487	125.95959993820935
7050.0	1.0659551063232393	16.087922904238845	123.63439680281454
7100.0	0.9652748989119477	16.61674336284313	-51.671960716349616
7150.000000000001	0.7480133210784712	20.92485323004141	-119.35582834316922
7200.000000000001	0.994004026108401	12.790260823211595	23.12100828406014
7250.0	0.8612441131172787	10.69851956998109	53.94225831140783
7300.0	1.203073893489959	12.637421728480629	-114.1731751792337
7350.000000000001	1.0098448219990275	28.276950173881108	-34.336653769313195
7400.000000000001	1.2447262371364693	8.521684190319458	-118.34458532958293
7450.0	0.667243806739514	7.554544616780198	-60.049689073053635
7500.0	1.1499108410526593	7.355206606140782	-42.63849043333801
7550.0	1.1724836123450162	1.3111644656961357	-107.7299437565258
7600.000000000001	1.1275049347551418	4.673574355099633	-144.85417340653987
7650.000000000001	0.8535308576095467	20.760641249523182	111.339266901677
7700.0	0.9798838862200673	13.930525008632294	123.4559428102463
7750.0	0.6685907619639233	11.935713667500574	50.371095269252315
7800.000000000001	0.685228669926897	13.366180804515302	-65.37694760146356
7850.000000000001	1.0253683511592349	11.160072368743561	-5.331176152466455
7900.0	1.1511475840522536	13.062388218370728	-123.4136463832709
7950.0	1.0067802430973927	15.890286139997476	37.475610867772076
8000.0	0.9267429612625286	28.163613004218583	-0.4324184695480946
8050.000000000001	1.3433978259971198	16.722091687699745	72.9678918182766
8099.999999999999	1.191474690021577	16.066762336107864	157.52075304157646
8150.0	0.9958179966569809	12.859553585106314	177.8610268183603
8200.0	1.2893556119771061	17.918795267390674	-143.09426120164017
8250.0	0.9363423659914976	10.292568103852188	-51.38097676193351
8299.999999999998	0.9701139245411177	12.189903998814808	104.87220150639136
8350.000000000002	1.188125117458957	10.941670381562083	-59.82576579528653
8399.999999999998	1.1509468858642755	4.277115916947594	136.07754541990835
8450.000000000002	0.9660497493583059	15.970405985521165	37.241625916560956
8499.999999999998	0.7317646292527422	15.649272827776416	-126.34930006879176
8550.0	1.0120539481866124	10.267064232172524	-84.42643712231794
8600.0	1.1144251766659565	6.798115908465921	20.108942199364613
8650.0	1.2328807906926411	13.473740053861915	-75.88724067957173
8700.0	1.2711451142146053	4.223549913139618	136.62051397681464
8750.0	1.1688683886079543	13.527168870482464	108.29032600180494
8799.999999999998	1.123377573237997	13.265854782863697	-0.6782269134077378
8850.000000000002	1.080465920235938	20.216995681749562	106.3632650512787
8899.999999999998	0.9604981167186502	20.790273029739037	-163.33769291311705
8950.000000000002	0.9969380318735722	18.665877278347562	49.41493797168679
9000.0	1.037033211370141	16.643250842798654	-105.62377262299066
9050.0	0.9179927266991498	22.666256265048492	-124.15221113795674
9100.0	1.0617049710031259	18.22392465134928	56.80550974678224
9150.0	0.8782526114197083	25.720876782784885	-163.68070142583682
9200.0	1.1201120749432054	20.753404122340083	-65.50913956874783
9249.999999999998	1.2066310530460553	17.235718867505398	-123.42538573814099
9300.000000000002	1.099889313243425	16.10383523873102	131.6000763779382
9349.999999999998	0.9051967838331136	19.964099605182458	-151.01026734346237
9400.000000000002	1.0977617614341073	17.87582188700743	73.86128133978903
9450.0	0.9770267602485339	19.793376306012952	-154.50615545721809
9500.0	0.9115167688102802	17.021998176494503	-6.408668445851948
9550.0	1.0276219723725866	16.422923890746723	39.764227395363854
9600.0	0.9776029606793935	20.039500613637138	66.14393628639405
9650.0	1.119313179945163	15.908641199285606	73.7273233943723
9699.999999999998	1.097573057105359	19.238199909415197	175.31437060367423
9750.000000000002	1.1609566439426622	19.172850934441993	-179.13308795302584
9799.999999999998	1.0895435331286645	22.243143415524095	52.09820423087691
9850.000000000002	1.1010683912968118	12.884750217372188	57.79728844446125
9900.0	0.9875495086633099	24.73287851415444	-9.739329433958458
9950.0	0.9374845997391155	16.04622956723021	-66.09160545322435
10000.0	0.9433257902283322	15.593952129344947	39.00969086677569
