0.0	0.9755245033123414	123.94412695793325	0.0
50.0	0.9585853389375791	127.31389903637395	-48.07791994439254
100.0	0.9649118110420862	123.80404803305356	-127.97810214280429
150.0	0.9443462529673339	119.8161879316205	145.68822727245652
200.0	0.9333741654427636	120.2294628273871	26.978009842871923
250.0	0.8822574126863902	129.52116464107607	-119.30057282472401
300.0	0.939728270930614	125.77453112652752	82.15438193354738
349.99999999999994	0.9572433891239811	123.77704643955774	-116.91835514691478
400.0	0.9118124958259217	114.85987317584815	-2.280904624968293
449.99999999999994	0.9457673460760323	112.13645690800459	54.75390717441345
500.0	0.7922864588105056	128.67190210316573	108.83788883945199
550.0	0.9482591605633447	104.39756154371962	166.94038289991298
600.0	0.7138633177318365	135.50906055578633	-123.71736625772631
650.0	0.8170009911483009	116.10010361407305	144.60692085783126
699.9999999999999	0.7247173027049434	136.26945686252984	86.74711646907356
749.9999999999999	0.6938040345678882	134.5560059864176	-9.654937298360016
800.0	0.7794378518260493	121.66079771225404	127.98743948164459
850.0	0.9912418587537567	103.91152387964479	88.57406520438975
899.9999999999999	1.0573510610652042	89.44903683142846	127.40185194526737
949.9999999999999	1.1230083101005641	98.48055028220462	112.42486337828849
1000.0	1.0427508318030956	91.03265902228509	37.70682942146991
1050.0	0.9163340253392107	98.83970075886756	13.810701418097986
1100.0	1.086904175414087	88.48793445777628	53.12395562495465
1150.0	0.965188650760872	97.36100908871369	95.4674173378883
1200.0	1.0182667157010756	97.3006345140145	51.119280447546
1250.0	1.1554525668188074	79.46353579029356	163.3154490861933
1300.0	0.7773058903894742	112.81900089356472	109.60512016590467
1350.0	1.2583117425131605	81.05696867937746	-51.37543622375965
1400.0000000000002	1.3063500481972905	80.55505799896038	110.39853861358618
1449.9999999999998	1.1854621540521253	83.85896867700247	-47.48796233918803
1500.0000000000002	0.8271978275992328	104.97932658357803	140.22065549585096
1549.9999999999998	0.7654608436001451	105.51789885728736	-154.71105215255696
1600.0	0.7755185217089302	91.25434064946201	38.764676936303076
1650.0	0.712696430322833	109.86548854578606	69.73524066125754
1700.0	0.7244323039420787	106.61132276660328	-53.276635143007056
1750.0	0.6984796268412579	99.11332360164567	66.72236687186287
1800.0000000000002	0.8276522573144964	94.2031020753719	-18.784374270629673
1849.9999999999998	0.7084283870744178	111.67290265132	140.99848886164625
1900.0000000000002	0.7799146498920351	91.83580772115285	168.53837337340417
1949.9999999999998	0.8395164183873737	94.84357776479656	169.2093229443014
2000.0	1.3877838345377569	65.90243503597118	-76.54972235031082
2050.0	0.837924160225188	94.41839993604286	18.893235754329638
2100.0000000000005	1.1746226714895247	70.94602133421182	30.909529257689748
2150.0	0.9078744824659771	80.71581536041883	164.8677593047263
2200.0000000000005	1.1454831906968357	69.72270229458384	-60.50597178735497
2250.0	0.963980356061034	78.0485387559403	85.78052677464936
2300.0	1.3362535480331823	64.16414492762503	-42.42469176075155
2350.0000000000005	1.5010037975270951	62.90287390608262	-77.5485074670304
2400.0	1.236921648465374	65.45785853806264	11.035806315492268
2450.0000000000005	1.1014212936017116	70.07407584062956	83.46043914461248
2500.0	1.1516678533529465	65.90206160176686	106.47186085540156
2550.0000000000005	1.2049792609912664	63.040614726164556	41.42351769002706
2600.0	1.1829402245317693	63.49178165286485	-61.892842465403156
2650.0000000000005	1.2107928984770906	62.47166105567075	-130.62834096384682
2700.0	1.07418579703557	73.52495912766217	-147.40020466597093
2750.0	1.0204048283631224	80.97401974653637	136.38130018987061
2800.0000000000005	1.1899374360004886	65.05264413194992	-47.886254197333784
2850.0	1.1567181736607453	74.79714186554786	17.712514971377278
2900.0000000000005	0.6197295467418202	98.36205760242913	-94.36975187039283
2950.0	1.1378193482815204	69.29702019185513	174.6299187780839
3000.0000000000005	1.0135021180250603	72.9922617399635	45.365710804254434
3050.0	1.0665893702003384	74.59749111622205	30.309896720093736
3100.0000000000005	0.573801259354371	80.90828836579767	161.8404682461386
3150.0000000000005	0.5689466267249667	85.79874456605826	143.43067145012225
3200.0	0.5621778021645096	99.36768770144606	-117.28755741197803
3250.0000000000005	0.5087049169368705	100.75231928720206	37.723931948280644
3300.0	1.3484509216407834	52.08006196142404	128.91654450719017
3350.0000000000005	1.5908086773568613	37.217781311241225	-173.7821017142941
3400.0	1.2354058702991575	60.645331110487334	18.135147160542438
3450.0000000000005	0.6749401639722733	75.80783078252684	-111.99841447360308
3500.0	0.648749394963314	78.44046390684426	-178.8960476910493
3550.0	1.4952403080532395	57.509615866806975	149.65673344805802
3600.0000000000005	0.6824202956803024	77.90683227770681	81.37339213308701
3650.0	1.535588597004822	48.232322519036465	-166.65394770916015
3700.0000000000005	1.6492763116999238	50.46822022918789	-175.3182770193317
3750.0	1.7802507493807567	31.901027695470177	134.36164532719846
3800.0000000000005	1.4844782383270643	56.22616925870835	136.56165764884202
3850.0	1.5166789100336946	53.37344671900275	90.35448101125546
3900.0000000000005	0.6970469468847011	72.91726330051276	-173.024165551866
3950.0	1.4546198379702004	42.591349994445004	-145.00335914304424
4000.0	1.3204172902679132	56.58963966390565	107.971097993852
4049.9999999999995	1.3173561571104322	57.495990812864356	144.82979885399953
4100.0	1.4690421211533153	40.46914370047161	-43.26764361855149
4150.000000000001	1.1302257891255136	57.584549094480145	121.53890466964782
4200.000000000001	0.8251098264581324	84.22137940643222	20.50158075037033
4250.000000000001	1.365568717346349	61.82777192654335	-58.43435885222144
4300.0	0.9896672339707644	71.71715428945848	108.80786756664632
4350.0	0.848350091848662	68.25159603406954	-63.35415173015534
4400.000000000001	0.4615286179703102	102.73980829611159	-59.286561801869226
4450.000000000001	1.2725490756160382	53.35798013907923	7.896754170658219
4500.0	1.586654395945795	48.07443265375902	-99.36758282704481
4550.0	0.4411803410573391	93.0159957950164	-92.35725500746834
4600.0	0.2782826779550237	59.40446431955844	26.180078241083077
4650.000000000001	1.3807482697732678	48.60825750060484	95.65308296743916
4700.000000000001	1.379477731053683	45.47445750803287	91.28317491716304
4750.0	1.2659119068662155	63.14570394660346	142.74885991982552
4800.0	0.8506004786353973	66.59149503967443	106.35403121117122
4850.000000000001	1.013335480190431	65.45490064183906	-30.7244272994169
4900.000000000001	0.5667459582220146	68.77902905071859	-155.8668236930867
4950.0	1.228547171611086	49.57461483357465	-118.01336923062797
5000.0	1.3251569936558611	51.2097569221325	46.500901521971905
5050.0	0.7566862063456836	69.68777763255795	67.63509490864739
5100.000000000001	1.2775303299447303	48.79222423131777	110.4897349036955
5150.000000000001	1.44867689650917	48.36882244514097	55.18031089958007
5200.0	0.9070879008218333	60.505210099612995	30.016851877462088
5250.0	1.3271811377549465	45.28618094310217	22.17354356034867
5300.000000000001	0.6364684738263172	68.14581988847695	111.82120642076418
5350.000000000001	0.3966145188174538	55.955119263624994	-14.233518832853443
5400.0	0.2979716391461248	69.79666830696956	-176.67414058887832
5450.0	1.5790380368491088	35.93462959449816	-127.84219941266517
5500.0	1.937121690577037	8.563427276653941	-34.84936613816931
5550.000000000001	1.9059692827909893	16.495593836963398	-128.01490118790917
5600.000000000001	1.6133622654902535	38.35205064694551	-127.03332932341294
5650.0	1.7868766090638035	27.138268046225633	142.2236573696208
5700.0	1.548548268425309	32.71381973719935	145.0879797747924
5750.000000000001	1.3848906742095513	46.95011722725989	-85.35030118904892
5800.000000000001	0.6439312238582882	72.46629967182163	6.597352819314626
5850.000000000001	0.5028181520788839	81.68793250987815	136.71366138062777
5900.0	1.3187696175976937	45.08900306095171	-140.32240035472725
5950.0	1.124924276607165	51.81892043669925	107.89997031932721
6000.000000000001	1.0277855335178894	61.23070376381578	-162.52061489960516
6050.000000000001	0.48397818681895016	73.50750223813758	-159.74742931822672
6100.0	1.344633891121523	40.498343703664894	-77.63772823084778
6150.0	1.4134753951095198	43.7446934240186	116.3289762440111
6200.000000000001	0.3830810184788986	57.166855727456436	149.6082218138925
6250.000000000001	0.3250457450885306	63.59887741800795	-116.85369696287898
6300.000000000001	0.7855591317064443	64.48237423806722	-51.81114386427753
6350.0	0.510727465387049	64.07460130654995	55.29336623510433
6400.0	1.6852736179280607	22.112326426942147	-148.62802878311666
6450.000000000001	1.7955167727332046	21.228430438955307	-36.62247538953201
6500.000000000001	1.76470219319486	14.140673700001095	103.85882122965081
6550.0	0.7997842009337701	54.86888923548094	79.65801731595054
6600.0	1.2186945548967685	47.26623184452113	46.351898550451935
6650.000000000001	0.4427748114481772	63.2096816416909	87.79321734834332
6700.000000000001	1.0250140762077655	52.84184545487632	103.62765153662941
6750.000000000001	0.8275356018361594	53.35048319124487	-91.03319456312923
6800.0	1.211287357221165	46.11845626147442	-63.76770578092744
6850.0	1.3266162578923852	32.60895856542116	3.2241540719015362
6900.000000000001	0.33941917879761735	84.10346590887211	-169.33548515786447
6950.000000000001	0.6683616136868212	49.163364547285276	127.23063284216701
7000.0	1.5104633604305193	43.253473244339474	-49.70593008062307
7050.0	1.655366063673955	14.766832079142356	8.925473287893961
7100.0	0.575252488046303	75.48612280480934	76.50060615719092
7150.000000000001	1.0056881441205916	43.98472606007099	57.136193944401676
7200.000000000001	1.1810580042272767	49.3802395594505	8.966124074643993
7250.0	1.3756295074634266	34.34047757389762	-47.94596139935959
7300.0	1.3645590723009655	40.85063014085328	29.62692186819569
7350.000000000001	1.4327415735584534	29.510662817778545	14.673380472681833
7400.000000000001	0.48996072041639604	36.091389075322446	-135.45478578580423
7450.0	0.6388825407532362	51.469861854329665	168.59009674697327
7500.0	1.2877161994955546	24.41114032458582	36.40224831380447
7550.0	0.8485530005575095	48.891886991299735	-153.55468019509863
7600.000000000001	0.8035648335115154	60.79966112105941	19.474095299430616
7650.000000000001	0.970986816376674	60.08982649890842	159.47591076569645
7700.0	0.7095953936586433	55.05384606030526	37.59922114115028
7750.0	0.5142493996247195	68.45975426803777	175.8106785736476
7800.000000000001	0.6764554109841274	44.87731919280264	-40.97745083669579
7850.000000000001	0.7825057436176955	57.438776258779875	177.3703880370443
7900.0	0.6954261287109355	59.551720448283156	-31.54197511251667
7950.0	1.5199347343797789	30.163604817493244	129.82692590621156
8000.0	1.4552585626778471	22.493530672156837	105.27995416191679
8050.000000000001	1.1343474713526487	29.47025150101954	-9.849420766524844
8099.999999999999	1.5567908790826415	24.723639203791734	-116.36766151022184
8150.0	0.7408871030446251	37.05599204469582	-58.86776454472428
8200.0	1.6947616802955396	27.049107627439838	67.22395572157674
8250.0	1.0801992993148748	39.14567907889492	21.160248903304907
8299.999999999998	0.46486426082312665	29.509886387568816	83.08881575359794
8350.000000000002	1.5688314491936985	7.630169625538904	68.0991223573926
8399.999999999998	0.8974272676137622	34.54454972243076	112.7716496093413
8450.000000000002	1.4087732440004255	34.91537921561765	116.88992269450873
8499.999999999998	0.9673348598525626	37.83099061382851	48.21211085061027
8550.0	1.2376162709887393	30.229222723684035	-124.3562337171182
8600.0	1.5201930932500138	13.846745608900122	-75.97111642442893
8650.0	0.5857573001973909	58.57169900509115	170.74152524930315
8700.0	1.5175509209691174	33.17222168106881	125.1766915289325
8750.0	0.7528507851294521	52.249236788119894	54.06095410984738
8799.999999999998	1.3893673887468299	24.50201782020488	-168.19495362046337
8850.000000000002	1.4426466441463366	31.99859466534437	14.065204314327662
8899.999999999998	1.3228119071438236	28.986058345259945	-135.9259303791093
8950.000000000002	1.596725009706596	27.73948903737422	-98.94974080781193
9000.0	0.6610466093009125	55.56208740512026	172.56507924636117
9050.0	1.156389747261042	41.65035308930335	-33.1059191620917
9100.0	1.004753011351843	28.392836679226427	20.374970605265943
9150.0	0.9822272427350761	44.67775474124504	119.32042500896372
9200.0	1.2373881681642842	36.88591280116608	92.33483578289191
9249.999999999998	0.8619871489983287	49.24862320222578	178.56784515359053
9300.000000000002	1.175578386209554	25.080544044897586	-43.76958121325622
9349.999999999998	1.652475871958832	27.20832386745475	-113.52123561251886
9400.000000000002	0.639167732865593	30.91503334214915	81.74974665690259
9450.0	1.2176015369257178	42.59401291188601	-49.63949162278857
9500.0	1.298868469344378	29.165235929214017	-137.19601176904138
9550.0	0.6433158767800347	5.266706841525339	9.103899405757623
9600.0	1.21687388417935	16.379621091500255	-13.053767900524383
9650.0	1.6336878550697527	9.177060044327915	53.730338757485484
9699.999999999998	0.6056752428839512	20.40277894984358	-156.68796785142553
9750.000000000002	0.8028848433249559	53.131839598931016	158.76434692393352
9799.999999999998	0.981951060030972	36.13787762865195	150.3728905825509
9850.000000000002	0.717326270026518	37.630263937510854	-41.17598536342434
9900.0	1.3916589954340104	31.274227156986427	50.69043007032784
9950.0	1.011268188113777	30.587320762265207	-157.3126327240764
10000.0	1.1581680150171463	36.7500771197927	9.794278438035043
