0.0	0.42812561662227483	56.81732992970955	0.0
5000.0	0.48546077962048007	42.56695059343143	1.5076885843733044e-05
10000.0	0.5505566563522227	33.14493066531685	3.490214257823666e-05
15000.0	0.6133801801091772	26.738122781291054	6.113667032004943e-05
20000.0	0.6702401051279222	22.179437508334896	9.493457862955213e-05
24999.999999999996	0.720166504180331	18.79259459901515	0.0001368767773183453
30000.0	0.7633033576195688	16.182302402704547	0.0001869872816568423
35000.0	0.8002256935388129	14.1087990241916	0.0002450494019800467
40000.0	0.8316444406745401	12.420506067933184	0.0003105538191353024
45000.00000000001	0.8582773161650232	11.017786254195174	0.00038272385518824077
49999.99999999999	0.8807938350766823	9.832821892048285	0.0004609372856867708
55000.0	0.899794584333305	8.818009888663365	0.0005442803523811101
60000.0	0.9158065987457424	7.9390176674834905	0.000632364025952835
64999.99999999999	0.9292862019558473	7.170477370213796	0.0007243720524504657
70000.0	0.9406250753546412	6.493237184071389	0.0008199417791332473
75000.00000000001	0.9501574433335109	5.892549557500103	0.000917842248937432
80000.0	0.9581673274090939	5.356859389011232	0.0010184669795432828
85000.00000000001	0.9648953690551119	4.876960203234845	0.0011213855628545602
90000.00000000001	0.9705450067117988	4.445406571000131	0.0012262990854572378
95000.0	0.975287941814369	4.056091536336622	0.0013316139903582665
100000.00000000001	0.9792689052811938	3.703951064674706	0.0014394563676634912
105000.0	0.9826097730813256	3.38472063359349	0.001546893647749089
110000.0	0.9854130952391956	3.0947890117647456	0.00165603262315206
115000.00000000001	0.9877651067887862	2.8310555461272906	0.0017665470296738632
120000.0	0.9897382872491215	2.5908340862381065	0.0018762659981692996
125000.00000000001	0.9913935302606572	2.3717947708916167	0.001987448862371636
129999.99999999999	0.9927819788377037	2.1718804988073956	0.00209809255422153
135000.0	0.9939465751915598	1.9892875995487604	0.002211082303622158
140000.0	0.9949233678020104	1.8223997524736804	0.0023225327226497703
145000.00000000003	0.9957426126162414	1.6697899293306535	0.0024349859788766644
150000.00000000003	0.9964297000295224	1.5301680356190206	0.0025467884214690766
155000.0	0.9970059346802513	1.4023800229274697	0.002658083645879749
160000.0	0.9974891910730892	1.2853920004971535	0.0027709947712839965
165000.0	0.9978944645544517	1.178256129077201	0.0028832842810200153
170000.00000000003	0.9982343341723232	1.0801246127548718	0.002996132123951844
175000.00000000003	0.9985193514010482	0.9902287386377796	0.00311206794881653
180000.00000000003	0.9987583665138942	0.9078484496046861	0.003223794878094666
185000.0	0.9989588025553507	0.8323557571208211	0.0033359204933641577
190000.0	0.9991268852818415	0.7631656273138515	0.0034476581477232413
195000.00000000003	0.9992678361250648	0.6997591669589073	0.003564547599822377
200000.00000000003	0.9993860340967291	0.6416183644121984	0.0036743082091928387
205000.00000000003	0.9994851516292041	0.5883355537997813	0.0037907501481974403
210000.0	0.9995682685328938	0.5394689879594258	0.003900217528646369
215000.0	0.9996379675887558	0.49469166315091306	0.004019546924418404
220000.0	0.9996964147348653	0.4536247101111983	0.0041336062392909245
225000.00000000003	0.9997454263245118	0.41596486825769724	0.00424406349604099
230000.00000000003	0.9997865255345231	0.38142801079085414	0.004355113995033912
235000.0	0.9998209896787167	0.349777190098619	0.004469409489103255
240000.0	0.9998498898866968	0.3207627271495585	0.004589061587132846
245000.0	0.9998741243809234	0.2941466755992785	0.004704177885259876
250000.00000000003	0.9998944463862696	0.26974055095628535	0.0048184650779167885
255000.00000000003	0.9999114875335184	0.24735528765985826	0.004929991620774936
259999.99999999997	0.9999257774870206	0.2268102540142813	0.0050358468873637815
265000.0	0.9999377604048569	0.20798214741915474	0.005149860808279091
270000.0	0.9999478087413958	0.19076102499286046	0.005277906339097291
275000.0	0.9999562348217675	0.174908912927189	0.005379602111435209
280000.0	0.9999633005489837	0.1603936291033709	0.005497930212948899
284999.99999999994	0.9999692255439392	0.14711328436636018	0.005618742688736451
290000.00000000006	0.9999741939715754	0.13486444922201207	0.005721220403487196
294999.99999999994	0.999978360266078	0.12372778417543977	0.005853045015502698
300000.00000000006	0.9999818539278851	0.11340523030978898	0.00595055584784816
304999.99999999994	0.9999847835497045	0.10405338391621229	0.006083245039134182
310000.0	0.9999872401945553	0.09537145685974813	0.006186804614641933
315000.0	0.9999893002234398	0.08748975472071559	0.006307002626742362
320000.0	0.9999910276661864	0.08023120906067734	0.006432761055283091
325000.0	0.9999924762183893	0.07353314997812226	0.006524742183414758
330000.0	0.999993690905809	0.06751953177936199	0.006682498343162341
334999.99999999994	0.9999947094847447	0.06179513270313388	0.006750580751371356
340000.00000000006	0.9999955636185753	0.05680064479596429	0.006916110275545604
344999.99999999994	0.999996279856333	0.05198575201578125	0.007005469479572902
350000.00000000006	0.9999968804600213	0.047703901890805485	0.007122259986527362
354999.99999999994	0.9999973840974516	0.04381341085222455	0.007282591642232231
360000.00000000006	0.9999978064254664	0.040017724922648844	0.007332184831984784
365000.0	0.9999981605699417	0.03690686698670788	0.007532831128769922
370000.0	0.9999984575383332	0.03366406986191825	0.007598109238365699
375000.0	0.9999987065617164	0.030940988156901522	0.00772623297197751
380000.0	0.9999989153801812	0.028467967606687586	0.00790867041529021
385000.0	0.9999990904857217	0.025857509242423467	0.007924341191366036
389999.99999999994	0.9999992373211544	0.024032072637819892	0.008170007199706092
395000.00000000006	0.9999993604503281	0.02178032057528086	0.008219473011134586
399999.99999999994	0.9999994637025508	0.020037918978096998	0.008338755640093409
405000.00000000006	0.999999550285475	0.018571936862077188	0.008576509951169327
409999.99999999994	0.9999996228895702	0.016614212534038893	0.008532886372467883
415000.0	0.9999996837725509	0.01571338286015605	0.008836865710866488
420000.0	0.9999997348279974	0.014088987465275645	0.008887196327075055
425000.0	0.9999997776418401	0.01290149230201621	0.00896446181088069
430000.0	0.9999998135444268	0.012242574238624774	0.009305361053511927
435000.0	0.9999998436516977	0.010537568490325357	0.009173135104163505
440000.0	0.9999998688989905	0.010339003191259025	0.009542360946679932
444999.99999999994	0.9999998900702873	0.009155161598230578	0.009630986166958457
450000.00000000006	0.9999999078233134	0.00815098255220093	0.009611287272218086
454999.99999999994	0.9999999227113446	0.008262000181783913	0.010121429454141255
460000.00000000006	0.9999999351975154	0.006492444045696238	0.009873157699575372
464999.99999999994	0.9999999456671317	0.006841538988929158	0.010296940053482214
470000.0	0.999999954446505	0.00607741359721892	0.010497145900863843
475000.0	0.9999999618098226	0.0048451920725594	0.010294395937881595
480000.0	0.99999996798512	0.005828550419949773	0.011059703115297668
485000.0	0.9999999731647901	0.003743798218292073	0.01068182078644221
490000.0	0.9999999775074847	0.004493510304491509	0.011113716192390922
494999.99999999994	0.9999999811496375	0.004296801534654811	0.011555461096695167
500000.00000000006	0.9999999842028109	0.002194251755779585	0.011043467603373068
504999.99999999994	0.9999999867610098	0.004384334753434985	0.012165340831724233
510000.00000000006	0.9999999889049869	0.0018122276322326918	0.011681862785288927
514999.99999999994	0.9999999907032433	0.002759360366516124	0.012010865016426708
519999.99999999994	0.9999999922121998	0.00342649850292483	0.012908170790167785
525000.0	0.9999999934778712	nan	0.011915884019538614
530000.0	0.9999999945377409	0.0035140586908109523	0.01349460491173253
535000.0	0.9999999954259602	0.00023796710136129258	0.013009814820788383
540000.0	0.9999999961700361	0.000997829480906817	0.013017213434411243
545000.0	0.9999999967920787	0.0031131349025876258	0.014700806117419297
550000.0	0.9999999973142073	nan	0.013019756867982039
555000.0	0.9999999977502376	0.0029142106138585195	0.015115499194788449
560000.0	0.9999999981134553	0.0002791095609408035	0.014884361244590178
565000.0000000001	0.9999999984163543	nan	0.014185744307561563
570000.0000000001	0.999999998670729	0.0030463874805166493	0.017133792371700412
575000.0000000001	0.9999999988839865	nan	0.014552341056974073
580000.0000000001	0.9999999990649835	0.002383149284707349	0.017109743797118233
585000.0000000001	0.9999999992195444	0.0012090987321251283	0.01764617697827918
590000.0000000001	0.9999999993518612	nan	0.01562014652337469
595000.0000000001	0.9999999994637775	0.0030334401036382686	0.020475085291292754
600000.0000000001	0.999999999556964	nan	0.016861959664876025
605000.0000000001	0.9999999996342603	0.0017777082473778045	0.019577888952557746
610000.0000000001	0.9999999996990879	0.001822437195328349	0.02181169886558342
615000.0	0.9999999997532489	nan	0.01752638543716162
620000.0	0.9999999998005815	0.00298328878263056	0.025071258884828942
625000.0	0.9999999998410505	nan	0.02054491178212227
630000.0	0.9999999998780106	0.0008437797907526216	0.022655204027549784
635000.0	0.9999999999110295	0.0022792967831485006	0.02814201753786017
640000.0	0.9999999999383742	nan	0.02030732613750271
645000.0	0.9999999999602751	0.0028565941882587533	0.031356569544297976
650000.0	0.9999999999775656	nan	0.026591994521635548
655000.0	0.999999999993054	nan	0.026551827199095955
660000.0	1.0000000000058615	0.0026105802872296775	0.037727417901380636
665000.0	1.0000000000178135	nan	0.024728658709109428
670000.0000000001	1.0000000000287652	0.0026331897674709134	0.039860909577618155
675000.0000000001	1.0000000000390359	nan	0.03660324754369543
680000.0000000001	1.000000000050879	nan	0.0316437228867374
685000.0000000001	1.000000000061257	0.0028304092693995533	0.052085498176950004
690000.0000000001	1.0000000000700418	nan	0.03219938660616969
695000.0000000001	1.00000000008051	0.0022941279163942708	0.05122363907930306
700000.0000000001	1.000000000091248	0.000611371087242238	0.053093130227521164
705000.0000000001	1.0000000000972242	nan	0.03866222155567418
710000.0000000001	1.000000000100744	0.002945645534665866	0.07326871306980945
715000.0000000001	1.0000000001062996	nan	0.045230692878056644
720000.0000000001	1.000000000115911	0.0018013915816628443	0.06623408469941058
725000.0	1.0000000001202793	0.0016225610439182592	0.07991155044301392
730000.0	1.0000000001243083	nan	0.04906516482152087
735000.0	1.0000000001319362	0.0029590574000814764	0.10397702556247831
740000.0	1.0000000001385314	nan	0.06816545126396402
745000.0	1.0000000001489544	0.001005220125616702	0.08594808738320968
750000.0	1.0000000001562888	0.0021715549333841434	0.12281035813839895
755000.0	1.0000000001611868	nan	0.06572882303235994
760000.0	1.0000000001693354	0.002870373539715054	0.14767859357923535
765000.0	1.0000000001754499	nan	0.1083113119019406
770000.0	1.0000000001775091	nan	0.11198464043724554
775000.0000000001	1.0000000001777598	0.002545083057744833	0.19019456676761712
780000.0000000001	1.0000000001778053	nan	0.09419023222700101
785000.0000000001	1.000000000180864	0.0026757247006340417	0.20876656558619483
790000.0000000001	1.000000000181549	nan	0.1776732215814718
795000.0000000001	1.0000000001863458	nan	0.14720984919986865
800000.0000000001	1.0000000001894367	0.002792207026475453	0.2941264938241397
805000.0000000001	1.0000000001894367	nan	0.14481766251725522
810000.0000000001	1.0000000001894365	0.0023644429927662937	0.29284511628455095
815000.0000000001	1.0000000001894362	nan	0.29559728026521404
820000.0000000001	1.0000000001894365	nan	0.1972036802735938
825000.0000000001	1.000000000189551	0.0029294825125001363	0.451735965003979
830000.0	1.0000000001903384	nan	0.23654666303185248
835000.0	1.0000000001920848	0.0019077336663738775	0.40738719204808976
840000.0	1.0000000001937122	0.0014857167739572063	0.49288659881541563
845000.0	1.0000000001937128	nan	0.27326515678371555
850000.0	1.0000000001937144	0.002963090536570963	0.6874155646555368
855000.0	1.0000000001937144	nan	0.4033268088437312
860000.0	1.000000000193808	0.0011998111154480453	0.5633404330981256
865000.0	1.0000000001970981	0.002082821363561366	0.8185580277597321
870000.0	1.0000000001995806	nan	0.39843249164671646
875000.0	1.0000000002048837	0.0028943002166097677	1.0367725132209058
880000.0	1.0000000002151817	nan	0.7055625905662652
885000.0000000001	1.0000000002152774	nan	0.7790216091092158
890000.0000000001	1.0000000002152776	0.002484296026194753	1.352019536562865
895000.0000000001	1.0000000002152778	nan	0.6196037263323576
900000.0000000001	1.000000000218523	0.002720421212861935	1.554885123510308
905000.0000000001	1.0000000002321006	nan	1.2517641355430014
910000.0000000001	1.0000000002432892	nan	1.0895364228306752
915000.0000000001	1.000000000245373	0.002753653231977732	2.228059692932226
920000.0000000001	1.000000000245373	nan	1.032946570256614
925000.0000000001	1.0000000002453728	0.0024326800996396997	2.3359732322958986
930000.0000000001	1.0000000002453726	nan	2.2442224523556926
935000.0	1.0000000002453728	nan	1.5703245834784252
940000.0	1.000000000245373	0.0029110537731257707	3.6967610239209137
945000.0	1.000000000245373	nan	1.8420783965781171
950000.0	1.0000000002453728	0.002007552466382272	3.566866250011184
955000.0	1.0000000002444573	0.0013349599381989674	4.091566091439373
960000.0	1.0000000002444576	nan	2.401609971215479
965000.0	1.0000000002436271	0.002964056925136708	6.296030047456311
970000.0	1.0000000002436267	nan	3.512961970427274
975000.0	1.0000000002435108	0.0013663734325758696	5.700580807786855
980000.0	1.000000000243511	0.00198810226981922	7.749207787599823
985000.0	1.0000000002435112	nan	4.079283194927768
990000.0000000001	1.0000000002435112	0.002914714705849556	11.486010255360984
995000.0000000001	1.000000000243511	nan	7.294276687100537
1000000.0000000001	1.0000000002435108	nan	10.214717067233728
