0.0	1.19736423881046	140.08151414862084	0.0
5000.0	0.9321523258416484	130.9772324808858	1.1529776069195836e-05
10000.0	0.7348075129135433	118.69070617034924	2.016616975917051e-05
15000.0	0.6057358443484075	102.9147219889659	2.800770758423017e-05
20000.0	0.5428553333975752	85.00287350049494	3.567764314358646e-05
24999.999999999996	0.5344561000967482	67.94385186811095	4.3324075626108566e-05
30000.0	0.5607274114495026	54.013080050367314	5.097132654660277e-05
35000.0	0.6034693634602327	43.52373629655667	5.8632856056242336e-05
40000.0	0.6511208828182723	35.77582806353777	6.632772646390728e-05
45000.00000000001	0.6977120658961022	29.981724343533426	7.407384262376461e-05
49999.99999999999	0.740571570652763	25.54588365811456	8.188349956548356e-05
55000.0	0.7787376553228527	22.06332158365253	8.976233155853185e-05
60000.0	0.8120863168701432	19.264567146553293	9.771111193741645e-05
64999.99999999999	0.8408833817005826	16.96878531720615	0.00010572676309149479
70000.0	0.865557833877672	15.052242480667108	0.00011380409705168675
75000.00000000001	0.8865877845087812	13.428332752784545	0.00012193684313716786
80000.0	0.9044441550557951	12.035034541547	0.00013011791908965384
85000.00000000001	0.9195643115483942	10.826949787811762	0.00013834090912118773
90000.00000000001	0.9323413669035805	9.770160820504628	0.0001465990516031567
95000.0	0.9431216444334751	8.838840223745088	0.0001548881779459305
100000.00000000001	0.9522062821616667	8.01297042552057	0.00016320187092047414
105000.0	0.9598547980162176	7.276780113322733	0.0001715356037156339
110000.0	0.9662894305920818	6.617652456570088	0.00017988644135480842
115000.00000000001	0.9716996182451275	6.0253500110256075	0.00018825212852864365
120000.0	0.9762462854837055	5.491455938965551	0.00019662821035855532
125000.00000000001	0.9800657778407552	5.0089655913123154	0.00020501274003489404
129999.99999999999	0.9832733829945062	4.571983872054517	0.00021340302110412973
135000.0	0.9859664292077417	4.1754984641301345	0.00022180076722225323
140000.0	0.9882269804282995	3.815207528874235	0.00023019956709333905
145000.00000000003	0.9901241612674337	3.4873881098702175	0.00023860280956808513
150000.00000000003	0.9917161504669485	3.18879363108162	0.0002470088232306363
155000.0	0.993051882346374	2.916573945785354	0.0002554155022702312
160000.0	0.9941724939139729	2.6682120958674655	0.00026382210538024244
165000.0	0.995112552319505	2.4414737843468917	0.0002722305902783203
170000.00000000003	0.9959010937609686	2.234366491353753	0.0002806386208525968
175000.00000000003	0.9965625013084954	2.0451063375261453	0.0002890446071297513
180000.00000000003	0.9971172456110465	1.8720909108439732	0.000297452740345531
185000.0	0.9975825092101915	1.7138762999310373	0.0003058575383170244
190000.0	0.9979727122873309	1.5691584531872174	0.00031426373026154726
195000.00000000003	0.9982999550719269	1.436756910281723	0.00032267281135467255
200000.00000000003	0.9985743899095579	1.3156009568344147	0.0003310742966618505
205000.00000000003	0.9988045340059848	1.204718415158724	0.00033947690678321304
210000.0	0.9989975322087267	1.1032250096696354	0.00034788055003443115
215000.0	0.9991593777295243	1.0103154448772182	0.0003562784409438507
220000.0	0.999295097485281	0.9252561876051622	0.0003646815970621135
225000.00000000003	0.999408907697308	0.8473777483088476	0.00037307675554993746
230000.00000000003	0.9995043444938283	0.7760696119658036	0.0003814810534670382
235000.0	0.999584373515736	0.7107736078541795	0.0003898727489308216
240000.0	0.9996514818838748	0.6509804237220316	0.00039827037301355125
245000.0	0.9997077553627929	0.5962243605021534	0.0004066786544727068
250000.00000000003	0.9997549430949135	0.5460788771522402	0.00041506305911415733
255000.00000000003	0.9997945119033214	0.5001550735296315	0.00042345618230068264
259999.99999999997	0.9998276918451141	0.45809646289751116	0.00043185060461296745
265000.0	0.9998555144154422	0.41957712183349044	0.00044025167994722565
270000.0	0.9998788445916578	0.384298660696362	0.00044865668648240225
275000.0	0.9998984077068657	0.35198729134854406	0.0004570300357407238
280000.0	0.9999148119968682	0.32239444246349885	0.00046544627983978915
285000.00000000006	0.9999285674945422	0.2952896236019475	0.00047381646784054273
290000.00000000006	0.9999401018862606	0.27046480083779484	0.00048221888126501867
295000.00000000006	0.9999497738089494	0.2477275836683675	0.0004906279877568425
300000.00000000006	0.9999578839914041	0.2269016232514243	0.0004990021270596946
305000.00000000006	0.9999646846047097	0.20782674857537392	0.0005073770206990547
310000.0	0.9999703871060572	0.19035603444904875	0.000515775343267459
315000.0	0.9999751688103419	0.1743543752338051	0.0005241865250873342
320000.0	0.9999791783972308	0.1596979486059003	0.000532594003580323
325000.0	0.999982540544145	0.1462735022298056	0.0005409901168226346
330000.0	0.9999853597932626	0.13397744559818267	0.0005493753767227706
335000.00000000006	0.9999877238061321	0.12271495758339021	0.0005577536909610856
340000.00000000006	0.9999897060920927	0.11239919608286623	0.0005661290998876113
345000.00000000006	0.9999913682915297	0.10295060713857931	0.0005745045425571834
350000.00000000006	0.9999927620874202	0.09429631009361972	0.0005828817623166432
355000.00000000006	0.9999939308208089	0.08636954059811104	0.0005912616122860561
360000.00000000006	0.9999949108361321	0.07910914087303578	0.000599644397008103
365000.0	0.9999957326070211	0.07245909183282853	0.0006080301314809533
370000.0	0.9999964216838956	0.06636808293955922	0.000616418707087994
375000.0	0.9999969994930165	0.06078911762442755	0.0006248099868116951
380000.0	0.9999974839991871	0.05567915093197705	0.0006332038540022307
385000.0	0.9999978902686275	0.05099875753354149	0.0006416002335111225
390000.00000000006	0.9999982309355743	0.04671182738797638	0.0006499990988089341
395000.00000000006	0.9999985165922322	0.04278528696911529	0.000658400470513749
400000.00000000006	0.9999987561238577	0.03918884388146613	0.0006668044126873722
405000.00000000006	0.9999989569778498	0.03589475292059675	0.000675211026771394
410000.00000000006	0.9999991254008923	0.03287760195750062	0.0006836204464069683
415000.0	0.9999992666297298	0.03011411564273376	0.0006920328318623107
420000.0	0.9999993850553085	0.027582975735014774	0.0007004483646791232
425000.0	0.9999994843571575	0.02526465647139614	0.0007088672426203749
430000.0	0.9999995676234765	0.023141274012063305	0.0007172896755170433
435000.0	0.9999996374466547	0.02119644812724042	0.0007257158807345701
440000.0	0.999999695996415	0.01941517584678143	0.0007341460770490401
445000.00000000006	0.9999997450925794	0.01778371567397663	0.000742580480547518
450000.00000000006	0.9999997862622958	0.016289481323485996	0.0007510192986416598
455000.00000000006	0.9999998207833428	0.014920944778382255	0.0007594627242996176
460000.00000000006	0.999999849728366	0.013667546776155188	0.0007679109298980701
465000.00000000006	0.9999998740015867	0.01251961584497848	0.000776364060433831
470000.0	0.9999998943589139	0.011468292967513965	0.0007848222250010388
475000.0	0.9999999114308424	0.010505463740564795	0.0007932854884127444
480000.0	0.9999999257469974	0.009623694817448111	0.0008017538623416854
485000.0	0.9999999377521789	0.008816177100922057	0.00081022729593807
490000.0	0.9999999478188891	0.008076673068926987	0.0008187056641912024
495000.00000000006	0.9999999562612047	0.007399467895705935	0.0008271887580369771
500000.00000000006	0.9999999633401447	0.006779325706803709	0.0008356762723548495
505000.00000000006	0.9999999692750138	0.006211448903289732	0.0008441677895224098
510000.00000000006	0.99999997424819	0.005691440711487939	0.0008526627699441846
515000.00000000006	0.9999999784176975	0.005215271690106792	0.0008611605364364601
519999.99999999994	0.9999999819161067	0.004779247801010937	0.0008696601996826521
525000.0	0.9999999848469907	0.004379981461769297	0.00087816068704233
530000.0	0.9999999873077245	0.004014366787026873	0.0008866608946314999
535000.0	0.9999999893701349	0.003679553937915569	0.0008951594352458301
540000.0	0.9999999910986873	0.0033729278535124334	0.0009036547086660426
545000.0	0.9999999925480493	0.003092087628953023	0.0009121448880191668
550000.0	0.9999999937606212	0.002834828596539058	0.0009206279071589584
555000.0	0.9999999947759184	0.002599124252584293	0.0009291014470971075
560000.0	0.9999999956270602	0.00238311089794661	0.0009375629272365209
565000.0000000001	0.9999999963417378	0.002185073986709175	0.0009460094989534367
570000.0000000001	0.9999999969373212	0.0020034351199635647	0.0009544380378384088
575000.0000000001	0.9999999974365104	0.0018367381891149827	0.0009628451436080157
580000.0000000001	0.9999999978553594	0.001683640981046448	0.0009712271451251815
585000.0000000001	0.9999999982065251	0.0015429022127869793	0.0009795801057869617
590000.0000000001	0.9999999984991592	0.0014133757914204092	0.0009878998398063514
595000.0000000001	0.9999999987472865	0.0012939964181532093	0.0009961819305038542
600000.0000000001	0.9999999989494651	0.0011837777118998427	0.0010044217680801714
605000.0000000001	0.9999999991156955	0.0010817989300739063	0.0010126145741635728
610000.0000000001	0.9999999992530632	0.0009872001222768572	0.0010207554647591178
615000.0	0.9999999993647675	0.0008991716085527863	0.0010288395061460833
620000.0	0.9999999994614219	0.0008169467320181217	0.0010368617827188576
625000.0	0.9999999995456152	0.0007397893220762017	0.0010448174956440648
630000.0	0.9999999996101377	0.0006669803002559821	0.0010527020790732677
635000.0	0.9999999996667449	0.0005977976506027503	0.0010605113037207151
640000.0	0.9999999997106698	0.0005314842096862522	0.001068241406469662
645000.0	0.9999999997442816	0.0004672014464772389	0.0010758892976527263
650000.0	0.9999999997740838	0.0004039269801202158	0.001083452766874561
655000.0	0.9999999997996039	0.0003402499542491625	0.0010909306587422595
660000.0	0.9999999998266235	0.00027385646458319613	0.0010983230302259945
665000.0	0.9999999998507102	0.00019976478936334515	0.0011056316111029973
670000.0000000001	0.9999999998632433	9.858035951040268e-05	0.0011128598304491481
675000.0000000001	0.9999999998678912	nan	0.0011200134707980618
680000.0000000001	0.9999999998678912	nan	0.0011271008738038824
685000.0000000001	0.9999999998678912	nan	0.0011341333817490025
690000.0000000001	0.9999999998678912	nan	0.0011411257275665816
695000.0000000001	0.9999999998678912	nan	0.0011480965383104808
700000.0000000001	0.9999999998678912	nan	0.0011550688316653336
705000.0000000001	0.9999999998678912	nan	0.0011620705640237425
710000.0000000001	0.9999999998678912	nan	0.0011691352402847745
715000.0000000001	0.9999999998678913	nan	0.001176302485004295
720000.0000000001	0.9999999998678913	nan	0.0011836187392811385
725000.0	0.9999999998678913	nan	0.0011911379194835194
730000.0	0.9999999998678913	nan	0.0011989221046204152
735000.0	0.9999999998678913	nan	0.001207042263917495
740000.0	0.9999999998678913	nan	0.0012155790137981235
745000.0	0.9999999998678913	nan	0.0012246233122599124
750000.0	0.9999999998678913	nan	0.0012342772295722705
755000.0	0.9999999998678913	nan	0.001244654687724848
760000.0	0.9999999998678913	nan	0.0012558820808627755
765000.0	0.9999999998678913	nan	0.0012680989764211907
770000.0	0.9999999998678913	nan	0.0012814586935608503
775000.0000000001	0.9999999998678913	nan	0.001296128804395108
780000.0000000001	0.9999999998678913	nan	0.0013122915290270365
785000.0000000001	0.9999999998678913	nan	0.0013301440718339085
790000.0000000001	0.9999999998678913	nan	0.0013498986546467409
795000.0000000001	0.9999999998678913	nan	0.0013717825945867737
800000.0000000001	0.9999999998678913	nan	0.0013960379836590962
805000.0000000001	0.9999999998678913	nan	0.0014229211015320126
810000.0000000001	0.9999999998678913	nan	0.001452701765946812
815000.0000000001	0.9999999998678913	nan	0.0014856620402858424
820000.0000000001	0.9999999998678913	5.21780744641963e-05	0.001522094908517276
825000.0000000001	0.9999999998678913	0.00011716935202844759	0.0015623022942486233
830000.0	0.9999999998678913	0.00015706882842917127	0.001606592705183787
835000.0	0.9999999998678913	0.0001883630548833803	0.0016552782785445534
840000.0	0.9999999998678913	0.00021469309292083329	0.0017086711930735733
845000.0	0.9999999998678913	0.00023757469434664656	0.0017670800948453044
850000.0	0.9999999998678913	0.000257804300433041	0.001830804746045376
855000.0	0.9999999998678913	0.0002758574228066258	0.001900130943124041
860000.0	0.9999999998735719	0.0002920330229755778	0.001975324398100394
865000.0	0.9999999998777452	0.00030654040992257907	0.002056622499001035
870000.0	0.9999999998787095	0.00031952357517123605	0.0021442272711977924
875000.0	0.9999999999045931	0.0003310869913338732	0.0022382972746760074
880000.0	0.9999999999200909	0.0003413098305654905	0.0023389360737968005
885000.0000000001	0.9999999999204702	0.00035024912706975664	0.0024461813385793477
890000.0000000001	0.9999999999204702	0.00035794911949405976	0.002559995185929775
895000.0000000001	0.9999999999204702	0.00036444435919034875	0.002680249601717939
900000.0000000001	0.9999999999204702	0.0003697589082535244	0.002806712049373636
905000.0000000001	0.9999999999291422	0.0003739119204652961	0.002939031894015548
910000.0000000001	0.9999999999564643	0.000376917616740463	0.0030767226183498874
915000.0000000001	0.9999999999667698	0.00037878502769155237	0.0032191476821115434
920000.0000000001	0.9999999999877495	0.00037952039236930995	0.0033655003482399946
925000.0000000001	0.9999999999996924	0.0003791235687290252	0.0035147880886217645
930000.0000000001	0.999999999999991	0.0003775958133712765	0.003665812088203822
935000.0	0.999999999999991	0.0003749310781846707	0.003817148091472504
940000.0	0.999999999999991	0.00037112058495382335	0.0039671293244052976
945000.0	0.999999999999991	0.00036615145666221124	0.004113824238988005
950000.0	0.999999999999991	0.00036000811247657014	0.004255022457632013
955000.0	0.999999999999991	0.0003526653606552334	0.004388215055892813
960000.0	0.999999999999991	0.0003440898458168875	0.004510578636863493
965000.0	0.999999999999991	0.00033424447710294817	0.004618963116200081
970000.0	0.999999999999991	0.00032306957225439843	0.0047098797256147325
975000.0	0.999999999999991	0.0003104943634721258	0.004779494732219584
980000.0	0.999999999999991	0.0002964230295375197	0.004823624564027615
985000.0	1.0000000000003506	0.00028071760697501386	0.004837736923979276
990000.0000000001	1.000000000008523	0.000263186718649977	0.004816960444386534
995000.0000000001	1.000000000030931	0.0002435605378700197	0.004756101202278858
1000000.0000000001	1.0000000000404354	0.0002214073930665351	0.0046496628716919215
