0.0	0.018875590338027326	154.65453579077155	0.0
5000.0	0.14703291952615472	2.885578929231034	7.038029379881685e-06
10000.0	0.2844987800746352	1.366102458610989	1.4558910955168283e-05
15000.0	0.39990160136581443	0.8907228848230427	2.7803182567136032e-05
20000.0	0.4967273381737147	0.6573450060104303	4.868055448632584e-05
24999.999999999996	0.5779490087572628	0.5179486549799774	1.6412047986140345e-05
30000.0	0.6460727979339961	0.4248105985299121	-8.229397015915346e-06
35000.0	0.7032062757567574	0.35786900920878795	0.00017338627208985104
40000.0	0.7511199275322756	0.3072185046527181	0.0005484938212539288
45000.00000000001	0.7913001546280208	0.2674045365366186	0.0006695044363313028
49999.99999999999	0.8249943630834794	0.23519263620561928	0.0010023078943146109
55000.0	0.8532491130056529	0.20851813695237045	-0.0006973646195972336
60000.0	0.8769422984009926	0.1860451429221463	-0.0009515038573008315
64999.99999999999	0.8968102393442365	0.16683290509643312	0.0014004385926611133
70000.0	0.9134704616197983	0.1501986526180432	0.0011980872854891187
75000.00000000001	0.9274408335877039	0.13566092215819361	0.0019063269348830103
80000.0	0.9391556330987842	0.12285237836301358	0.002928667706899996
85000.00000000001	0.9489790314076225	0.11148634214170623	-0.0005896515758020906
90000.00000000001	0.9572164061043839	0.1013482095981401	-0.003102434159776291
95000.0	0.9641238307667029	0.09228152566809653	0.004654008832105585
100000.00000000001	0.9699160341496826	0.08411110477979258	0.0018037735105789735
105000.0	0.9747730751564261	0.07675349746773653	0.0055548626975914115
110000.0	0.9788459404772075	0.07009057052191926	0.006141587007467405
115000.00000000001	0.9822612386068477	0.06404153101297247	-0.004471379441162005
120000.0	0.9851251360205725	0.05856265363990212	0.007086514474031888
125000.00000000001	0.9875266578138273	0.053557917525755304	-0.0043586949141996385
129999.99999999999	0.989540455404436	0.04902228308479418	0.003819208158348496
135000.0	0.9912291273385803	0.0448640795454436	-0.008849975842628522
140000.0	0.992645165355607	0.04109106370523764	0.009275032064473535
145000.00000000003	0.9938325862261248	0.037631920148785525	0.0042482065864010415
150000.00000000003	0.9948283001041551	0.03446580162102735	0.00920592234270198
155000.0	0.9956632579363203	0.03157842594593402	0.014550778245256205
160000.0	0.9963634136078192	0.02893435453922289	0.004091202882771982
165000.0	0.996950530738379	0.026510872130455998	-0.0016680146600440225
170000.00000000003	0.9974428592119544	0.024283385384509405	-0.010509346661340534
175000.00000000003	0.9978557024802379	0.022254423960915242	0.001535978137516892
180000.00000000003	0.9982018932662688	0.02040162906332268	0.023047442387409765
185000.0	0.9984921924665028	0.018684547426753812	-0.018078780054137863
190000.0	0.998735623646356	0.01712938920050008	0.023197121645288185
195000.00000000003	0.9989397535340352	0.01570024654447948	0.025626303460244353
200000.00000000003	0.9991109272231784	0.01437916360215725	-0.015817538902346554
205000.00000000003	0.9992544654059144	0.013169904691161614	0.013619436910584534
210000.0	0.9993748297612833	0.01205839361256883	-0.026630861081150935
215000.0	0.9994757616397465	0.011049915059821483	0.030069153902183805
220000.0	0.999560398360134	0.010110409305324183	-0.020858447711722215
225000.00000000003	0.9996313707303334	0.009267088142412398	0.045332240079604534
230000.00000000003	0.9996908848204987	0.00848037144062147	0.03179736676300519
235000.0	0.9997407905372162	0.007755008950590864	0.058138989351489874
240000.0	0.9997826391246616	0.007079905340891968	-0.05954360212059912
245000.0	0.9998177313823206	0.0064776962822598394	0.06423389050470531
250000.00000000003	0.9998471580998943	0.005918528944066115	0.04349003186044588
255000.00000000003	0.9998718339620101	0.005397815131735543	0.002499673881005385
259999.99999999997	0.999892525980123	0.004920325154278193	0.014368845249167069
265000.0	0.9999098773344004	0.004480735951349786	0.07643653664480486
270000.0	0.9999244273654063	0.004067967669619309	0.09434464950458812
275000.0	0.9999366283383418	0.0036804479656803533	-0.06382313562944225
280000.0	0.9999468595012024	0.003337542275027083	-0.06353751440099972
284999.99999999994	0.9999554388734078	0.0030147336214594875	0.13828746135410525
290000.00000000006	0.999962633131205	0.0026975950807948067	-0.1355077545834711
294999.99999999994	0.9999686658981869	0.002426620564176531	0.11410157144581365
300000.00000000006	0.9999737246932142	0.0021415451331024214	-0.08861722717132342
304999.99999999994	0.9999779667602138	0.0019002859140658734	0.08759830896400463
310000.0	0.9999815239585156	0.0016382129879172684	-0.1002628533661364
315000.0	0.999984506858777	0.0014155386824404124	0.14230005151042807
320000.0	0.999987008177427	0.0011563042646822936	-0.19422140562780374
325000.0	0.999989105665107	0.0009298269221477849	0.2587210493525742
330000.0	0.9999908645189729	0.0006255411374783141	-0.29931397317375635
334999.99999999994	0.9999923394100914	0.0002225648870757453	0.3057876916336284
340000.00000000006	0.999993576185727	nan	-0.2295863532155064
344999.99999999994	0.9999946132887926	nan	0.08529430928960112
350000.00000000006	0.999995482954949	nan	0.1334167319396231
354999.99999999994	0.9999962122154692	nan	-0.3532707647183887
360000.00000000006	0.9999968237404042	nan	0.504862922996497
365000.0	0.999997336536472	nan	-0.49227417937489426
370000.0	0.9999977665426009	nan	0.3011026743434318
375000.0	0.999998127125198	nan	0.0705540921188592
380000.0	0.9999984294919549	nan	-0.4807811445355862
385000.0	0.9999986830427473	nan	0.7668785755163223
389999.99999999994	0.9999988956586324	nan	-0.7646289188077638
395000.00000000006	0.9999990739481825	nan	0.4415248447069447
399999.99999999994	0.9999992234553134	nan	0.17253397252371633
405000.00000000006	0.9999993488254304	nan	-0.8235674484163094
409999.99999999994	0.9999994539546415	nan	1.2035640698079275
415000.0	0.9999995421116541	nan	-1.079629570520498
420000.0	0.9999996160378297	nan	0.4624583347932225
425000.0	0.9999996780299917	nan	0.5288221544222227
430000.0	0.9999997300145923	nan	-1.4760470271708168
435000.0	0.9999997736075223	nan	1.8559821656557158
440000.0	0.9999998101632268	nan	-1.3754332324761962
444999.99999999994	0.9999998408171835	nan	0.22370849263611578
450000.00000000006	0.9999998665219465	nan	1.2807335183128377
454999.99999999994	0.9999998880779752	nan	-2.5332773014421095
460000.00000000006	0.9999999061556095	nan	2.7311024467176157
464999.99999999994	0.9999999213139412	nan	-1.5038142315764373
470000.0	0.999999934025039	nan	-0.5362627133749002
475000.0	0.9999999446853368	nan	2.6274101331923565
480000.0	0.9999999536253955	nan	-4.056342562074932
485000.0	0.9999999611233809	nan	3.7773736956618253
490000.0	0.9999999674101048	nan	-1.2085788699959685
494999.99999999994	0.9999999726825581	nan	-2.2568326475058202
500000.00000000006	0.9999999771027208	nan	4.837168104234407
504999.99999999994	0.9999999808071084	nan	-5.9861363831227425
510000.00000000006	0.9999999839124415	nan	4.810239637533046
514999.99999999994	0.9999999865168586	nan	-0.10500864731561037
519999.99999999994	0.9999999887017118	nan	-5.6032684631898295
525000.0	0.999999990534137	nan	8.27674934733365
530000.0	0.9999999920689602	nan	-8.016012826382363
535000.0	0.9999999933556786	nan	5.320481993596086
540000.0	0.9999999944337387	nan	2.326620448356447
545000.0	0.9999999953361497	nan	-11.34539179918949
550000.0	0.9999999960933904	nan	13.495073575377795
555000.0	0.9999999967263887	nan	-9.50000425176917
560000.0	0.9999999972548097	nan	3.903968292868019
565000.0000000001	0.9999999976960453	nan	6.725645487374944
570000.0000000001	0.9999999980667107	nan	-19.650622373654734
575000.0000000001	0.9999999983780179	nan	21.472594940980454
580000.0000000001	0.9999999986407766	nan	-9.533057239841176
585000.0000000001	0.9999999988638651	nan	-3.8592211583607736
590000.0000000001	0.9999999990534225	nan	13.848782923755394
595000.0000000001	0.9999999992132619	nan	-28.8024502838159
600000.0000000001	0.9999999993469739	nan	34.446123150531456
605000.0000000001	0.9999999994589017	nan	-7.213553475107672
610000.0000000001	0.9999999995522539	nan	-32.104155737112436
615000.0	0.9999999996304307	nan	24.564720261000414
620000.0	0.9999999996973424	nan	-35.469724736914145
625000.0	0.9999999997550122	nan	58.743554675753614
630000.0	0.9999999998058399	nan	-1.912920701883235
635000.0	0.9999999998497369	nan	-75.8323204789077
640000.0	0.999999999887228	nan	39.71814363782297
645000.0	0.9999999999174073	nan	-37.41546106097928
650000.0	0.99999999994183	nan	106.7434459621409
655000.0	0.9999999999633188	nan	6.610189568678068
660000.0	0.9999999999808744	nan	-91.23259478065364
665000.0	0.9999999999965844	nan	59.529031797818625
670000.0000000001	1.000000000010942	nan	-34.540829582429986
675000.0000000001	1.000000000023591	nan	155.6884696280888
680000.0000000001	1.0000000000375384	nan	18.206172818436333
685000.0000000001	1.000000000050099	nan	-90.95573803234517
690000.0000000001	1.0000000000614833	nan	82.53546970996122
695000.0000000001	1.000000000073213	nan	-27.719888018087637
700000.0000000001	1.0000000000841711	nan	-176.85272669896898
705000.0000000001	1.0000000000916787	nan	32.35399556138115
710000.0000000001	1.0000000000967517	nan	-84.65381190855774
715000.0000000001	1.0000000001034937	nan	105.77905485323625
720000.0000000001	1.000000000111998	nan	-17.90900532845034
725000.0	1.000000000118566	nan	-158.55116830515723
730000.0	1.0000000001245157	nan	48.24096534606122
735000.0	1.0000000001320226	nan	-75.2980902397125
740000.0	1.0000000001392473	nan	127.0576074506939
745000.0	1.0000000001473082	nan	-5.923379077917286
750000.0	1.0000000001543938	nan	-143.25622656715618
755000.0	1.0000000001605145	nan	64.97439465564747
760000.0	1.0000000001681437	nan	-64.04750239411382
765000.0	1.0000000001753304	nan	146.0083518448244
770000.0	1.0000000001809322	nan	7.5633385150612416
775000.0000000001	1.0000000001843306	nan	-128.92832398868381
780000.0000000001	1.0000000001876752	nan	81.84148702075183
785000.0000000001	1.0000000001914788	nan	-51.49963879204546
790000.0000000001	1.0000000001948062	nan	163.20337511939113
795000.0000000001	1.0000000001989782	nan	22.00546492725394
800000.0000000001	1.0000000002027898	nan	-114.81864486626874
805000.0000000001	1.000000000203971	nan	98.43997817399473
810000.0000000001	1.0000000002017826	nan	-38.038380426867576
815000.0000000001	1.0000000001987432	nan	179.29712959156203
820000.0000000001	1.0000000001983875	nan	36.98742126859703
825000.0000000001	1.0000000002019165	nan	-100.6396493335623
830000.0	1.0000000002052083	nan	114.63691056755786
835000.0	1.0000000002083904	nan	-23.943213145684936
840000.0	1.0000000002120415	nan	-165.2337008852294
845000.0	1.0000000002144869	nan	52.22240830958746
850000.0	1.000000000216107	nan	-86.29358780428491
855000.0	1.000000000212894	nan	130.45503837076262
860000.0	1.0000000002130753	nan	-9.42516137997969
865000.0	1.000000000216352	nan	-150.0895179240496
870000.0	1.000000000219504	nan	67.53556243067459
875000.0	1.0000000002236227	nan	-71.76672653184802
880000.0	1.0000000002286382	nan	145.97672274211826
885000.0000000001	1.0000000002317513	nan	5.359228545934423
890000.0000000001	1.0000000002300868	nan	-135.09565486531912
895000.0000000001	1.000000000232478	nan	82.83562124469424
900000.0000000001	1.0000000002361733	nan	-57.08118007455551
905000.0000000001	1.00000000024228	nan	161.2908096314722
910000.0000000001	1.0000000002486868	nan	20.29944896913048
915000.0000000001	1.0000000002539047	nan	-120.15641764348172
920000.0000000001	1.0000000002553735	nan	98.08530722554276
925000.0000000001	1.0000000002542642	nan	-42.271196837795166
930000.0000000001	1.000000000251498	nan	176.4709568899728
935000.0	1.0000000002462965	nan	35.322225291174966
940000.0	1.0000000002430964	nan	-105.22360238631047
945000.0	1.000000000240873	nan	113.27733838082024
950000.0	1.0000000002398393	nan	-27.37142557237982
955000.0	1.0000000002353453	nan	-168.42935242877903
960000.0	1.000000000230682	nan	50.38211809859536
965000.0	1.0000000002269909	nan	-90.27640498713332
970000.0	1.0000000002243192	nan	128.41845766065614
975000.0	1.000000000222611	nan	-12.411224191092428
980000.0	1.000000000222433	nan	-153.37414198659297
985000.0	1.000000000221663	nan	65.4535968720299
990000.0000000001	1.0000000002222988	nan	-75.30844713707896
995000.0000000001	1.000000000224504	nan	143.52031909474417
1000000.0000000001	1.0000000002281257	nan	2.5871169942303593
