0.0	1.6604346887420354	151.2716263059524	0.0
5000.0	1.2914872839218505	145.5103071019744	1.054018075559238e-05
10000.0	0.9939506069400096	137.61572564611978	1.857528164470691e-05
15000.0	0.7646541981108905	126.60950824778351	2.591407315908369e-05
20000.0	0.6045113900787452	111.54924464447583	3.3132194593193725e-05
24999.999999999996	0.515639559871945	92.82455758746528	4.038075881850714e-05
30000.0	0.4919808568477102	73.49953093121582	4.7667259544510486e-05
35000.0	0.5139666797386582	57.20617529815965	5.496330511186816e-05
40000.0	0.5589254335671362	45.07161859308298	6.225175657642432e-05
45000.00000000001	0.611360516014487	36.3571584156876	6.95311721768355e-05
49999.99999999999	0.6632826340247692	30.02904352213996	7.680612893486979e-05
55000.0	0.711198605910181	25.30592821738696	8.408146788553047e-05
60000.0	0.7538701169842829	21.67386105580489	9.136064277005045e-05
64999.99999999999	0.7911201536618642	18.80310062411388	9.86456185913982e-05
70000.0	0.8232474840740964	16.479478938279286	0.00010593720282487026
75000.00000000001	0.8507430450639535	14.560474720118837	0.00011323543417724156
80000.0	0.8741526135405822	12.948639937767355	0.00012053989977206788
85000.00000000001	0.8940112660744006	11.575554542372283	0.0001278499405354966
90000.00000000001	0.9108137545199247	10.391973955349242	0.0001351647240339104
95000.0	0.9250030850417095	9.361637860437684	0.00014248353684035673
100000.00000000001	0.9369683068055411	8.45728343186848	0.00014980550450794972
105000.0	0.947046833839791	7.658016494233278	0.00015712993625877897
110000.0	0.9555288296896625	6.9475391514299085	0.00016445632470545518
115000.00000000001	0.9626623441437527	6.312930235514985	0.00017178407655247412
120000.0	0.968658515009857	5.743790432135068	0.00017911274867971394
125000.00000000001	0.97369648886153	5.231632796129644	0.00018644200540290188
129999.99999999999	0.9779279024892421	4.76944148937946	0.00019377162995676514
135000.0	0.9814808699241685	4.351347745937861	0.0002011011016642995
140000.0	0.9844634754187435	3.9723888777015985	0.000208430492089915
145000.00000000003	0.9869668014027385	3.6283267290381263	0.00021575938753420806
150000.00000000003	0.9890675334959866	3.3155094897968613	0.00022308811953848
155000.0	0.990830189259816	3.030765177124088	0.00023041610398746908
160000.0	0.9923090171263136	2.771318867440943	0.00023774355829871886
165000.0	0.993549609167024	2.534727517189474	0.0002450703742702798
170000.00000000003	0.9945902674530332	2.3188282576256465	0.00025239682511089665
175000.00000000003	0.9954631594157002	2.121696857219694	0.0002597225182650581
180000.00000000003	0.9961952932904641	1.9416141286551192	0.0002670473342396004
185000.0	0.9968093406560345	1.7770384330783302	0.00027437166325822236
190000.0	0.9973243293362714	1.626582924590119	0.0002816954753486068
195000.00000000003	0.9977562266385039	1.4889966032754698	0.0002890186254866737
200000.00000000003	0.9981184299608543	1.3631483854579474	0.0002963407349584488
205000.00000000003	0.9984221792529409	1.2480136451450299	0.000303663259180914
210000.0	0.9986769036288569	1.1426624337671336	0.00031098436435573025
215000.0	0.99889051254192	1.0462497505893253	0.0003183051843144787
220000.0	0.999069640304307	0.9580066916016099	0.00032562553677057196
225000.00000000003	0.9992198513817203	0.8772329492428841	0.0003329458786561752
230000.00000000003	0.9993458127221718	0.8032900646142304	0.000340265550653316
235000.0	0.9994514383861036	0.7355956287488994	0.0003475848107970276
240000.0	0.9995400109055863	0.6736179922722408	0.00035490408342675895
245000.0	0.999614283112749	0.6168715520567716	0.00036222303993043657
250000.00000000003	0.9996765635746195	0.5649125790447336	0.0003695405553158078
255000.00000000003	0.9997287882525726	0.5173356101903844	0.00037685913113236094
259999.99999999997	0.9997725806180255	0.4737697142797855	0.00038417580901784095
265000.0	0.9998093020787675	0.4338758433723915	0.00039149313165344214
270000.0	0.9998400942698673	0.39734373279937996	0.0003988106839133239
275000.0	0.9998659145216628	0.36388955752132274	0.00040612919207653076
280000.0	0.9998875656112093	0.3332534032864423	0.0004134448055719884
285000.00000000006	0.9999057207049281	0.3051977063386367	0.0004207620420803221
290000.00000000006	0.9999209442856146	0.2795047560200053	0.00042807758073013245
295000.00000000006	0.999933709694945	0.2559755327066554	0.00043539621622170027
300000.00000000006	0.999944413847695	0.2344273797692248	0.00044271013943804875
305000.00000000006	0.9999533895727925	0.21469360928577857	0.00045002551927376494
310000.0	0.9999609159583996	0.19662141036329298	0.0004573437566318543
315000.0	0.999967227034315	0.18007067693806483	0.0004646611437651438
320000.0	0.9999725190354568	0.16491321019439484	0.00047197625800899615
325000.0	0.9999769565174388	0.1510317121950497	0.0004792901104510986
330000.0	0.9999806774645511	0.1383187833486288	0.00048660399911313245
335000.00000000006	0.9999837975757268	0.12667605182975875	0.0004939185781025503
340000.00000000006	0.9999864138681664	0.11601341390354152	0.0005012339308808523
345000.00000000006	0.9999886076958546	0.10624834708203422	0.0005085498771972898
350000.00000000006	0.9999904472763048	0.09730527805749051	0.0005158661874599569
355000.00000000006	0.9999919898123376	0.08911499988184667	0.0005231826750907113
360000.00000000006	0.9999932832681824	0.0816141359227187	0.0005304992169143227
365000.0	0.9999943678627456	0.07474464806131266	0.0005378157437689685
370000.0	0.9999952773208517	0.06845338634855579	0.000545132224318322
375000.0	0.9999960399236677	0.06269167663247922	0.0005524486507716928
380000.0	0.9999966793843816	0.0574149431764436	0.0005597650291485961
385000.0	0.9999972155868939	0.0525823632545289	0.000567081372433682
390000.00000000006	0.9999976652052865	0.04815655095732822	0.0005743976969630471
395000.00000000006	0.9999980422208853	0.044103267705199296	0.0005817140200431491
400000.00000000006	0.9999983583582547	0.04039115711609891	0.0005890303589580641
405000.00000000006	0.9999986234484606	0.036991502479983805	0.0005963467306338084
410000.00000000006	0.9999988457327894	0.033878004299768144	0.0006036631516583691
415000.0	0.9999990321244172	0.031026576920906018	0.0006109796378957779
420000.0	0.9999991884204482	0.028415162160903427	0.0006182962046631265
425000.0	0.9999993194788932	0.02602355854196768	0.0006256128674848774
430000.0	0.9999994293747226	0.023833265090128973	0.0006329296415398466
435000.0	0.9999995215251334	0.021827338063368878	0.000640246542058241
440000.0	0.999999598796437	0.019990260156398668	0.0006475635843473093
445000.00000000006	0.9999996635917867	0.01830782000573828	0.0006548807843689392
450000.00000000006	0.9999997179253227	0.01676700261687643	0.000662198158580003
455000.00000000006	0.9999997634842533	0.015355888590107579	0.0006695157242987899
460000.00000000006	0.9999998016903805	0.01406356180856164	0.0006768334985789362
465000.00000000006	0.9999998337262818	0.012880025009938182	0.0006841515007141338
470000.0	0.9999998605891077	0.011796122410923638	0.0006914697500363488
475000.0	0.9999998831149985	0.0108034691922773	0.0006987882669825501
480000.0	0.9999999020033936	0.009894386261242324	0.0007061070731940394
485000.0	0.9999999178431763	0.009061840836017939	0.000713426191310186
490000.0	0.9999999311244402	0.00829939235031463	0.0007207456455395981
495000.00000000006	0.9999999422641977	0.007601142366875109	0.0007280654604803976
500000.00000000006	0.9999999516074822	0.0069616890581869146	0.0007353856628446164
505000.00000000006	0.9999999594436625	0.006376085284766457	0.0007427062810365885
510000.00000000006	0.9999999660113784	0.005839800509014101	0.0007500273459645816
515000.00000000006	0.999999971513424	0.00534868577319897	0.0007573488897980415
519999.99999999994	0.9999999761227054	0.004898941280237658	0.0007646709452934841
525000.0	0.9999999799871353	0.0044870869801571164	0.0007719935460863132
530000.0	0.9999999832289427	0.004109936421373004	0.0007793167283917389
535000.0	0.9999999859456369	0.0037645709093425974	0.0007866405314783419
540000.0	0.9999999882273637	0.0034483176673919765	0.0007939649939022846
545000.0	0.9999999901432797	0.0031587297719527225	0.0008012901582007624
550000.0	0.9999999917482474	0.0028935652250570297	0.0008086160693940544
555000.0	0.9999999930973429	0.002650771387859092	0.0008159427714957883
560000.0	0.9999999942290224	0.0024284690530744866	0.0008232703128984966
565000.0000000001	0.9999999951718742	0.00222493625179027	0.0008305987446569706
570000.0000000001	0.9999999959575914	0.002038596761296206	0.0008379281178013863
575000.0000000001	0.9999999966182308	0.0018680071810924942	0.0008452584829389575
580000.0000000001	0.9999999971764565	0.001711845116467408	0.0008525898919723616
585000.0000000001	0.9999999976486967	0.0015688998511997575	0.0008599224024293005
590000.0000000001	0.999999998052888	0.0014380632915474683	0.0008672560683458041
595000.0000000001	0.9999999984015818	0.0013183196806806656	0.0008745909439304634
600000.0000000001	0.9999999987063606	0.0012087384635837825	0.0008819270893026993
605000.0000000001	0.9999999989595018	0.0011084688284153292	0.000889264565410322
610000.0000000001	0.9999999991711177	0.0010167297095180494	0.0008966034322483772
615000.0	0.9999999993450652	0.0009328073926372734	0.0009039437383011584
620000.0	0.9999999994949964	0.0008560463549871951	0.0009112855524613627
625000.0	0.9999999996177855	0.0007858470469016336	0.0009186289053819012
630000.0	0.9999999997172135	0.0007216594660072091	0.0009259738743468811
635000.0	0.9999999998023339	0.0006629792877794105	0.0009333204647747129
640000.0	0.999999999865129	0.0006093438199163014	0.000940668755063239
645000.0	0.9999999999126308	0.0005603311952301664	0.000948018777320449
650000.0	0.9999999999601323	0.0005155513417729235	0.0009553705424547053
655000.0	1.000000000007634	0.0004746436316609039	0.0009627240607830734
660000.0	1.0000000000497895	0.00043728215852698065	0.000970079301572622
665000.0	1.0000000000642457	0.0004031647167380693	0.0009774363055493475
670000.0000000001	1.0000000000688503	0.0003720131911182631	0.000984795050338953
675000.0000000001	1.0000000000694718	0.0003435683173843052	0.0009921554755137544
680000.0000000001	1.0000000000867022	0.00031759920619193533	0.0009995174518986514
685000.0000000001	1.0000000001023515	0.0002938792571716914	0.0010068809380750611
690000.0000000001	1.0000000001128606	0.0002722078899238545	0.0010142458182030153
695000.0000000001	1.0000000001128606	0.0002524009631188735	0.001021611956667619
700000.0000000001	1.0000000001128606	0.00023427959556999233	0.0010289791188830713
705000.0000000001	1.0000000001128606	0.00021768381881242914	0.00103634705794437
710000.0000000001	1.0000000001128606	0.0002024631991353123	0.0010437154701213975
715000.0000000001	1.0000000001128606	0.00018847524599390595	0.001051084009421657
720000.0000000001	1.0000000001128606	0.00017558286275863371	0.0010584522488820054
725000.0	1.0000000001128606	0.00016366865293961818	0.001065819682037926
730000.0	1.0000000001128606	0.00015261308409182973	0.0010731857301183748
735000.0	1.0000000001128606	0.00014230642176390294	0.0010805497064285137
740000.0	1.0000000001128606	0.0001326457643477707	0.0010879108258824216
745000.0	1.0000000001128606	0.00012353488064355074	0.0010952681794771674
750000.0	1.0000000001128606	0.0001148603235111068	0.0011026207079287505
755000.0	1.0000000001128606	0.000106554234746409	0.0011099672119071992
760000.0	1.0000000001128606	9.84952887406421e-05	0.0011173063254362708
765000.0	1.0000000001128606	9.059258553591795e-05	0.0011246364661239901
770000.0	1.0000000001128606	8.275000392920934e-05	0.0011319558792431386
775000.0000000001	1.0000000001128606	7.482584460745475e-05	0.0011392625308622273
780000.0000000001	1.0000000001128606	6.665451920846146e-05	0.0011465541483393308
785000.0000000001	1.0000000001128606	5.801892923398456e-05	0.001153828131617563
790000.0000000001	1.0000000001128606	4.8530104239720735e-05	0.0011610815869033894
795000.0000000001	1.0000000001128606	3.74202278505071e-05	0.001168311243230062
800000.0000000001	1.0000000001128606	2.2165253030559974e-05	0.0011755134010331084
805000.0000000001	1.0000000001128606	nan	0.0011826839274128734
810000.0000000001	1.0000000001128606	nan	0.001189818179046835
815000.0000000001	1.0000000001128606	nan	0.0011969110490799245
820000.0000000001	1.0000000001128606	nan	0.0012039566816692234
825000.0000000001	1.0000000001223246	nan	0.0012109486486237958
830000.0	1.0000000001223246	nan	0.0012178797295275053
835000.0	1.0000000001223246	nan	0.001224741904887749
840000.0	1.0000000001223246	nan	0.0012315262340898251
845000.0	1.0000000001223246	nan	0.0012382227585845723
850000.0	1.0000000001223246	nan	0.0012448205239701704
855000.0	1.0000000001223246	nan	0.0012513072559918886
860000.0	1.0000000001223246	nan	0.0012576693615008003
865000.0	1.0000000001460052	nan	0.0012638919260235773
870000.0	1.0000000001460052	nan	0.001269958247522264
875000.0	1.0000000001460052	nan	0.0012758499338072471
880000.0	1.0000000001460052	nan	0.0012815466313453368
885000.0000000001	1.0000000001460052	nan	0.0012870260643759457
890000.0000000001	1.0000000001460052	nan	0.0012922632807991269
895000.0000000001	1.0000000001460052	nan	0.0012972312301143718
900000.0000000001	1.0000000001460052	nan	0.0013018997131346744
905000.0000000001	1.0000000001460052	nan	0.001306235730973373
910000.0000000001	1.0000000001460052	nan	0.0013102028733541428
915000.0000000001	1.0000000001460052	nan	0.0013137610851179742
920000.0000000001	1.0000000001460052	nan	0.0013168665294373478
925000.0000000001	1.0000000001460052	nan	0.0013194708062622754
930000.0000000001	1.0000000001460052	nan	0.0013215212027279082
935000.0	1.0000000001460052	nan	0.001322959595379306
940000.0	1.0000000001460052	nan	0.0013237223885602977
945000.0	1.0000000001460052	nan	0.0013237398486802992
950000.0	1.0000000001310128	nan	0.0013229357146505392
955000.0	1.0000000001029683	nan	0.0013212267003517271
960000.0	1.0000000001029683	nan	0.0013185215147357382
965000.0	1.0000000001029683	nan	0.0013147203468256282
970000.0	1.0000000001029683	nan	0.0013097146839683167
975000.0	1.0000000001029683	nan	0.0013033863883894449
980000.0	1.0000000001029683	nan	0.0012956057127220867
985000.0	1.0000000001029683	nan	0.0012862316396168594
990000.0000000001	1.0000000000850862	nan	0.0012751115090530619
995000.0000000001	1.0000000000628446	nan	0.0012620774159288269
1000000.0000000001	1.0000000000612226	nan	0.0012469479685783553
