0.0	0.9674591994624069	30.607168963947178	0.0
5000.0	0.9708370722664686	27.697633779984546	1.1044037484419367e-05
10000.0	0.9742361883349825	25.107490955748563	2.2130408725550102e-05
15000.0	0.9774813955691174	22.79412347250089	3.3249329674709074e-05
20000.0	0.9804779673372886	20.72144791580999	4.439443450912623e-05
25000.000000000004	0.9831828121359648	18.858993344647196	5.555832092323284e-05
30000.0	0.9855850719552329	17.181005233339096	6.673432384204837e-05
35000.0	0.9876932124719171	15.665645961490164	7.791791870426898e-05
40000.0	0.9895265503842021	14.294313164321368	8.910353838419242e-05
44999.99999999999	0.9911097860073445	13.051073396414402	0.00010028830910922931
49999.99999999999	0.9924695544956872	11.922198454071363	0.00011146959053419794
55000.0	0.9936323210640433	10.895788812344257	0.00012264532951996874
60000.0	0.9946231616198645	9.961468907419967	0.00013381301297470786
64999.99999999999	0.9954651187205051	9.11014073717461	0.00014497297009692545
70000.0	0.99617892434896	8.333784212637733	0.00015612251426705501
74999.99999999999	0.9967829502252336	7.625294986089175	0.00016726116437478975
80000.0	0.9972932934347423	6.978352048771764	0.00017839189927061798
84999.99999999999	0.997723936981888	6.387308962983908	0.00018951025808463742
90000.00000000001	0.9980869463937141	5.847104209759492	0.00020062080528210365
95000.0	0.9983926778914595	5.353186433367225	0.00021172023013555461
99999.99999999999	0.9986499832561456	4.901451979354922	0.00022280700640987463
105000.0	0.9988664028382731	4.48819221261984	0.00023388598591102708
110000.0	0.999048342275258	4.110048606644851	0.00024495884580762607
114999.99999999999	0.9992012311060278	3.763974359868494	0.0002560209414307697
120000.0	0.9993296630941954	3.4472014420767714	0.0002670756103055365
124999.99999999999	0.9994375190309884	3.1572117697308824	0.00027812241959292166
129999.99999999999	0.9995280733185022	2.891712163043666	0.00028915636700273077
135000.0	0.9996040858805256	2.6486125007216472	0.0003001912836202352
140000.0	0.9996678810108315	2.4260058965555777	0.00031121391888992874
145000.00000000003	0.9997214147429506	2.2221518941889613	0.0003222368716437792
150000.00000000003	0.9997663322268568	2.035460639659191	0.0003332451043981824
155000.0	0.9998040164578008	1.864479598229063	0.0003442539639066814
160000.0	0.9998356295720838	1.707880778136487	0.00035525669823399566
165000.0	0.9998621477835968	1.564449909878834	0.00036625875289296125
170000.00000000003	0.9998843908893735	1.4330762620953965	0.00037726045879152173
175000.00000000003	0.9999030471685293	1.31274338078389	0.00038824027215584786
180000.00000000003	0.9999186943643409	1.2025216839171498	0.0003992404289307477
185000.0	0.9999318173544582	1.101559568728068	0.00041021226453382954
190000.0	0.9999428230205959	1.0090782906291635	0.00042119841964102735
195000.00000000003	0.9999520527542928	0.9243644029383263	0.0004321863076744252
200000.00000000003	0.9999597929686994	0.8467646211838376	0.0004431518092990126
205000.00000000003	0.999966283933593	0.7756811314967627	0.0004541159909160528
210000.0	0.9999717271959525	0.7105664228982203	0.00046509235814011176
215000.0	0.9999762918074824	0.6509189232604468	0.0004760735128819494
220000.0	0.9999801195602662	0.596279255460969	0.00048704865567911416
225000.00000000003	0.9999833293776753	0.5462267466649539	0.0004980136214313803
230000.00000000003	0.9999860209975624	0.5003761502541414	0.0005089701498400823
235000.0	0.9999882780648407	0.45837462626849207	0.0005199221918046602
240000.0	0.999990170727106	0.4198989894429853	0.0005308733827212247
245000.0	0.9999917578104647	0.3846532039349063	0.0005418261332505742
250000.00000000003	0.9999930886468331	0.35236609753899756	0.0005527816460306768
255000.00000000003	0.9999942046054208	0.3227892716626229	0.0005637402488060483
259999.99999999997	0.999995140378381	0.29569518796718064	0.0005747017364991749
265000.0	0.999995925056898	0.27087541587604014	0.0005856656226816689
270000.0	0.999996583036473	0.24813902722281883	0.0005966312941074019
275000.0	0.9999971347764468	0.22731112571404907	0.0006075980942049932
280000.0	0.9999975974292622	0.20823149996166193	0.0006185653615822865
285000.00000000006	0.9999979853777549	0.19075338977436374	0.0006295324435283823
290000.00000000006	0.9999983106819099	0.17474235618201364	0.0006404986980832532
295000.00000000006	0.999998583459088	0.16007524649785085	0.0006514634926553965
300000.00000000006	0.9999988121912825	0.14663924644156773	0.0006624262039655009
305000.00000000006	0.9999990039906965	0.13433101194665337	0.0006733862214284634
310000.0	0.9999991648202592	0.12305587401505674	0.0006843429552386638
315000.0	0.999999299679548	0.11272711040206185	0.0006952958496320239
320000.0	0.9999994127632901	0.10326527854798537	0.0007062444010211053
325000.0	0.9999995075877386	0.09459760459808833	0.0007171881812033671
330000.0	0.9999995871011254	0.08665742373240835	0.0007281268643342446
335000.00000000006	0.999999653775207	0.07938366763152935	0.0007390602571294096
340000.00000000006	0.999999709682611	0.0727203949209758	0.0007499883310524477
345000.00000000006	0.9999997565625728	0.06661636115476342	0.0007609112550353417
350000.00000000006	0.9999997958730583	0.06102462483601794	0.000771829427318372
355000.00000000006	0.9999998288358878	0.055902186584651174	0.0007827435043431466
360000.00000000006	0.9999998564759364	0.05120965850206455	0.0007936544245853774
365000.0	0.999999879652519	0.04691096141937385	0.000804563425376434
370000.0	0.9999998990852137	0.042973047302683566	0.0008154720502872693
375000.0	0.9999999153800546	0.03936564506918492	0.0008263821447882548
380000.0	0.9999999290448074	0.0360610274853721	0.0008372958380226036
385000.0	0.9999999405039492	0.03303379769933225	0.0008482155089543211
390000.00000000006	0.99999995011309	0.030260693301609427	0.0008591437346658344
395000.00000000006	0.999999958169868	0.027720407045116847	0.0008700832208461794
400000.00000000006	0.9999999649254109	0.025393421982456695	0.0008810367119120687
405000.00000000006	0.9999999705904116	0.02326186055246469	0.0008920068834264611
410000.00000000006	0.9999999753383824	0.021309346240200876	0.0009029962160929533
415000.0	0.9999999793199804	0.019520876279545043	0.0009140068535105305
420000.0	0.9999999826605843	0.017882705173205008	0.0009250404486314937
425000.0	0.9999999854617904	0.016382237790915476	0.0009360980015597752
430000.0	0.9999999878120203	0.015007931174262306	0.0009471796940812877
435000.0	0.9999999897850561	0.013749204736073542	0.0009582847294263678
440000.0	0.9999999914414607	0.01259635766199792	0.0009694111837378894
445000.00000000006	0.9999999928322696	0.011540493546021217	0.000980555879081843
450000.00000000006	0.9999999939987757	0.010573451459312582	0.0009917142859836527
455000.00000000006	0.9999999949794017	0.009687742902147776	0.0010028804675364636
460000.00000000006	0.9999999958009658	0.008876494423233254	0.001014047075825354
465000.00000000006	0.9999999964901528	0.008133395411367452	0.0010252054072352988
470000.0	0.9999999970692453	0.007452650951350209	0.0010363455311103813
475000.0	0.9999999975551842	0.006828939135047667	0.001047456496272943
480000.0	0.999999997963293	0.0062573722337106235	0.0010585266198352484
485000.0	0.9999999983063883	0.005733463320340615	0.0010695438687251188
490000.0	0.9999999985945422	0.005253094340741778	0.0010804963270391909
495000.00000000006	0.9999999988354161	0.0048124891716893065	0.0010913727501498474
500000.00000000006	0.9999999990392419	0.004408190264200834	0.001102163195957076
505000.00000000006	0.9999999992092943	0.004037035892958244	0.0011128597225282197
510000.00000000006	0.9999999993525509	0.0036961422131090715	0.0011234571321549554
515000.00000000006	0.9999999994742766	0.003382886063509255	0.0011339537374875234
519999.99999999994	0.9999999995728295	0.0030948895465027254	0.0011443521243833987
525000.0	0.9999999996521168	0.002830008387789386	0.0011546598746661222
530000.0	0.9999999997167464	0.0025863175545039834	0.0011648902102918053
535000.0	0.9999999997718492	0.0023621011562815772	0.0011750625180039238
540000.0	0.9999999998166871	0.0021558427003087826	0.0011852027041713425
545000.0	0.9999999998567259	0.001966212532310985	0.0011953433336951101
550000.0	0.9999999998886145	0.0017920588843141295	0.0012055235067948678
555000.0	0.9999999999177168	0.0016323973502171876	0.0012157884331955022
560000.0	0.9999999999440523	0.0014863985859312936	0.0012261886562341564
565000.0000000001	0.999999999972467	0.0013533731583994396	0.0012367788873252892
570000.0000000001	0.9999999999946783	0.0012327554275749554	0.0012476164636365543
575000.0000000001	1.0000000000119693	0.0011240804707395534	0.0012587593713359918
580000.0000000001	1.0000000000295886	0.0010269562634765612	0.0012702638744124526
585000.0000000001	1.0000000000406821	0.0009410212414524083	0.0012821817999776617
590000.0000000001	1.000000000049798	0.0008659032762817116	0.0012945574446636087
595000.0000000001	1.0000000000588838	0.0008011581891081093	0.0013074242538728682
600000.0000000001	1.0000000000689193	0.000746216238478133	0.001320801349058471
605000.0000000001	1.0000000000786209	0.0007003322608348361	0.0013346900114058662
610000.0000000001	1.0000000000862055	0.0006625591550443328	0.0013490702800919257
615000.0	1.0000000000868443	0.0006317550003010529	0.0013638978515249757
620000.0	1.000000000086854	0.0006066210459240896	0.0013791014331763908
625000.0	1.000000000086854	0.0005857777011838991	0.0013945807960581674
630000.0	1.000000000086854	0.0005678300832270419	0.001410205716187876
635000.0	1.00000000008683	0.0005514426098361746	0.0014258160479485953
640000.0	1.000000000085335	0.000535393686361757	0.0014412231518032748
645000.0	1.0000000000834979	0.0005185921206535016	0.0014562127398183022
650000.0	1.0000000000834979	0.0005000862070197068	0.0014705495428255224
655000.0	1.0000000000834979	0.00047904538586202413	0.0014839838533589683
660000.0	1.0000000000834979	0.00045473125742339303	0.001496259737203466
665000.0	1.0000000000834979	0.0004264375017213462	0.0015071252879652309
670000.0000000001	1.0000000000834979	0.00039342200889761224	0.0015163446311489944
675000.0000000001	1.0000000000834979	0.0003547498849348093	0.0015237115696492267
680000.0000000001	1.0000000000834979	0.0003090000151462507	0.001529064553714059
685000.0000000001	1.0000000000834979	0.00025345576050409544	0.0015323025843996334
690000.0000000001	1.0000000000834979	0.00018105034643417725	0.0015334015455643055
695000.0000000001	1.0000000000838012	4.265451769541303e-05	0.0015324303352791985
700000.0000000001	1.0000000000854006	nan	0.001529566064482264
705000.0000000001	1.000000000089941	nan	0.0015251074346097338
710000.0000000001	1.000000000089941	nan	0.0015194852713694275
715000.0000000001	1.000000000089941	nan	0.0015132697543524488
720000.0000000001	1.0000000000899412	nan	0.001507172462445157
725000.0	1.0000000000899412	nan	0.0015020429908367526
730000.0	1.0000000000899412	nan	0.0014988588283379885
735000.0	1.0000000000910827	nan	0.001498707779377335
740000.0	1.0000000000945295	nan	0.0015027622129649277
745000.0	1.0000000000945295	nan	0.001512244802847363
750000.0	1.0000000000945295	nan	0.00152838558340776
755000.0	1.0000000000945295	nan	0.0015523704368469392
760000.0	1.0000000000945295	nan	0.0015852817814830964
765000.0	1.0000000000945295	nan	0.001628032572452255
770000.0	1.0000000000945295	nan	0.0016812950977005653
775000.0000000001	1.0000000000945295	nan	0.0017454267870687411
780000.0000000001	1.0000000000945295	9.166046429243471e-05	0.0018203957291791852
785000.0000000001	1.0000000000945295	0.0001870154095637817	0.0019057090666149189
790000.0000000001	1.0000000000945295	0.00024590756068786085	0.002000348040100423
795000.0000000001	1.0000000000945295	0.0002899212159777862	0.002102713698952095
800000.0000000001	1.0000000000945295	0.000323966319777402	0.0022105877952347604
805000.0000000001	1.0000000000945295	0.0003499795112408948	0.002321113517427251
810000.0000000001	1.0000000000945295	0.0003688855482114865	0.0024308007503390733
815000.0000000001	1.0000000000945295	0.00038115997493749375	0.00253556011761521
820000.0000000001	1.0000000000945295	0.0003870401816712017	0.002630770278969308
825000.0000000001	1.0000000000945295	0.00038662750954087267	0.002711381278747882
830000.0	1.0000000000945295	0.000379910086173564	0.002772057442388446
835000.0	1.0000000000945295	0.0003667670875891458	0.0028073596507269603
840000.0	1.0000000000945295	0.00034692217792771173	0.002811968094187691
845000.0	1.0000000000945295	0.00031984621636257655	0.0027809425498563226
850000.0	1.0000000000945295	0.0002845001316528219	0.0027100165108671875
855000.0	1.0000000000945295	0.00023866600529596813	0.0025959183476200027
860000.0	1.0000000000738536	0.00017646904401175898	0.0024367107176238353
865000.0	1.0000000000511946	6.570729843325874e-05	0.0022321383913895773
870000.0	1.0000000000475455	nan	0.001983969448941485
875000.0	1.0000000000430855	nan	0.0016963125592066028
880000.0	1.0000000000430855	nan	0.001375894978037694
885000.0000000001	1.0000000000430855	nan	0.0010322788142826044
890000.0000000001	1.0000000000430855	nan	0.0006779969053723113
895000.0000000001	1.000000000040438	nan	0.0003285849104359769
900000.0000000001	1.000000000039748	nan	2.4892697583799877e-06
905000.0000000001	1.000000000039748	nan	-0.00027916730004415194
910000.0000000001	1.0000000000276774	nan	-0.000492982912458628
915000.0000000001	1.0000000000273728	nan	-0.00061384747629107
920000.0000000001	1.0000000000273728	nan	-0.0006156956823039771
925000.0000000001	1.0000000000273728	nan	-0.00047244632444518834
930000.0000000001	1.0000000000273728	nan	-0.00015911926068719792
935000.0	1.0000000000273728	nan	0.00034688182868518883
940000.0	1.0000000000273728	nan	0.0010643485457260758
945000.0	1.0000000000273728	nan	0.00200673967264057
950000.0	1.0000000000273728	nan	0.0031805998408664785
955000.0	1.0000000000273728	0.00010561286984121526	0.004583976804868843
960000.0	1.0000000000273728	0.0001944018407736399	0.006204912509440891
965000.0	1.0000000000273728	0.0002514098834922669	0.008020084704009488
970000.0	1.0000000000273728	0.0002942337363650703	0.00999369284242167
975000.0	1.0000000000273728	0.0003273150366721862	0.012076676188932408
980000.0	1.0000000000273728	0.00035245654038391753	0.014206375968467454
985000.0	1.0000000000273728	0.0003705279262413666	0.01630672744035154
990000.0000000001	1.0000000000273728	0.0003819785583296625	0.01828908763831795
995000.0000000001	1.0000000000273728	0.00038703735664630576	0.020053771835432277
1000000.0000000001	1.0000000000273728	0.000385789504512384	0.021492382141098974
