0.0	0.7981637442355745	130.55103538820185	0.0
5000.0	0.6197815697795444	116.36435499040242	1.312867457746946e-05
10000.0	0.5134189848921764	97.87402789814688	2.272152344171551e-05
15000.0	0.4768354669192781	77.66951629305964	3.149622121949807e-05
20000.0	0.4927633552275869	59.99535084223521	4.0197962693618035e-05
24999.999999999996	0.5367481086642707	46.74572692261175	4.9103123078764195e-05
30000.0	0.5906447714069649	37.32670109185099	5.840694861592491e-05
35000.0	0.6448776720974136	30.584619197013673	6.826710271955251e-05
40000.0	0.6952388389555832	25.619959406497347	7.87911884442992e-05
45000.00000000001	0.7402058471496169	21.845193265528245	9.003114410558697e-05
49999.99999999999	0.7795047214045036	18.888992863372057	0.00010199353289280254
55000.0	0.8134157974295299	16.51387195224189	0.0001146543298075188
60000.0	0.8424434715435889	14.563973227440547	0.00012795997909206486
64999.99999999999	0.8671586994217483	12.934008906808284	0.0001418580085901649
70000.0	0.8881246485895501	11.550819727427296	0.0001562701497098885
75000.00000000001	0.9058632800393025	10.362222873860185	0.00017114736943609377
80000.0	0.9208424033291658	9.330095965535758	0.00018641238148778716
85000.00000000001	0.9334729851943913	8.425975433933976	0.00020202681257774666
90000.00000000001	0.9441114682293461	7.628182093818743	0.00021793200540757353
95000.0	0.9530643602734375	6.919900355928652	0.0002340647587717183
100000.00000000001	0.9605936541410213	6.2878668138026566	0.00025043003520862145
105000.0	0.9669223283305213	5.721455669672096	0.0002669459655026105
110000.0	0.9722395535076209	5.212032298968014	0.0002836073932125499
115000.00000000001	0.9767054340356098	4.752486384925952	0.000300412649718784
120000.0	0.9804552253296756	4.3368905307040455	0.0003172932395416672
125000.00000000001	0.9836030274908641	3.960248756142479	0.00033425477578367745
129999.99999999999	0.9862449861502545	3.6183065616798675	0.0003512937926977179
135000.0	0.9884620454393551	3.3074071384438684	0.00036840037405192535
140000.0	0.9903223027363184	3.02438106456124	0.0003855354872322416
145000.00000000003	0.9918830144968883	2.7664613189515905	0.0004027232090654375
150000.00000000003	0.993192299505316	2.531215271961254	0.00041989181224765947
155000.0	0.9942905816710643	2.316493236336228	0.0004371352121241723
160000.0	0.99521180987142	2.1203841551485003	0.0004544165507390588
165000.0	0.9959844877288818	1.9411821686769526	0.0004716815029564121
170000.00000000003	0.9966325418918451	1.7773587443091061	0.0004888917906666373
175000.00000000003	0.9971760534260451	1.6275412384709524	0.0005062383182132206
180000.00000000003	0.9976318734162655	1.4904895021288007	0.0005235321634277208
185000.0	0.9980141407712608	1.3650841717662883	0.0005408177479132257
190000.0	0.9983347175430849	1.2503113395812555	0.0005581375860077007
195000.00000000003	0.9986035547331523	1.145250096460972	0.00057537926119001
200000.00000000003	0.9988289995862772	1.0490652506173093	0.0005927172373759734
205000.00000000003	0.9990180536447687	0.9609946613043345	0.0006099436801406325
210000.0	0.9991765894066824	0.8803468093337743	0.0006273283106723979
215000.0	0.999309532188242	0.8064885870749574	0.0006446714322028228
220000.0	0.9994210127521876	0.7388426412737549	0.0006619002544274803
225000.00000000003	0.9995144953840396	0.6768844877854471	0.0006792797928371951
230000.00000000003	0.9995928853564068	0.6201306897046981	0.0006964976612613043
235000.0	0.9996586190819602	0.5681438596692752	0.0007138363323973167
240000.0	0.9997137397452839	0.520520678370796	0.0007311165549161333
245000.0	0.9997599607444048	0.47689393690957027	0.0007484506356387834
250000.00000000003	0.9997987189016032	0.4369261211365377	0.0007656055001019277
255000.00000000003	0.9998312190987364	0.4003114026144079	0.0007828989273762362
259999.99999999997	0.9998584717107801	0.36676814023463766	0.0008003451457820754
265000.0	0.9998813239951796	0.3360364663375068	0.0008176634649911483
270000.0	0.9999004864216227	0.30787841295485463	0.0008346557300456788
275000.0	0.9999165547603952	0.2820857112063151	0.0008523732092390758
280000.0	0.9999300285914209	0.258448852851159	0.0008692359034380875
285000.00000000006	0.9999413268342737	0.23679822214554008	0.0008868595345458105
290000.00000000006	0.9999508007717685	0.2169599784916418	0.0009042523079983211
295000.00000000006	0.999958744965044	0.19878056052476367	0.0009210748250362799
300000.00000000006	0.9999654064175941	0.1821285933475477	0.0009385246874903159
305000.00000000006	0.9999709922502721	0.16687385024048668	0.000956313525423593
310000.0	0.9999756761420332	0.15289434289955786	0.000973666056318964
315000.0	0.9999796037268227	0.14008319983994877	0.0009905592796598613
320000.0	0.9999828971239213	0.1283454316840079	0.0010074582582616635
325000.0	0.9999856587349693	0.11759322063192224	0.0010247153379014868
330000.0	0.9999879744270006	0.10774411784009423	0.001042356670360414
335000.00000000006	0.9999899162035657	0.09872125907666335	0.0010601832817538957
340000.00000000006	0.999991544440586	0.0904539357912948	0.0010779453033873247
345000.00000000006	0.9999929097646542	0.08287776545108345	0.0010954617420173268
350000.00000000006	0.9999940546292035	0.07593441018931005	0.001112665591386235
355000.00000000006	0.9999950146311494	0.06957103041409458	0.0011295970918608707
360000.00000000006	0.9999958196213072	0.06373965023804412	0.0011463718366684285
365000.0	0.9999964946299146	0.05839654100277341	0.001163141876718195
370000.0	0.9999970606434659	0.053501669398425745	0.001180059430230013
375000.0	0.9999975352616948	0.04901822491483974	0.0011972474364555837
380000.0	0.9999979332421827	0.044912227068827484	0.0012147785761227106
385000.0	0.9999982669597641	0.041152209292144144	0.001232663344366814
390000.00000000006	0.9999985467920185	0.037708976270642965	0.00125084737844572
395000.00000000006	0.9999987814399773	0.03455543067702153	0.0012692179349521777
400000.00000000006	0.9999989781991803	0.03166646350382034	0.0012876189290259956
405000.00000000006	0.9999991431849783	0.029018898492384593	0.0013058732236162272
410000.00000000006	0.9999992815288898	0.02659147656431533	0.0013238099639621157
415000.0	0.9999993975329559	0.024364861134057128	0.0013412938365381035
420000.0	0.9999994948029168	0.022321642061184765	0.0013582523829627393
425000.0	0.9999995763662405	0.020446314581249698	0.001374697120929779
430000.0	0.9999996447583093	0.018725210262624692	0.0013907343934052405
435000.0	0.9999997021064694	0.017146363303195085	0.0014065626777185667
440000.0	0.9999997501933947	0.015699301661890604	0.001422454588907106
445000.00000000006	0.9999997905140643	0.014374764917507074	0.0014387238801377323
450000.00000000006	0.9999998243256277	0.013164361877418049	0.001455680169551827
455000.00000000006	0.9999998526788417	0.012060197244117717	0.0014735766071409216
460000.00000000006	0.9999998764526501	0.011054507253960313	0.0014925577808569805
465000.00000000006	0.9999998963870342	0.010139356382352548	0.0015126164905737787
470000.0	0.9999999131018857	0.009306448214471989	0.0015335681628848535
475000.0	0.9999999271157219	0.008547094933109135	0.0015550504067984097
480000.0	0.9999999388666774	0.007852368069927491	0.0015765524320846195
485000.0	0.9999999487223074	0.007213421476334897	0.0015974749769891476
490000.0	0.9999999569875995	0.006621945403908889	0.0016172163665012695
495000.00000000006	0.9999999639185537	0.006070680772857568	0.0016352751440017923
500000.00000000006	0.9999999697308659	0.005553914906256551	0.0016513550783341254
505000.00000000006	0.9999999746044236	0.005067882999332104	0.001665455281559033
510000.00000000006	0.9999999786910709	0.004611014261794429	0.0016779273912774203
515000.00000000006	0.9999999821172106	0.004183975399607311	0.0016894839281831647
519999.99999999994	0.9999999849937341	0.003789461417636587	0.0017011471857742075
525000.0	0.999999987405585	0.003431677935217823	0.0017141360255142936
530000.0	0.9999999894266854	0.0031154307983730393	0.0017296979968108972
535000.0	0.999999991119833	0.0028447886511697874	0.0017489048553112386
540000.0	0.9999999925361981	0.0026214226885082495	0.0017724391833564463
545000.0	0.9999999937239551	0.002443040878737435	0.0018004066990456836
550000.0	0.9999999947126701	0.0023026056810621287	0.0018322109395366556
555000.0	0.9999999955394463	0.0021888839878422893	0.0018665236190801584
560000.0	0.9999999962340378	0.0020882212582121907	0.001901373926362174
565000.0000000001	0.9999999968200293	0.0019867815394349125	0.0019343644001847576
570000.0000000001	0.9999999973142539	0.001872401521719318	0.0019630008950661843
575000.0000000001	0.999999997727447	0.0017356401392354082	0.0019851023627062993
580000.0000000001	0.9999999980678814	0.001570054451369745	0.001999235995200305
585000.0000000001	0.9999999983519614	0.001371816066253646	0.0020051086965938575
590000.0000000001	0.9999999985897613	0.0011385999097652526	0.002003840022331905
595000.0000000001	0.9999999987930291	0.0008666151582370887	0.0019980474859466538
600000.0000000001	0.9999999989648967	0.00053782589721698	0.0019916940152574576
605000.0000000001	0.9999999991131205	nan	0.0019896781911795153
610000.0000000001	0.9999999992429703	nan	0.001997187713086552
615000.0	0.9999999993498672	nan	0.002018880926069983
620000.0	0.9999999994382419	nan	0.0020580025389419472
625000.0	0.9999999995146376	0.0001026873568900521	0.0021155716906660084
630000.0	0.9999999995749262	0.0005324036893683378	0.0021897937869189855
635000.0	0.9999999996238579	0.000756058865591613	0.0022758390488962638
640000.0	0.9999999996630398	0.0009072878641119019	0.0023660965359970617
645000.0	0.9999999996982485	0.0009965506253369468	0.0024509503398319026
650000.0	0.9999999997211431	0.0010245948965526147	0.002520046387047427
655000.0	0.9999999997439768	0.000989638934527866	0.00256392996075201
660000.0	0.999999999764132	0.0008875526301030735	0.0025758425893672456
665000.0	0.999999999781311	0.0007067157449173127	0.002553407590316919
670000.0000000001	0.9999999997950857	0.00039239700566504613	0.0024998934068523383
675000.0000000001	0.9999999998067218	nan	0.002424760352152434
680000.0000000001	0.9999999998199128	nan	0.0023432613293706784
685000.0000000001	0.9999999998353682	nan	0.002274983709814474
690000.0000000001	0.9999999998478674	nan	0.0022413782996031943
695000.0000000001	0.9999999998556766	nan	0.0022625018988679086
700000.0000000001	0.9999999998577581	nan	0.0023533780746980313
705000.0000000001	0.9999999998617576	nan	0.0025205192496257417
710000.0000000001	0.9999999998642428	nan	0.0027592350378367048
715000.0000000001	0.9999999998642428	0.0004958822882030517	0.0030523336526839797
720000.0000000001	0.9999999998642428	0.0007429994281929087	0.003370706299386979
725000.0	0.9999999998642428	0.0008825343829327358	0.003676055289800056
730000.0	0.9999999998642427	0.0009446468155208262	0.003925711987454161
735000.0	0.9999999998642427	0.0009356163336111784	0.004079125866310374
740000.0	0.9999999998642427	0.0008544973395955524	0.004105239871149808
745000.0	0.9999999998642425	0.0006913758617121727	0.003989667549230255
750000.0	0.9999999998642425	0.00039502419141476425	0.0037404134088783944
755000.0	0.9999999998642425	nan	0.003390887080441582
760000.0	0.9999999998642425	nan	0.0029991830940330542
765000.0	0.9999999998642427	nan	0.0026430376496847986
770000.0	0.9999999998642427	nan	0.0024104937682400676
775000.0000000001	0.9999999998642427	nan	0.0023870415408248835
780000.0000000001	0.9999999998642427	nan	0.00264074369640699
785000.0000000001	0.9999999998642427	nan	0.0032074891975460615
790000.0000000001	0.9999999998642427	nan	0.0040789072406211425
795000.0000000001	0.9999999998642427	0.00039432051375795836	0.005195510107636765
800000.0000000001	0.9999999998642427	0.0006898596726000548	0.006447238056638057
805000.0000000001	0.9999999998642427	0.0008520378675069349	0.007682735702208655
810000.0000000001	0.9999999998642427	0.0009319896519662771	0.008727455226928634
815000.0000000001	0.9999999998642427	0.0009395025446066494	0.009409192859670052
820000.0000000001	0.9999999998642427	0.0008752416717359351	0.00958812895057135
825000.0000000001	0.9999999998642427	0.0007321331790939368	0.009187117713371551
830000.0	0.9999999998642427	0.000476068962339944	0.008217126466413678
835000.0	0.9999999998634442	nan	0.00679258269000155
840000.0	0.9999999998634443	nan	0.005132117347931498
845000.0	0.9999999998634443	nan	0.003541800414924649
850000.0	0.9999999998634443	nan	0.0023803822897035267
855000.0	0.9999999998634443	nan	0.002008986652473646
860000.0	0.9999999998634443	nan	0.002730798064341333
865000.0	0.9999999998634443	nan	0.004729051608096081
870000.0	0.9999999998628891	nan	0.008013539962112142
875000.0	0.9999999998628891	0.00027992059788384434	0.012386415777044085
880000.0	0.9999999998628891	0.0006390226258890449	0.01743687271260762
885000.0000000001	0.9999999998628891	0.0008233198285239028	0.02257123144875846
890000.0000000001	0.9999999998628891	0.0009202963120755349	0.027080099714380346
895000.0000000001	0.9999999998628891	0.0009436995354614561	0.030238219900071923
900000.0000000001	0.9999999998628891	0.0008956907543372274	0.031426129229979456
905000.0000000001	0.9999999998628891	0.0007714316179606624	0.03025698473831155
910000.0000000001	0.9999999998559651	0.0005475338991867442	0.02668795884335507
915000.0000000001	0.9999999998505563	nan	0.02109450208602338
920000.0000000001	0.9999999998407467	nan	0.014288052198269703
925000.0000000001	0.9999999998288908	nan	0.007463692972237409
930000.0000000001	0.9999999998288908	nan	0.0020733281815034183
935000.0	0.9999999998288908	nan	-0.00036862218974441813
940000.0	0.9999999998288908	nan	0.0014724383148897384
945000.0	0.9999999998288908	nan	0.008492305300157843
950000.0	0.9999999998288908	nan	0.020912957869945334
955000.0	0.9999999998288908	3.913413792853947e-05	0.03811663600831008
960000.0	0.9999999998288908	0.0005818183949497141	0.058591753842944516
965000.0	0.9999999998288908	0.0007907870713285213	0.08002263405493001
970000.0	0.9999999998288908	0.0009052795119442673	0.0995359448059236
975000.0	0.9999999998288908	0.0009446194218220711	0.11409097709412114
980000.0	0.9999999998288908	0.0009126265221096889	0.12097258259984849
985000.0	0.9999999998288908	0.0008062742870180305	0.1183201105883027
990000.0000000001	0.9999999998288908	0.0006090680211592044	0.10560846045943911
995000.0000000001	0.9999999998288908	0.0001920687116114782	0.08399253830222128
1000000.0000000001	0.9999999998288908	nan	0.05643550175467874
