0.0	1.4547186915832921	109.6878350097855	0.0
5000.0	1.2798775752314107	101.336849339036	1.1066664651034462e-05
10000.0	1.1507946799580144	92.53552143229794	2.0684781787869316e-05
15000.0	1.0597675672639102	83.61668379018332	2.9652459266874842e-05
20000.0	0.999097546612042	74.93910515875342	3.831323148815075e-05
24999.999999999996	0.9614734114492729	66.8041350050258	4.6813773997789947e-05
30000.0	0.9404510916222345	59.40242652109756	5.52163419798628e-05
35000.0	0.9307786668152838	52.80892833502551	6.354774418359495e-05
40000.0	0.9284648298395818	47.0111023710734	7.182048070557008e-05
45000.00000000001	0.9306456902419623	41.94551216189201	8.00413057403362e-05
49999.99999999999	0.9353594181340034	37.52731469243504	8.821484445969479e-05
55000.0	0.9413140186640069	33.668716284672634	9.634453174206214e-05
60000.0	0.9476903235349705	30.288398605752434	0.00010443359081168975
64999.99999999999	0.953991220246534	27.315209892403175	0.00011248477025467402
70000.0	0.9599330255651067	24.688762496181287	0.00012050051446822288
75000.00000000001	0.9653700971972553	22.358600139230507	0.00012848306244361076
80000.0	0.9702437887232325	20.28284784911489	0.00013643491324158118
85000.00000000001	0.9745485035047049	18.42679350707463	0.00014435785779949706
90000.00000000001	0.9783094628687058	16.761594969147104	0.00015225361108066042
95000.0	0.981568373223349	15.263177289229857	0.0001601243678255898
100000.00000000001	0.9843743602423711	13.911324513289701	0.0001679715206877536
105000.0	0.9867783827481106	12.688946299331503	0.00017579673004933125
110000.0	0.9888299239412529	11.58149165369864	0.00018360143750259598
115000.00000000001	0.9905751563348345	10.576482682247338	0.00019138747454444197
120000.0	0.9920560460116037	9.663144076845212	0.0001991554311694186
125000.00000000001	0.9933100427681442	8.832108673457798	0.00020690702373262672
129999.99999999999	0.9943701238918772	8.075182328776561	0.0002146432144452367
135000.0	0.9952650403151618	7.385155760280229	0.00022236553511787214
140000.0	0.9960196678767406	6.755652843061329	0.00023007496760913472
144999.99999999997	0.9966554022629034	6.18100772086317	0.00023777156225331924
150000.00000000003	0.9971905599282689	5.656164755205409	0.00024545732477075215
155000.0	0.9976407627975806	5.176595904981937	0.0002531325409583018
160000.0	0.9980192946746373	4.738232690443196	0.0002607983172071965
165000.0	0.9983374237052984	4.337409167421394	0.00026845515856894196
169999.99999999997	0.9986046892715327	3.9708141428245805	0.00027610462580033316
175000.00000000003	0.9988291540901952	3.635450327401661	0.00028374511688693786
179999.99999999997	0.9990176236860292	3.3286001829188203	0.00029138035357701873
185000.0	0.9991758360823091	3.047795328530117	0.00029900737504294874
190000.0	0.9993086248296288	2.790791550217091	0.0003066300913332428
194999.99999999997	0.999420058494489	2.5555453905443404	0.00031424605746405496
200000.00000000003	0.9995135595724456	2.3401951627262245	0.0003218589309641969
204999.99999999997	0.9995920055778069	2.1430426385852557	0.0003294651683168351
210000.0	0.9996578147645002	1.9625385220797016	0.00033706868827738576
215000.0	0.9997130186878824	1.7972677650533848	0.00034466715861465814
220000.0	0.9997593235208402	1.6459379972624009	0.0003522638195407738
224999.99999999997	0.9997981618048369	1.507367757335514	0.00035985567267633685
230000.00000000003	0.999830736078502	1.380477255067021	0.0003674453578231429
235000.0	0.9998580556269051	1.2642788138728434	0.00037503183693604543
240000.0	0.9998809674122187	1.1578689462615241	0.0003826135062360737
245000.0	0.9999001820920383	1.060421682771428	0.0003901981311620497
249999.99999999997	0.9999162958920826	0.9711800359522719	0.00039777463893148356
255000.00000000003	0.9999298089905662	0.8894526954618562	0.00040535588569983036
259999.99999999997	0.9999411409590839	0.814605381899605	0.00041292986811034145
265000.0	0.9999506437300805	0.7460585865891965	0.0004205020548166935
270000.0	0.9999586124804271	0.6832817366159102	0.00042807756923746984
275000.0	0.9999652947868626	0.6257884878699935	0.0004356515857643842
280000.0	0.9999708982876302	0.5731336777926618	0.0004432212245883034
284999.99999999994	0.9999755971173895	0.5249099489390672	0.0004507877884826686
290000.00000000006	0.999979537313464	0.480744347167497	0.0004583534470198179
294999.99999999994	0.999982841343576	0.440295303870267	0.00046591940045463286
300000.00000000006	0.9999856119085895	0.4032499815506874	0.00047348586966972393
304999.99999999994	0.9999879351335496	0.3693218742853905	0.0004810526052381597
310000.0	0.9999898832414287	0.33824860473278406	0.0004886192670331362
315000.0	0.9999915167976144	0.3097898963495531	0.0004961855897016758
320000.0	0.9999928865888744	0.2837257106502972	0.000503751417507986
325000.0	0.9999940352009312	0.2598545395322136	0.0005113166861895224
330000.0	0.9999949983468396	0.23799184166855678	0.000518881392848928
334999.99999999994	0.9999958059737041	0.21796861141018312	0.0005264455706664187
340000.00000000006	0.99999648319101	0.19963006900794528	0.0005340092709576981
344999.99999999994	0.9999970510562994	0.1828344618645292	0.0005415725525883344
350000.00000000006	0.9999975272283463	0.16745196712942878	0.0005491354756827966
354999.99999999994	0.9999979265121084	0.15336368706120107	0.000556698098036817
360000.00000000006	0.9999982613233889	0.14046072916649263	0.0005642604738711629
365000.0	0.9999985420733732	0.12864336392084377	0.0005718226537479275
370000.0	0.9999987774887333	0.11782025347472558	0.0005793846833625822
375000.0	0.9999989748911694	0.10790774537303918	0.0005869466054293445
380000.0	0.9999991404177068	0.09882922573512858	0.0005945084591034327
385000.0	0.9999992792154063	0.09051452693029866	0.0006020702804450318
389999.99999999994	0.9999993956019562	0.08289938507362485	0.0006096321034922386
395000.00000000006	0.9999994931964924	0.07592494328434558	0.0006171939597322036
399999.99999999994	0.9999995750311523	0.06953729664326476	0.0006247558782117003
405000.00000000006	0.999999643651743	0.06368707551409605	0.0006323178867488328
409999.99999999994	0.9999997011914533	0.058329063957032495	0.0006398800113159745
415000.0	0.9999997494414938	0.05342185017068006	0.0006474422769876924
420000.0	0.9999997899012508	0.04892750639226047	0.0006550047069879911
425000.0	0.9999998238281305	0.044811295832352806	0.0006625673233135785
430000.0	0.9999998522760442	0.04104140401942275	0.0006701301468209701
435000.0	0.9999998761308512	0.03758869299572623	0.0006776931975827823
440000.0	0.99999989613091	0.03442647606991111	0.0006852564935742931
444999.99999999994	0.9999999128983401	0.03153031158393275	0.0006928200523336725
450000.00000000006	0.9999999269567836	0.028877813849415034	0.0007003838904406592
454999.99999999994	0.9999999387457574	0.026448480359534957	0.0007079480236479209
460000.00000000006	0.9999999486324777	0.0242235330476812	0.0007155124661962877
464999.99999999994	0.9999999569238447	0.022185773381110694	0.0007230772307412821
470000.0	0.9999999638761925	0.020319449205141085	0.0007306423285065313
475000.0	0.9999999697039469	0.018610133109085474	0.0007382077688694195
480000.0	0.9999999745900413	0.01704461087053643	0.0007457735604650773
485000.0	0.9999999786877235	0.015610779357790596	0.0007533397104937347
490000.0	0.9999999821245142	0.014297552843647606	0.0007609062239963881
494999.99999999994	0.9999999850069781	0.013094777535509848	0.000768473104264277
500000.00000000006	0.9999999874251596	0.011993152651022833	0.0007760403527609883
504999.99999999994	0.9999999894521892	0.01098415912313078	0.0007836079678755537
510000.00000000006	0.9999999911509893	0.01005999318548409	0.000791175946425904
514999.99999999994	0.9999999925779315	0.009213506135981169	0.0007987442839377618
519999.99999999994	0.9999999937756935	0.008438148515872355	0.000806312822836483
525000.0	0.9999999947815137	0.0077279196551740155	0.0008138814451628996
530000.0	0.9999999956204597	0.007077324858325509	0.0008214503807503361
535000.0	0.9999999963253381	0.006481327648017636	0.0008290196157754216
540000.0	0.9999999969156005	0.005935313483927152	0.0008365891310892448
545000.0	0.9999999974080985	0.0054350532269694316	0.0008441589071361966
550000.0	0.9999999978216045	0.004976670826291409	0.0008517289238133139
555000.0	0.9999999981706892	0.0045566131472102546	0.0008592991594879039
560000.0	0.9999999984604492	0.004171622696583289	0.0008668695890070229
565000.0000000001	0.999999998702541	0.003818712396506633	0.0008744401904642188
570000.0000000001	0.9999999989047649	0.003495142010745764	0.000882010940773245
575000.0000000001	0.9999999990727059	0.0031983974397898295	0.000889581818230997
580000.0000000001	0.9999999992096157	0.002926170267862391	0.0008971528068204194
585000.0000000001	0.9999999993235662	0.002676341531832908	0.0009047238929218527
590000.0000000001	0.9999999994212461	0.002446963529228863	0.0009122950714172345
595000.0000000001	0.9999999995060198	0.0022362445756422453	0.0009198663439242872
600000.0000000001	0.9999999995804723	0.002042536531065475	0.0009274377293859475
605000.0000000001	0.9999999996432245	0.0018643191049506466	0.0009350092533970077
610000.0000000001	0.9999999996954471	0.0017001887703178367	0.0009425809583172483
615000.0	0.9999999997403769	0.0015488472884567612	0.0009501529184692455
620000.0	0.9999999997735237	0.0014090889354520968	0.0009577252339886589
625000.0	0.9999999998017941	0.0012797910327030765	0.0009652980397903405
630000.0	0.999999999829164	0.001159899496695532	0.0009728715094985313
635000.0	0.999999999852772	0.0010484183942481033	0.0009804458574481478
640000.0	0.9999999998767142	0.0009443936829318639	0.0009880213571032328
645000.0	0.9999999998981486	0.0008468952588184602	0.0009955983790249415
650000.0	0.9999999999157074	0.0007549927643225236	0.0010031773549710288
655000.0	0.9999999999318198	0.0006677164950885967	0.00101075882319343
660000.0	0.9999999999403154	0.000583995528243685	0.0010183434152194611
665000.0	0.9999999999432071	0.0005025442516682103	0.0010259319077630183
670000.0000000001	0.999999999956426	0.0004216155223913447	0.0010335252773585643
675000.0000000001	0.999999999971019	0.000338391760297176	0.0010411246062362134
680000.0000000001	0.9999999999848216	0.00024695172116714106	0.0010487311911396824
685000.0000000001	0.9999999999969627	0.00012515284969174002	0.0010563465743519242
690000.0000000001	1.0000000000055183	nan	0.0010639725490422366
695000.0000000001	1.0000000000179048	nan	0.0010716112873166805
700000.0000000001	1.0000000000281621	nan	0.0010792652155702151
705000.0000000001	1.000000000031811	nan	0.0010869371759942394
710000.0000000001	1.000000000031811	nan	0.0010946305184869021
715000.0000000001	1.000000000031811	nan	0.001102349130210493
720000.0000000001	1.000000000031811	nan	0.0011100974635117698
725000.0	1.000000000031811	nan	0.001117880638125527
730000.0	1.000000000031811	nan	0.0011257045510263122
735000.0	1.000000000031811	nan	0.0011335759566296116
740000.0	1.000000000031811	nan	0.0011415025648514163
745000.0	1.000000000031811	nan	0.0011494932166592105
750000.0	1.000000000031811	nan	0.0011575579510342794
755000.0	1.000000000031811	nan	0.0011657082265143675
760000.0	1.000000000031811	nan	0.0011739570548952025
765000.0	1.000000000031811	nan	0.0011823191987641068
770000.0	1.000000000031811	nan	0.0011908113961452804
775000.0000000001	1.000000000031811	nan	0.0011994525889768817
780000.0000000001	1.000000000031811	nan	0.0012082641905145298
785000.0000000001	1.000000000031811	nan	0.0012172703468238556
790000.0000000001	1.000000000031811	nan	0.001226498276220138
795000.0000000001	1.000000000031811	nan	0.0012359786610875178
800000.0000000001	1.000000000031811	nan	0.0012457459869155533
805000.0000000001	1.000000000031811	nan	0.001255839005581859
810000.0000000001	1.000000000031811	nan	0.001266301204626099
815000.0000000001	1.000000000031811	nan	0.0012771813028001164
820000.0000000001	1.000000000031811	nan	0.0012885339068368546
825000.0000000001	1.000000000031811	nan	0.0013004201092898554
830000.0	1.000000000031811	nan	0.0013129081843075393
835000.0	1.000000000031811	nan	0.0013260743709752635
840000.0	1.000000000031811	nan	0.0013400037371712181
845000.0	1.000000000031811	nan	0.0013547910672480562
850000.0	1.000000000031811	nan	0.001370542029926828
855000.0	1.000000000031811	nan	0.0013873741532027335
860000.0	1.000000000031811	nan	0.0014054180704022752
865000.0	1.000000000031811	nan	0.0014248189428786617
870000.0	1.000000000031811	nan	0.0014457379523473007
875000.0	1.000000000031811	nan	0.0014683537640265464
880000.0	1.000000000031811	nan	0.0014928645199482017
885000.0000000001	1.000000000031811	nan	0.0015194895725422688
890000.0000000001	1.000000000031811	nan	0.0015484718409407565
895000.0000000001	1.000000000031811	nan	0.0015800795928860413
900000.0000000001	1.000000000031811	nan	0.0016146096005231255
905000.0000000001	1.000000000031811	nan	0.0016523895034188244
910000.0000000001	1.0000000000233527	nan	0.0016937795872196259
915000.0000000001	0.9999999999902074	nan	0.0017391799476855266
920000.0000000001	0.9999999999742112	nan	0.001789029860935912
925000.0000000001	0.9999999999742027	nan	0.001843813343202722
930000.0000000001	0.9999999999742027	nan	0.0019040618520651937
935000.0	0.9999999999742027	nan	0.001970360403548824
940000.0	0.9999999999742027	nan	0.002043352326957273
945000.0	0.9999999999742027	nan	0.002123743373231601
950000.0	0.9999999999742027	nan	0.0022123088673086286
955000.0	0.9999999999742027	nan	0.0023098990183385622
960000.0	0.9999999999465116	nan	0.0024174445052734177
965000.0	0.99999999994577	nan	0.002535967178834343
970000.0	0.9999999999376183	nan	0.002666582724767979
975000.0	0.9999999998964898	nan	0.0028105137239012173
980000.0	0.9999999998942601	8.948346153221433e-05	0.0029690959150264237
985000.0	0.9999999998942365	0.0001266897680086695	0.003143787855302274
990000.0000000001	0.9999999998929046	0.00015515207312396764	0.0033361818835806116
995000.0000000001	0.9999999998892252	0.0001790646480024528	0.003548017252874585
1000000.0000000001	0.9999999998820153	0.00020004009451776405	0.0037811878286521643
