0.0	1.645469750288322	153.22167740680518	0.0
5000.0	1.271941319813781	147.7194189862532	1.0544340661371814e-05
10000.0	0.9694364464627307	140.06043769429343	1.8527923117724853e-05
15000.0	0.7348582840348475	129.11885108047787	2.581677762542984e-05
20000.0	0.5700233647530212	113.62463535385317	3.2995163683962074e-05
24999.999999999996	0.4793527103342933	93.67964756482459	4.021248860576386e-05
30000.0	0.4585504927052787	72.8451410003682	4.747206379269218e-05
35000.0	0.48627433872244763	55.61534367374527	5.4741548721990924e-05
40000.0	0.5370590044560316	43.18664636987971	6.200357883592634e-05
45000.00000000001	0.5942625404093939	34.50430434384152	6.925819762427767e-05
49999.99999999999	0.6498425055584403	28.322604420454084	7.6511005710713e-05
55000.0	0.7005353402023647	23.770395784109308	8.376723216271272e-05
60000.0	0.7453310847930404	20.301963404287452	9.103035738408083e-05
64999.99999999999	0.7842264108656202	17.57831682475167	9.830220184233497e-05
70000.0	0.8176441583988068	15.384110943798015	0.0001055833591587268
75000.00000000001	0.8461632019446749	13.578284373372432	0.000112873621556795
80000.0	0.8703923085551414	12.065498832176162	0.00012017233467915105
85000.00000000001	0.890912429097484	10.779399966721021	0.00012747860833556174
90000.00000000001	0.9082523221231358	9.672554039033079	0.00013479135930963412
95000.0	0.9228806327816788	8.71022266119448	0.00014210965205468677
100000.00000000001	0.9352060390042397	7.866401836602479	0.00014943248716231246
105000.0	0.945581186929927	7.121234491485491	0.00015675905670680326
110000.0	0.9543082001473228	6.4592789861978055	0.00016408855786112554
115000.00000000001	0.9616446147793103	5.868324908061268	0.00017142034967326176
120000.0	0.967809158249612	5.3385670726347225	0.00017875396292848361
125000.00000000001	0.9729870941110883	4.862019059356658	0.0001860889221591955
129999.99999999999	0.9773350201005381	4.432090093326308	0.0001934246818112577
135000.0	0.9809850949397659	4.043275296386238	0.00020076103811633798
140000.0	0.9840487153032742	3.6909258290798928	0.0002080978521672497
145000.00000000003	0.9866196865569858	3.3710761938000866	0.00021543470720837972
150000.00000000003	0.9887769397829581	3.0803129843199595	0.00022277132390244536
155000.0	0.9905868492125056	2.8156740090453667	0.00023010818888842205
160000.0	0.9921052019212749	2.5745698274868647	0.00023744462215278446
165000.0	0.9933788674801582	2.3547222745636125	0.0002447805550168446
170000.00000000003	0.9944472103215795	2.154115631406555	0.00025211612851204534
175000.00000000003	0.9953432825118316	1.970957515942779	0.0002594517043662921
180000.00000000003	0.9960948297518251	1.8036471854987195	0.0002667861961696436
185000.0	0.9967251389755778	1.650749801517283	0.0002741206624674853
190000.0	0.9972537518799512	1.510974963994066	0.00028145457718761334
195000.00000000003	0.9976970651816723	1.3831590362546315	0.0002887884935867951
200000.00000000003	0.9980688353054582	1.2662500981765945	0.0002961210130583294
205000.00000000003	0.9983806025267231	1.1592954642685553	0.00030345373744605775
210000.0	0.9986420472745116	1.0614306765882642	0.00031078629891634785
215000.0	0.9988612893746713	0.9718702402599653	0.0003181184374349333
220000.0	0.9990451392895081	0.889899523343953	0.0003254495340077857
225000.00000000003	0.9991993090164362	0.8148677351668924	0.00033278033798428685
230000.00000000003	0.999328589085311	0.7461816372808304	0.0003401112851997745
235000.0	0.9994369970951001	0.6833000335490108	0.0003474415122899863
240000.0	0.9995279023356743	0.6257290044373518	0.0003547727094152938
245000.0	0.9996041303475091	0.5730173188022174	0.00036210245764935016
250000.00000000003	0.9996680506307789	0.5247528403716698	0.00036943237854437347
255000.00000000003	0.9997216502206319	0.4805587210729176	0.00037676032506214736
259999.99999999997	0.9997665953997347	0.44009063107320856	0.00038409037209736785
265000.0	0.9998042834665423	0.40303341515030894	0.0003914198006461128
270000.0	0.9998358861411478	0.36909885860160124	0.00039874805119737895
275000.0	0.9998623859765158	0.33802329422825633	0.00040607566947642687
280000.0	0.99988460689125	0.30956556015592906	0.00041340611280853205
285000.00000000006	0.999903239781657	0.28350459380408866	0.00042073282619835647
290000.00000000006	0.9999188639925081	0.25963850742149575	0.0004280629010751989
295000.00000000006	0.9999319653306631	0.23778199927537505	0.00043538819957175884
300000.00000000006	0.999942951164512	0.2177660248935537	0.0004427182160122849
305000.00000000006	0.9999521630847615	0.19943529399204996	0.00045004733502496537
310000.0	0.9999598875269234	0.182647742316399	0.0004573728430728883
315000.0	0.9999663646786633	0.16727351568985382	0.0004646986541502402
320000.0	0.9999717959395121	0.15319364406589098	0.0004720267337521562
325000.0	0.9999763501903725	0.14029909274547808	0.0004793561623382995
330000.0	0.9999801690471395	0.12849000146923178	0.00048668550271611813
335000.00000000006	0.999983371257122	0.11767494775599698	0.0004940139871551733
340000.00000000006	0.9999860563912423	0.10777023340781683	0.0005013415016555769
345000.00000000006	0.9999883079448604	0.09869922156501211	0.000508668247658877
350000.00000000006	0.9999901959297679	0.09039173285044859	0.0005159944920127684
355000.00000000006	0.9999917790541212	0.08278349722486139	0.0005233204558403074
360000.00000000006	0.9999931065441626	0.07581565489949349	0.000530646289004107
365000.0	0.9999942196745348	0.06943430057558453	0.0005379720796730107
370000.0	0.9999951530607617	0.06359006646062222	0.0005452978726973185
375000.0	0.9999959357273673	0.05823774042352196	0.0005526236857293657
380000.0	0.9999965920137107	0.05333591629175043	0.0005599495209930474
385000.0	0.999997142328965	0.048846673419825064	0.0005672753725217487
390000.00000000006	0.9999976037806031	0.044735283390613674	0.0005746012306508667
395000.00000000006	0.9999979907191094	0.04096994114238065	0.0005819270845119461
400000.00000000006	0.9999983151755956	0.03752151889224918	0.0005892529234333008
405000.00000000006	0.9999985872403296	0.03436334075388642	0.0005965787373184404
410000.00000000006	0.9999988153715821	0.03147097627142297	0.0006039045168731087
415000.0	0.9999990066654492	0.028822051423287417	0.0006112302536187798
420000.0	0.9999991670728043	0.026396075414871777	0.0006185559397810473
425000.0	0.9999993015796315	0.024174282226650967	0.0006258815681802462
430000.0	0.9999994143656384	0.022139485356277945	0.0006332071320250483
435000.0	0.9999995089403697	0.020275944865922935	0.0006405326250493465
440000.0	0.9999995882431307	0.01856924565936656	0.0006478580412513366
445000.00000000006	0.999999654740715	0.017006185927301173	0.0006551833748883817
450000.00000000006	0.9999997105002251	0.01557467488733181	0.0006625086204204569
455000.00000000006	0.99999975725551	0.014263639540894229	0.0006698337721777276
460000.00000000006	0.9999997964611674	0.013062938734638409	0.0006771588246932221
465000.00000000006	0.9999998293346783	0.011963284828678351	0.0006844837726851806
470000.0	0.9999998568992625	0.010956171943970744	0.000691808610871807
475000.0	0.9999998800108484	0.010033809873241616	0.0006991333339993744
480000.0	0.9999998993896813	0.009189064307376925	0.0007064579372693333
485000.0	0.9999999156401551	0.008415401148872338	0.0007137824158792486
490000.0	0.9999999292680587	0.007706836235999452	0.0007211067654611961
495000.00000000006	0.9999999406963141	0.007057888855873442	0.00072843098200357
500000.00000000006	0.9999999502787078	0.006463539841982965	0.0007357550619792023
505000.00000000006	0.9999999583106798	0.0059191921881917445	0.0007430790026368103
510000.00000000006	0.9999999650451183	0.005420635709513654	0.0007504028019509252
515000.00000000006	0.9999999706930511	0.004964014653354009	0.0007577264587298725
519999.99999999994	0.9999999754306349	0.004545797417746408	0.0007650499725483202
525000.0	0.9999999794091121	0.004162749903600155	0.0007723733448873776
530000.0	0.9999999827486236	0.0038119097371242406	0.0007796965786897603
535000.0	0.999999985551317	0.0034905643584912925	0.000787019678532678
540000.0	0.9999999879058815	0.0031962287621929257	0.0007943426515786846
545000.0	0.9999999898805787	0.0029266273434730766	0.0008016655067814167
550000.0	0.9999999915335348	0.0026796761416513423	0.0008089882565389094
555000.0	0.9999999929179195	0.002453466199633222	0.0008163109170039643
560000.0	0.9999999940792026	0.0022462492577580246	0.0008236335074838768
564999.9999999999	0.9999999950525164	0.0020564240242303107	0.0008309560533469941
570000.0000000001	0.9999999958674444	0.0018825242320198786	0.0008382785834307496
574999.9999999999	0.9999999965528471	0.0017232062720451042	0.0008456011342750951
580000.0000000001	0.9999999971366185	0.0015772413859937388	0.0008529237470497428
584999.9999999999	0.9999999976266909	0.0014435007339069904	0.0008602464741481125
590000.0000000001	0.9999999980386942	0.0013209547669199003	0.0008675693735506703
594999.9999999999	0.999999998382134	0.0012086582553046522	0.0008748925162470825
600000.0000000001	0.9999999986682718	0.0011057440004816645	0.0008822159816148805
604999.9999999999	0.9999999989077363	0.0010114220050307608	0.0008895398650848384
610000.0000000001	0.9999999991076464	0.0009249639626881825	0.0008968642745695746
615000.0	0.9999999992708818	0.00084570794068975	0.0009041893405722047
620000.0	0.999999999408124	0.0007730452450804785	0.0009115151932163852
625000.0	0.9999999995255654	0.0007064175980949655	0.000918842012596232
630000.0	0.999999999618676	0.0006453167779294009	0.0009261699863478159
635000.0	0.9999999996911169	0.0005892757828988705	0.00093349931446852
640000.0	0.999999999739084	0.0005378679106829763	0.0009408302757798828
645000.0	0.9999999997861575	0.0004907030144454023	0.0009481631319980994
650000.0	0.9999999998332311	0.0004474246389735482	0.0009554981955164514
655000.0	0.9999999998803046	0.0004077070875983834	0.0009628358237803795
660000.0	0.9999999999273781	0.0003712531401223944	0.0009701764240497972
665000.0	0.9999999999663073	0.00033779131092951054	0.0009775204008204517
669999.9999999999	0.999999999998578	0.00030707497645211926	0.000984868298046492
675000.0000000001	1.0000000000091123	0.0002788770294743179	0.0009922207785160399
679999.9999999999	1.0000000000091123	0.00025300095025508097	0.0009995784637905898
685000.0000000001	1.0000000000091123	0.00022925690452450727	0.0010069420668173423
689999.9999999999	1.0000000000091123	0.00020748280605992816	0.0010143124093475832
695000.0000000001	1.0000000000091123	0.00018753114332199146	0.0010216904179505
699999.9999999999	1.0000000000091123	0.00016927340995855845	0.001029077129114428
705000.0000000001	1.0000000000091123	0.00015259397760235366	0.0010364736946045778
709999.9999999999	1.0000000000091123	0.0001373992123032149	0.0010438814199422422
715000.0000000001	1.0000000000091123	0.00012360861608962453	0.0010513017399040253
719999.9999999999	1.0000000000091123	0.00011116119759387205	0.0010587362793353827
725000.0	1.0000000000091123	0.00010001184811022914	0.0010661868390094522
730000.0	1.0000000000091123	9.014087006963486e-05	0.0010736554196420372
735000.0	1.0000000000091123	8.153426570460328e-05	0.0010811442560992267
740000.0	1.0000000000091123	7.419975776929882e-05	0.001088655829873939
745000.0	1.0000000000091123	6.815766512258605e-05	0.0010961929233916858
750000.0	1.0000000000091123	6.34095796052184e-05	0.0011037585903708488
755000.0	1.0000000000091123	5.995898592633753e-05	0.0011113562558169327
760000.0	1.000000000009203	5.774186742858787e-05	0.001118989693533614
765000.0	1.000000000009203	5.669082727126171e-05	0.0011266631204731976
770000.0	1.000000000009203	5.6639372005591294e-05	0.0011343811828775274
774999.9999999999	1.000000000009203	5.745712688069333e-05	0.0011421490304783304
780000.0000000001	1.000000000009203	5.894749049683246e-05	0.0011499723850335532
784999.9999999999	1.000000000009203	6.096565598460661e-05	0.0011578575653023238
790000.0000000001	1.000000000009203	6.33693323275328e-05	0.0011658115586899902
794999.9999999999	1.000000000009203	6.603926736222441e-05	0.0011738421233585756
800000.0000000001	1.0000000000130458	6.888636039238995e-05	0.0011819577667119261
804999.9999999999	1.0000000000197315	7.184392359690972e-05	0.001190167941505281
810000.0000000001	1.0000000000223375	7.486966933391833e-05	0.0011984830324248262
814999.9999999999	1.0000000000548466	7.7913569859646e-05	0.0012069145443121742
820000.0000000001	1.0000000000913687	8.094656711359287e-05	0.0012154751399857087
824999.9999999999	1.0000000001355294	8.395247909394046e-05	0.0012241787748588338
830000.0	1.0000000001444203	8.692153723667214e-05	0.0012330407816471991
835000.0	1.0000000001444203	8.9841169173282e-05	0.0012420781919491104
840000.0	1.0000000001444203	9.269638734779054e-05	0.0012513096368006896
845000.0	1.0000000001444203	9.549296980570989e-05	0.0012607556221733048
850000.0	1.0000000001444203	9.822479348439969e-05	0.0012704387674374686
855000.0	1.0000000001444203	0.00010088989387778045	0.001280383881146092
860000.0	1.0000000001444203	0.00010348638228427276	0.0012906181279164208
865000.0	1.0000000001444203	0.00010601586211725334	0.0013011716719600996
870000.0	1.0000000001444203	0.00010847630125665794	0.0013120773307059772
875000.0	1.0000000001444203	0.000110872296178391	0.0013233712875369559
880000.0	1.0000000001444203	0.00011320471928173481	0.0013350931422014545
884999.9999999999	1.0000000001444203	0.00011546795386327188	0.0013472862865068355
890000.0000000001	1.0000000001444203	0.00011766908980038382	0.0013599984182190402
894999.9999999999	1.0000000001444203	0.00011981459165033173	0.0013732817722896327
900000.0000000001	1.0000000001444203	0.00012189244749298606	0.0013871937312733673
904999.9999999999	1.0000000001444203	0.000123917825847175	0.0014017966078012872
910000.0000000001	1.0000000001444203	0.00012588167887012344	0.001417159391009895
914999.9999999999	1.0000000001444203	0.00012778969529144237	0.0014333568087016766
920000.0000000001	1.0000000001444203	0.00012964434042891032	0.001450471214515915
924999.9999999999	1.0000000001444203	0.00013144232790081482	0.0014685923101661234
930000.0000000001	1.0000000001444203	0.0001331859523331725	0.001487818179195827
935000.0	1.0000000001444203	0.00013488272635460614	0.0015082560847570195
940000.0	1.0000000001444203	0.0001365237186576076	0.0015300228378542415
945000.0	1.0000000001444203	0.00013811355650363664	0.001553246684186143
950000.0	1.0000000001444203	0.000139656596694304	0.0015780667299814311
955000.0	1.0000000001444203	0.00014115179190190728	0.001604635649782838
960000.0	1.0000000001444203	0.00014259553535036335	0.0016331188357999375
965000.0	1.0000000001444203	0.00014399443702214923	0.0016636975889744836
970000.0	1.0000000001444203	0.0001453472841235337	0.0016965690595449347
975000.0	1.0000000001444203	0.00014665286597507154	0.0017319476841884747
980000.0	1.0000000001444203	0.0001479148982104572	0.0017700678263845794
985000.0	1.0000000001444203	0.00014913204254743864	0.0018111837877371883
989999.9999999999	1.0000000001444203	0.00015030296462327907	0.0018555726012602185
995000.0000000001	1.0000000001354752	0.00015143114350283377	0.0019035358527257635
999999.9999999999	1.0000000001354752	0.00015251513803232603	0.0019554009662731357
