0.0	0.05433992057699433	94.18935486451646	0.0
5000.0	0.16545147276321928	17.461669452435753	7.05300249565225e-06
10000.0	0.29713073107627075	8.807319409503899	1.4815073023881964e-05
15000.0	0.4097029801400863	5.841504925128626	2.5120550239568756e-05
20000.0	0.5046189153867656	4.344319097824197	3.8862765673318505e-05
24999.999999999996	0.5844048592077997	3.4378783224113003	6.411300225230692e-05
30000.0	0.6513980591148603	2.827356225378336	9.33351721114543e-05
35000.0	0.7076203120297975	2.386197944146154	0.00014289670109192334
40000.0	0.7547899571316905	2.051133029010754	0.00019233518590106531
45000.00000000001	0.7943579257162615	1.7870634032830426	0.0002808285614901945
49999.99999999999	0.8275457434737031	1.572948730623018	0.0003750831749996784
55000.0	0.855380232954016	1.3954259435219758	0.00046531886138263524
60000.0	0.8787238014358759	1.2456054965109402	0.0005953271927495675
64999.99999999999	0.8983003882666918	1.1173161972627081	0.000643193919411604
70000.0	0.9147174958166854	1.0062136337651808	0.0008138473332909745
75000.00000000001	0.9284848062002535	0.9090388150387954	0.0010220542800890606
80000.0	0.9400298697897455	0.823354754139743	0.0011098260908051147
85000.00000000001	0.9497113041704401	0.7473121988346301	0.0010876107153849211
90000.00000000001	0.9578298869023262	0.6794995357482728	0.0013176981214275422
95000.0	0.964637871786553	0.6187538841064919	0.0016524377078403435
100000.00000000001	0.9703468095629724	0.5640237220669551	0.0014736408418890008
105000.0	0.9751341110768463	0.5147041579800673	0.001657403970589779
110000.0	0.9791485539306005	0.4700884705485872	0.002127438809463965
115000.00000000001	0.9825149019990392	0.42961213929048	0.002268102244005054
120000.0	0.9853377803117879	0.39277385298880746	0.001782264097878813
125000.00000000001	0.9877049250802444	0.35936791855596745	0.0024738486970360338
129999.99999999999	0.9896899094850481	0.32889954736659205	0.002415204274152226
135000.0	0.9913544296906044	0.3010333297757067	0.0018963853875594205
140000.0	0.9927502219782688	0.27566153124276505	0.0018831460304715299
145000.00000000003	0.9939206704896681	0.2525449488473485	0.002771886591402869
150000.00000000003	0.9949021554886245	0.23130011112687887	0.0020348111040310755
155000.0	0.995725184002511	0.2119871650982202	0.0028042148719710095
160000.0	0.9964153379620749	0.1942675318048316	0.002833790249896719
165000.0	0.996994069290837	0.17807338191444694	0.0027549339055680136
170000.00000000003	0.9974793666443456	0.1631963369301206	0.002785350488617737
175000.00000000003	0.9978863145225306	0.1496096443381842	0.0027875009788765324
180000.00000000003	0.9982275621177263	0.13712888827700984	0.0025610364444693424
185000.0	0.9985137164765836	0.1256806848199201	0.0007270678947527414
190000.0	0.998753672188791	0.11528752716894082	0.001709495816852607
195000.00000000003	0.9989548878546738	0.10571218798413921	0.0020983550082530715
200000.00000000003	0.9991236179144383	0.09688478291881117	0.0019058497553407327
205000.00000000003	0.9992651070549112	0.08876827813278917	-0.0010337072179783839
210000.0	0.999383753229427	0.08138817157664252	-8.548131211814657e-07
215000.0	0.9994832443571974	0.07461460761877665	-0.0020572070745992085
220000.0	0.9995666729564334	0.06842359276999323	-0.0005636608388397405
225000.00000000003	0.9996366322704451	0.0627757250405239	-0.00285279724656557
230000.00000000003	0.9996952968715417	0.057588285239331856	-0.0028958237982573453
235000.0	0.9997444902552808	0.05272460283184576	-0.0046989394885928355
240000.0	0.9997857415198717	0.04844537372511552	-0.00022432684731424308
245000.0	0.999820332894915	0.04431009357008534	-0.0058330323267577165
250000.00000000003	0.9998493395989131	0.04069864559572676	-0.006747600987102676
255000.00000000003	0.9998736632594969	0.03735957720362959	-0.0062627045147028455
259999.99999999997	0.9998940599394597	0.03424969306187612	-0.007766267197366474
265000.0	0.9999111636380894	0.03134916642215321	-0.010561326936046616
270000.0	0.9999255059974771	0.02869363019816403	-0.009651920124328639
275000.0	0.9999375328272646	0.026401336955835627	-0.0037047147458979923
280000.0	0.9999476179622169	0.024265721109228453	-0.009291420807292132
284999.99999999994	0.9999560748825579	0.022103403776714787	-0.01436487165694838
290000.00000000006	0.9999631664581939	0.020403948760707516	-0.004810050745078636
294999.99999999994	0.9999691131208268	0.01862612935276386	-0.019086427836690695
300000.00000000006	0.9999740997128951	0.017117485004755854	-0.006259031886770317
304999.99999999994	0.9999782812339304	0.015682690418936412	-0.021898987306515166
310000.0	0.999981787661242	0.014390693818161207	-0.00729954711469623
315000.0	0.99998472798742	0.013168446436572173	-0.026479482125262452
320000.0	0.9999871936054499	0.01213359153521176	-0.007325361161254631
325000.0	0.9999892611562817	0.011023847378707848	-0.030771018392461234
330000.0	0.9999909949065385	0.010252092201119245	-0.010729344407209022
334999.99999999994	0.9999924487469368	0.009224299450081394	-0.02875780367831692
340000.00000000006	0.999993667870454	0.008637155685748932	-0.023427824529943995
344999.99999999994	0.9999946901712593	0.007771271304806174	-0.0174928238735291
350000.00000000006	0.9999955474249719	0.007202764914465962	-0.042152299190291044
354999.99999999994	0.9999962662770483	0.006619684844829814	-0.008467711030652872
360000.00000000006	0.9999968690739203	0.005956495623468398	-0.04826684641198417
365000.0	0.999997374551037	0.0056350722275437274	-0.02204613815856468
370000.0	0.9999977984198357	0.0049802794001154276	-0.028519658081643303
375000.0	0.999998153855945	0.004695460727412918	-0.05533961400431116
380000.0	0.9999984519070967	0.004274741995904578	-0.006532123094953986
385000.0	0.9999987018390012	0.0038289702547002575	-0.0680341443909981
389999.99999999994	0.9999989114202844	0.0036793828722882175	-0.025405120707859146
395000.00000000006	0.9999990871651812	0.0031770672604948744	-0.03380647407425049
399999.99999999994	0.9999992345384763	0.003048398176613972	-0.07768440134644888
405000.00000000006	0.9999993581192412	0.002764250107138458	0.0007923928016562509
409999.99999999994	0.9999994617479909	0.0024314100415572344	-0.09018928434916507
415000.0	0.9999995486467588	0.0024069994501751805	-0.034920229222518306
420000.0	0.9999996215178579	0.002004853411249712	-0.029478658946361064
425000.0	0.9999996826252711	0.0019614380651615084	-0.11292618410446878
430000.0	0.999999733867997	0.00178748457415932	0.015082492736132061
435000.0	0.999999776838807	0.0015054712018304803	-0.11257381480606855
440000.0	0.9999998128728362	0.0015719180864314916	-0.0556187972417471
444999.99999999994	0.9999998430893786	0.001237108880564492	-0.009520427046240761
450000.00000000006	0.9999998684273351	0.0012337295066775181	-0.16477058837404995
454999.99999999994	0.9999998896757187	0.0011492827148312406	0.03572328990933208
460000.00000000006	0.9999999074953768	0.0008779317498609141	-0.12923475520255986
464999.99999999994	0.9999999224373926	0.0010124373187260472	-0.09648844948040446
470000.0	0.9999999349671208	0.0007225725003299372	0.03452985652751056
475000.0	0.9999999454753048	0.0007288052089356303	-0.23649705465740956
480000.0	0.9999999542878513	0.0007205925442522766	0.0587363541406443
485000.0	0.9999999616789516	0.00041542032291643405	-0.12892734629343766
490000.0	0.999999967875936	0.0006199731284455476	-0.17155237137649426
494999.99999999994	0.9999999730731333	0.0003450861827512996	0.11334576360405206
500000.00000000006	0.9999999774302563	0.0003347369811960853	-0.3290391941980959
504999.99999999994	0.9999999810818858	0.0004097908946975179	0.07383003109272164
510000.00000000006	0.9999999841428262	nan	-0.09245001188351226
514999.99999999994	0.9999999867100047	0.0003073905274953239	-0.3010711120844489
519999.99999999994	0.9999999888637087	nan	0.23860497175895595
525000.0	0.9999999906700838	nan	-0.4371745195815483
530000.0	0.9999999921829882	8.972750778958102e-05	0.05948625486640899
535000.0	0.9999999934512469	nan	0.01082919972620416
540000.0	0.9999999945137764	nan	-0.5119802052489497
545000.0	0.9999999954032999	nan	0.4197900397288143
550000.0	0.9999999961495879	nan	-0.5429361725210283
555000.0	0.9999999967733887	nan	-0.02434752948947539
560000.0	0.9999999972942353	nan	0.22640076339007723
565000.0000000001	0.9999999977290672	nan	-0.8354984597592333
570000.0000000001	0.9999999980944444	nan	0.6574678411383318
575000.0000000001	0.9999999984011805	nan	-0.6057954956593257
580000.0000000001	0.9999999986600386	nan	-0.2461792690302416
585000.0000000001	0.999999998880011	nan	0.6174685800456837
590000.0000000001	0.9999999990669615	nan	-1.299798710293575
595000.0000000001	0.9999999992247206	nan	0.9308353286834907
600000.0000000001	0.999999999356539	nan	-0.5488744882528086
605000.0000000001	0.9999999994669938	nan	-0.7157325495945124
610000.0000000001	0.9999999995591838	nan	1.2660162618266189
615000.0	0.9999999996363733	nan	-1.9128815833748576
620000.0	0.9999999997023705	nan	1.1749260455174593
625000.0	0.9999999997592035	nan	-0.2423619634009133
630000.0	0.9999999998092696	nan	-1.5957227414539765
635000.0	0.9999999998528905	nan	2.270403212571818
640000.0	0.9999999998899918	nan	-2.631013387629487
645000.0	0.9999999999199934	nan	1.2393081126927836
650000.0	0.9999999999441966	nan	0.5138024323584227
655000.0	0.9999999999651636	nan	-3.1015958017252747
660000.0	0.999999999982289	nan	3.7384465814694203
665000.0	0.9999999999978003	nan	-3.3116574299420902
670000.0000000001	1.0000000000120803	nan	0.8113191505247981
675000.0000000001	1.000000000024536	nan	2.0060531177626815
680000.0000000001	1.0000000000382199	nan	-5.459565111318374
685000.0000000001	1.0000000000504672	nan	5.774836846668251
690000.0000000001	1.000000000061593	nan	-3.661560675046401
695000.0000000001	1.0000000000731726	nan	-0.7289253987308689
700000.0000000001	1.0000000000841969	nan	4.625169159572394
705000.0000000001	1.0000000000918623	nan	-8.768432052424066
710000.0000000001	1.000000000096624	nan	8.460072055303458
715000.0000000001	1.0000000001030873	nan	-3.2076982761618114
720000.0000000001	1.0000000001118636	nan	-4.561824438737381
725000.0	1.0000000001179903	nan	8.902095898825607
730000.0	1.000000000123849	nan	-12.732304135979318
735000.0	1.000000000131493	nan	11.807715627690703
740000.0	1.0000000001385494	nan	-1.3219807500328011
745000.0	1.0000000001469962	nan	-12.650659784974593
750000.0	1.0000000001541303	nan	15.60173680348956
755000.0	1.0000000001603906	nan	-16.419586422899073
760000.0	1.0000000001680545	nan	15.629216574055118
765000.0	1.000000000175647	nan	2.6997265230229393
770000.0	1.00000000018077	nan	-26.60615774815102
775000.0000000001	1.0000000001837879	nan	25.95165579809363
780000.0000000001	1.0000000001875569	nan	-18.438363326188142
785000.0000000001	1.0000000001915308	nan	18.725072494992148
790000.0000000001	1.0000000001948302	nan	9.540027777831941
795000.0000000001	1.000000000198529	nan	-42.97162202933395
800000.0000000001	1.0000000002022762	nan	42.0748133582773
805000.0000000001	1.00000000020318	nan	-17.574598245607337
810000.0000000001	1.0000000002016218	nan	-10.882447464812534
815000.0000000001	1.0000000001995724	nan	19.75736967899624
820000.0000000001	1.0000000001987983	nan	-53.81888680601999
825000.0000000001	1.0000000002019354	nan	66.99929705017517
830000.0	1.0000000002045089	nan	-13.266551967180627
835000.0	1.0000000002071259	nan	-133.03968166935655
840000.0	1.000000000210139	nan	33.61038715818118
845000.0	1.000000000212465	nan	-56.60748350598671
850000.0	1.000000000214018	nan	100.42014003596458
855000.0	1.0000000002119465	nan	-5.568996371901247
860000.0	1.0000000002121154	nan	-127.97398353875775
865000.0	1.0000000002151601	nan	50.744786409137625
870000.0	1.0000000002191196	nan	-53.27990028433349
875000.0	1.000000000222658	nan	132.8720619970464
880000.0	1.0000000002283032	nan	5.085927935016997
885000.0000000001	1.0000000002308442	nan	-119.09542426731734
890000.0000000001	1.000000000230099	nan	69.97694226890194
895000.0000000001	1.0000000002328318	nan	-45.87981146157711
900000.0000000001	1.0000000002357021	nan	157.9723427767291
905000.0000000001	1.0000000002422573	nan	18.06336157885501
910000.0000000001	1.0000000002482516	nan	-108.60516658559611
915000.0000000001	1.0000000002532443	nan	89.69076461765073
920000.0000000001	1.000000000254671	nan	-35.7337440842286
925000.0000000001	1.000000000253007	nan	177.55740380209213
930000.0000000001	1.0000000002507679	nan	32.64179887219313
935000.0	1.0000000002459926	nan	-96.977482393643
940000.0	1.0000000002416176	nan	108.6808962803623
945000.0	1.0000000002395195	nan	-23.697491315752224
950000.0	1.0000000002368485	nan	-165.6942019581318
955000.0	1.0000000002336422	nan	48.13395731923874
960000.0	1.0000000002292144	nan	-84.44584299111851
965000.0	1.0000000002248297	nan	126.52647550088044
970000.0	1.0000000002227702	nan	-10.371325411371382
975000.0	1.000000000219735	nan	-150.25666087696618
980000.0	1.0000000002213816	nan	63.99949880573089
985000.0	1.0000000002221179	nan	-71.18731937376029
990000.0000000001	1.000000000222059	nan	143.33484179605253
995000.0000000001	1.0000000002243223	nan	3.799839551557184
1000000.0000000001	1.0000000002289635	nan	-135.37304862161227
