0.0	0.6523040112631635	30.4196421125413	0.0
5000.0	0.7016484265574993	25.554749189254427	1.545284902430654e-05
10000.0	0.7456705340442303	21.838204484951675	3.307396557332251e-05
15000.0	0.7841327272044539	18.916300858468734	5.283209976238692e-05
20000.0	0.817320140268576	16.561331575040118	7.461021235639909e-05
24999.999999999996	0.8457296781981307	14.62298928832308	9.825726952809893e-05
30000.0	0.8699206436413904	12.999232044871611	0.00012358127264552987
35000.0	0.8904438261753895	11.618858154954795	0.0001503930068267082
40000.0	0.9078094971112027	10.430899084503281	0.00017850338500973812
45000.00000000001	0.9224749849821962	9.398005173698861	0.00020772529994043002
49999.99999999999	0.934842107348041	8.492215103540088	0.00023792464782692292
55000.0	0.9452594397341851	7.692182279773279	0.0002689420737507524
60000.0	0.9540267859868347	6.981314710662059	0.00030067166851135773
64999.99999999999	0.9614004580075759	6.346500435907197	0.0003329817395908494
70000.0	0.9675986376566468	5.777217951975119	0.0003657991259002585
75000.00000000001	0.9728064551946225	5.264903703883896	0.0003989934835425751
80000.0	0.9771806170003624	4.802496290634497	0.00043254873073281404
85000.00000000001	0.9808535238730847	4.384102004519711	0.0004664183183738646
90000.00000000001	0.983936879560534	4.004746902776765	0.0005005182630083467
95000.0	0.986524819070187	3.660190896463365	0.0005348231406423608
100000.00000000001	0.9886966001537212	3.3467859964613096	0.00056927407907927
105000.0	0.9905189061115625	3.061367900626875	0.0006038613987887743
110000.0	0.9920478078573317	2.801171213315904	0.000638510087618844
115000.00000000001	0.9933304303475213	2.5637642046112257	0.0006733718540056604
120000.0	0.9944063644410068	2.3469942740074745	0.0007081977313317618
125000.00000000001	0.9953088607668553	2.14894832053473	0.0007430778048998408
129999.99999999999	0.9960658377061697	1.967917917898097	0.0007781207745003818
135000.0	0.9967007313894124	1.8023702164474447	0.0008130681071515077
140000.0	0.9972332117613223	1.6509276992980322	0.0008480894079618419
145000.00000000003	0.9976797853309027	1.5123470742081229	0.00088314553585267
150000.00000000003	0.9980543022035372	1.3855046390095145	0.000918311110329486
155000.0	0.9983683823711651	1.2693811302453821	0.0009533748027795181
160000.0	0.9986317739533671	1.1630527149712764	0.0009885473317068469
165000.0	0.9988526541442941	1.0656778947178698	0.0010235871024912838
170000.00000000003	0.9990378819576946	0.9764924961137914	0.0010586801942610166
175000.00000000003	0.9991932104272183	0.8947992337169066	0.0010938808358423213
180000.00000000003	0.99932346473323	0.8199622774078669	0.0011291036867956182
185000.0	0.9994326917067852	0.7514000357270026	0.0011640667532997447
190000.0	0.9995242852806454	0.6885846843233706	0.0011993824454533176
195000.00000000003	0.9996010917574806	0.6310288413954651	0.0012342579946597449
200000.00000000003	0.9996654981219424	0.5782922204463017	0.0012694000390997386
205000.00000000003	0.9997195061263776	0.5299697003028555	0.0013048000148080541
210000.0	0.9997647944381878	0.48568719951229494	0.0013395442032477453
215000.0	0.9998027707687485	0.44510958341032547	0.0013746981589681372
220000.0	0.9998346155990944	0.40792472635935306	0.0014098951468043365
225000.00000000003	0.9998613188464663	0.3738476814591886	0.0014449165390241442
230000.00000000003	0.9998837106223901	0.34261954292759467	0.0014801433414298943
235000.0	0.9999024870276663	0.31400284662627787	0.0015157512620252301
240000.0	0.9999182317822402	0.28777341354304353	0.0015502415802612188
245000.0	0.9999314343663621	0.26373964794919286	0.001586004623665236
250000.00000000003	0.9999425052336055	0.24170941044066171	0.001620387089389264
255000.00000000003	0.9999517885694184	0.22152499630051312	0.0016564090485092632
259999.99999999997	0.9999595729899244	0.20302116240397822	0.0016908568647459232
265000.0	0.9999661005123454	0.18606516946930715	0.00172580114365847
270000.0	0.9999715740772109	0.17052900663719184	0.0017619142911404926
275000.0	0.9999761638591703	0.15628587043853942	0.0017966937927913014
280000.0	0.9999800125550404	0.14323065520650544	0.0018308425712075685
285000.00000000006	0.9999832398232938	0.13127025981743665	0.0018663056199044853
290000.00000000006	0.9999859460018639	0.12031112015093769	0.001902573570560347
295000.00000000006	0.9999882152296257	0.11026395257368167	0.0019378848585655537
300000.00000000006	0.9999901180565212	0.10105189647988994	0.001971920263947083
305000.00000000006	0.9999917136427457	0.09260970928045906	0.0020060432715593456
310000.0	0.9999930515985646	0.0848769334664814	0.002041511473651031
315000.0	0.9999941735225022	0.07779332219674294	0.0020780877176978176
320000.0	0.9999951142948019	0.07130008285340386	0.002114351691383758
325000.0	0.9999959031656902	0.06534432136675057	0.0021491273394396793
330000.0	0.9999965646628558	0.059881926206764274	0.002182601204928548
335000.00000000006	0.9999971193513701	0.054876253126204595	0.002216195263970311
340000.00000000006	0.9999975844760055	0.05029367124457026	0.002251370083225144
345000.00000000006	0.999997974499217	0.04609942235368437	0.002288363402982732
350000.00000000006	0.9999983015477825	0.042256887403412866	0.0023258810754078845
355000.00000000006	0.9999985757901088	0.03873073811461273	0.0023620195454187396
360000.00000000006	0.9999988057515145	0.03549150674811856	0.0023957623985719242
365000.0	0.9999989985828389	0.03251793087460535	0.0024279209156646024
370000.0	0.9999991602792929	0.02979488500571521	0.002460730698242503
375000.0	0.9999992958670256	0.027307866611294484	0.002496270614683775
380000.0	0.9999994095612948	0.025037745187681124	0.0025347875152200014
385000.0	0.9999995048996132	0.022959769133937706	0.002574212525045079
390000.00000000006	0.9999995848445967	0.021048092070355053	0.002611413035849875
395000.00000000006	0.9999996518800293	0.019283006857316987	0.002644473092420404
400000.00000000006	0.9999997080910831	0.017655640772878987	0.00267440130635181
405000.00000000006	0.9999997552270621	0.01616604517102588	0.0027048546523743234
410000.00000000006	0.9999997947519103	0.014814932712008991	0.002739761009894343
415000.0	0.9999998278945772	0.013594204473153954	0.0027803167289130984
420000.0	0.9999998556866173	0.012483394045318738	0.002823566050763729
425000.0	0.999999878990531	0.011455827748227699	0.0028639365854413374
430000.0	0.999999898531545	0.01049122786612797	0.002897075548720498
435000.0	0.9999999149168318	0.009586114697998263	0.0029234451736183946
440000.0	0.9999999286569454	0.008753896626760571	0.002948861907357915
445000.00000000006	0.9999999401781892	0.00801257261154847	0.0029810031394732314
450000.00000000006	0.999999949839854	0.007366623177446068	0.00302382930181624
455000.00000000006	0.9999999579421709	0.006796282503842281	0.003073832200468581
460000.00000000006	0.999999964736784	0.006264621714677818	0.003121340258122279
465000.00000000006	0.9999999704365088	0.005739331266097519	0.0031568215285584797
470000.0	0.9999999752171971	0.005214202702795887	0.003178266387444115
475000.0	0.9999999792254513	0.004715594660901177	0.0031941643837397242
480000.0	0.999999982584982	0.004286950172531683	0.0032189512653882928
485000.0	0.9999999854007002	0.0039555111900932026	0.003263012989655504
490000.0	0.9999999877600113	0.0037032830256153505	0.0033239181374408395
495000.00000000006	0.999999989739098	0.0034719587908603033	0.0033858645405765915
500000.00000000006	0.9999999913979243	0.003201429412704785	0.003429323892010445
505000.00000000006	0.9999999927885844	0.0028696692518173166	0.003445390149275647
510000.00000000006	0.9999999939535806	0.0025113133201199412	0.0034446703069152245
515000.00000000006	0.9999999949297521	0.0022083742869015185	0.003452830969382612
519999.99999999994	0.9999999957483103	0.0020395070955505795	0.0034936990890574154
525000.0	0.9999999964354434	0.001999141575638221	0.003570569736248995
530000.0	0.9999999970131822	0.0019869273726896785	0.003659749489226549
535000.0	0.9999999974948789	0.0018927091121270008	0.0037236980923518836
540000.0	0.9999999978996381	0.0016627177645987146	0.0037373325607245596
545000.0	0.9999999982432664	0.0013182688107716035	0.0037097430897292775
550000.0	0.9999999985339437	0.0009714120839063342	0.003683712031038407
555000.0	0.999999998780595	0.0008398468552409523	0.0037091827223132393
560000.0	0.99999999899022	0.0009974612333781122	0.0038061620526277295
565000.0000000001	0.9999999991664079	0.0012028095121003912	0.003943624227290484
570000.0000000001	0.9999999993111599	0.0012680585238936763	0.00405371613634568
575000.0000000001	0.9999999994345751	0.001118362006689138	0.004077048214509507
580000.0000000001	0.9999999995371174	0.0007264916430990245	0.004010096327204831
585000.0000000001	0.9999999996212003	nan	0.003918588987188381
590000.0000000001	0.9999999996914267	nan	0.0039000884481781213
595000.0000000001	0.9999999997518394	nan	0.004014923325785744
600000.0000000001	0.9999999998027541	0.000762748684489633	0.004232652948086228
605000.0000000001	0.9999999998489729	0.0009920313391245067	0.004438266013880353
610000.0000000001	0.9999999998850179	0.0009367037010940736	0.004504727638451083
615000.0	0.9999999999124553	0.0005546539687944169	0.004388622614213976
620000.0	0.999999999931425	nan	0.004179592415995892
625000.0	0.9999999999478305	nan	0.00405667518875855
630000.0	0.9999999999633826	nan	0.004167463958609225
635000.0	0.9999999999745484	0.0004358721421970846	0.004508474772077571
640000.0	0.9999999999750273	0.000852972430632756	0.004899114456201261
645000.0	0.9999999999750271	0.0008997425427348903	0.00508715952228004
650000.0	0.999999999975027	0.0006084609436501203	0.004929546973719082
655000.0	0.999999999975027	nan	0.004523502660513299
660000.0	0.9999999999750271	nan	0.004177512164281107
665000.0	0.9999999999750273	nan	0.004214023022198717
670000.0000000001	0.9999999999749457	nan	0.004723814450288906
675000.0000000001	0.9999999999749457	0.0007434290097135036	0.005452033716622346
680000.0000000001	0.9999999999749457	0.0008934144607230983	0.005928838760293801
685000.0000000001	0.9999999999749456	0.0007065197456031873	0.005790644619478834
690000.0000000001	0.9999999999749456	nan	0.005080701059920462
695000.0000000001	0.9999999999753264	nan	0.0042934461620372615
700000.0000000001	0.9999999999850986	nan	0.004079760772382255
705000.0000000001	1.0000000000021911	nan	0.004775592611693342
710000.0000000001	1.0000000000055203	0.0006174997208744286	0.006083324777671015
715000.0000000001	1.0000000000101905	0.000877170052397257	0.00718057481561282
720000.0000000001	1.0000000000256926	0.000789890134399319	0.0072542414344613755
725000.0	1.0000000000325144	0.00021407767676939773	0.006129166526024077
730000.0	1.0000000000336442	nan	0.004524870979477805
735000.0	1.0000000000336442	nan	0.0036720485906923555
740000.0	1.0000000000336442	nan	0.004462432697763058
745000.0	1.0000000000337836	0.0004445759322501755	0.006697567284973521
750000.0	1.0000000000345635	0.0008384426703010986	0.009034186951183914
755000.0	1.000000000050721	0.000847586125469452	0.00980181071594515
760000.0	1.0000000000668867	0.0004826487462626445	0.008228470038104703
765000.0	1.0000000000855456	nan	0.005206993474947403
770000.0	1.0000000000971598	nan	0.0029247610726578664
775000.0000000001	1.0000000001067753	nan	0.003426634621553382
780000.0000000001	1.000000000113985	7.192504590768882e-05	0.007013374599580565
785000.0000000001	1.000000000113985	0.0007722787324554984	0.011677372325099933
790000.0000000001	1.000000000113985	0.000878282888208175	0.014210756323541384
795000.0000000001	1.000000000113985	0.0006385930100858655	0.012450994394510457
800000.0000000001	1.000000000113985	nan	0.007146841501175042
805000.0000000001	1.000000000113985	nan	0.0019358034616532606
810000.0000000001	1.000000000113985	nan	0.001095408559851339
815000.0000000001	1.000000000113985	nan	0.006373075180788999
820000.0000000001	1.000000000113985	0.000674011441463479	0.01515593440630607
825000.0000000001	1.000000000113985	0.000882051896134031	0.02165323433676126
830000.0	1.000000000113985	0.0007472363328265546	0.020759837691585403
835000.0	1.000000000113985	nan	0.012123141083914464
840000.0	1.0000000001171108	nan	0.0013156890080345464
845000.0	1.0000000001251488	nan	-0.003323680913059018
850000.0	1.000000000133064	nan	0.0034254947557201283
855000.0	1.000000000133064	0.0005335873549026467	0.019044546750547963
860000.0	1.000000000133064	0.0008587367211821557	0.03373266146402214
865000.0	1.000000000133064	0.0008216186341144424	0.036588267093485706
870000.0	1.000000000133064	0.00037571861168137556	0.02381459995473016
875000.0	1.000000000133064	nan	0.0029806566656836236
880000.0	1.000000000133064	nan	-0.010644669369774611
885000.0000000001	1.0000000001442957	nan	-0.004346276521131043
890000.0000000001	1.0000000001606208	0.0003128168851163388	0.02175460187245265
895000.0000000001	1.0000000001623448	0.0008074360856586051	0.052300041700216404
900000.0000000001	1.0000000001689056	0.0008664044314506503	0.06565384689146216
905000.0000000001	1.0000000001856857	0.0005701034765696508	0.049447435877458784
910000.0000000001	1.000000000189232	nan	0.011830625170800904
915000.0000000001	1.0000000001950164	nan	-0.020950673985787472
920000.0000000001	1.0000000002010483	nan	-0.021206219901893295
925000.0000000001	1.0000000002095726	nan	0.019206470785883344
930000.0000000001	1.000000000225923	0.0007257758979965031	0.07871161742316991
935000.0	1.0000000002355856	0.0008834672136478784	0.11695755433548749
940000.0	1.0000000002444043	0.0006993396428454488	0.10259537384990045
945000.0	1.0000000002463054	nan	0.0391100804125457
950000.0	1.0000000002463312	nan	-0.031521983536421265
955000.0	1.0000000002481004	nan	-0.053586764609017686
960000.0	1.0000000002481002	nan	0.0024766655328346183
965000.0	1.0000000002507545	0.000607812486129189	0.11185873544243684
970000.0	1.0000000002507718	0.0008733812293933164	0.20370852275410714
975000.0	1.0000000002507718	0.0007895130708668887	0.2077453041391448
980000.0	1.0000000002507718	0.0002201362260884423	0.10885280442078324
985000.0	1.0000000002507718	nan	-0.03187502496636667
990000.0000000001	1.0000000002507718	nan	-0.1095179227685189
995000.0000000001	1.0000000002507718	nan	-0.046048773708932025
1000000.0000000001	1.0000000002507718	0.00043543292983877453	0.14370806392895988
