0.0	0.8963917263298951	22.09670820200914	0.0
5000.0	0.9117850053512518	19.804055873169993	1.1494296333021313e-05
10000.0	0.9251188488888408	17.813278410094114	2.321486798012342e-05
15000.0	0.9365867367738427	16.070949479039495	3.5129056271046344e-05
20000.0	0.9463975690691836	14.535563806032235	4.720690335653554e-05
24999.999999999996	0.9547570111374214	13.174508894134945	5.9421925958166356e-05
30000.0	0.9618576471945085	11.96185298670212	7.175258272558508e-05
35000.0	0.9678743682927944	10.876727706501635	8.41791768076821e-05
40000.0	0.9729628227543521	9.902139854862119	9.668432723489166e-05
45000.00000000001	0.977259607820193	9.024092540787827	0.00010925334178776636
49999.99999999999	0.9808834001418891	8.230930000053	0.00012187749411134765
55000.0	0.9839365409863359	7.5128450225972925	0.00013454138341925534
60000.0	0.9865067881115268	6.861505578682633	0.00014724082676341755
64999.99999999999	0.9886690673969819	6.269769168814723	0.0001599682204327198
70000.0	0.9904871320292181	5.731462506238684	0.00017271681914898858
75000.00000000001	0.9920150828499328	5.241210073029252	0.0001854851560247176
80000.0	0.9932987312200354	4.794299439041601	0.00019826154927990566
85000.00000000001	0.9943768020960726	4.386574744799972	0.00021104933171494825
90000.00000000001	0.9952819843076565	4.014351411215855	0.00022384701917616188
95000.0	0.9960418398722468	3.674347425093372	0.00023665084891119116
100000.00000000001	0.9966795862982252	3.363627413154683	0.00024945519225409653
105000.0	0.9972147663244797	3.0795567568077526	0.0002622578737715106
110000.0	0.9976638190875425	2.8197635626952295	0.0002750690881386616
115000.00000000001	0.9980405657299083	2.5821067014355643	0.00028787977344957224
120000.0	0.9983566212541531	2.36464908369251	0.00030068820392948194
125000.00000000001	0.9986217431280193	2.1656347905844697	0.00031348740629091854
129999.99999999999	0.9988441258742636	1.9834696764928563	0.0003263012197880023
135000.0	0.999030649693462	1.8167040493768807	0.0003391018007037671
140000.0	0.9991870900550764	1.6640184667197988	0.00035190330480233103
145000.00000000003	0.9993182942277983	1.5242104948029842	0.0003646989818969634
150000.00000000003	0.9994283298602302	1.396183649168232	0.00037750032475994063
155000.0	0.9995206099527424	1.2789370917961804	0.00039029803339128
160000.0	0.9995979979226992	1.1715569188811625	0.00040308831531821296
165000.0	0.9996628958974272	1.0732081569030654	0.00041588101311665923
170000.00000000003	0.9997173188780054	0.9831276517867094	0.00042868940804763523
175000.00000000003	0.9997629570295173	0.9006172234615002	0.00044146312654655314
180000.00000000003	0.999801227975698	0.8250387767209715	0.0004542457294441531
185000.0	0.999833320694213	0.7558082482157457	0.00046703183159050503
190000.0	0.9998602323599836	0.692391249954674	0.0004798285617854257
195000.00000000003	0.9998827992625288	0.6342985790208645	0.0004926224397765004
200000.00000000003	0.9999017227436185	0.5810822307038425	0.0005053762618118726
205000.00000000003	0.9999175909650361	0.532332850102419	0.0005181900112467324
210000.0	0.9999308971589423	0.48767437932894414	0.0005309370770614961
215000.0	0.9999420549463777	0.44676377958869157	0.0005437303572915661
220000.0	0.9999514111824795	0.4092860173220925	0.0005565295936642743
225000.00000000003	0.999959256732393	0.37495255577139175	0.000569273843429211
230000.00000000003	0.9999658355044783	0.3434997895613546	0.0005820324901363125
235000.0	0.9999713520287244	0.31468602494520964	0.0005948317184397739
240000.0	0.9999759778163682	0.28828957879313355	0.0006076363314194909
245000.0	0.999979856688399	0.26410743289116007	0.0006204159959145413
250000.00000000003	0.999983109243818	0.24195376934746943	0.0006331690560023251
255000.00000000003	0.9999858366113888	0.22165845478955076	0.0006459103087827676
259999.99999999997	0.9999881235906088	0.20306564322562243	0.0006586554325314222
265000.0	0.9999900412893391	0.1860325409072993	0.0006714138276970113
270000.0	0.9999916493363071	0.17042830759736946	0.0006841881095714423
275000.0	0.9999929977307583	0.15613306240950142	0.0006969762206643688
280000.0	0.9999941283986572	0.14303697380104013	0.0007097737336338167
285000.00000000006	0.9999950764952963	0.13103942292005344	0.0007225755029918729
290000.00000000006	0.9999958714993474	0.12004823416448082	0.0007353766201439425
295000.00000000006	0.9999965381324368	0.1099789682394386	0.0007481728749356006
300000.00000000006	0.9999970971232256	0.10075427348683859	0.0007609609337822094
305000.00000000006	0.9999975658516193	0.09230329123557736	0.0007737383815699557
310000.0	0.9999979588944727	0.08456111093007707	0.000786503712906102
315000.0	0.9999982884727087	0.07746827106335086	0.0007992563135708437
320000.0	0.9999985648323769	0.07097030215954342	0.0008119964456210639
325000.0	0.9999987965664477	0.06501730804411214	0.0008247252350618696
330000.0	0.999998990881677	0.059563582338845095	0.000837444653347739
335000.00000000006	0.9999991538191327	0.054567257079204914	0.0008501574811784097
340000.00000000006	0.9999992904488915	0.049989980661902626	0.0008628672419486429
345000.00000000006	0.9999994050139823	0.045796622549923546	0.0008755780951627317
350000.00000000006	0.9999995010770371	0.04195500258413526	0.0008882946801321006
355000.00000000006	0.9999995816267883	0.03843564264902294	0.0009010219071599022
360000.00000000006	0.9999996491682677	0.0352115388283395	0.0009137646944687602
365000.0	0.9999997058029954	0.0322579523896041	0.0009265276569385718
370000.0	0.9999997532924773	0.029552218041997688	0.0009393147555751999
375000.0	0.999999793115697	0.02707356794567953	0.0009521289247021691
380000.0	0.9999998265113269	0.024802970470642272	0.0009649716970900698
385000.0	0.9999998545150477	0.022722982444458063	0.000977842854800805
390000.00000000006	0.9999998779959335	0.020817613807966467	0.000990740133711068
395000.00000000006	0.9999998976855168	0.01907220424249982	0.001003659014969328
400000.00000000006	0.999999914198305	0.01747331031980954	0.001016592635577856
405000.00000000006	0.9999999280446435	0.016008602980206194	0.0010295318482440485
410000.00000000006	0.9999999396560502	0.014666774563031832	0.001042465454069678
415000.0	0.9999999493911791	0.01343745421461707	0.0010553806278064187
420000.0	0.9999999575535871	0.012311132098897547	0.0010682635407955484
425000.0	0.9999999643975203	0.011279090659773316	0.0010811001746685778
430000.0	0.999999970137369	0.010333342446369713	0.0010938773046317949
435000.0	0.9999999749512439	0.009466575248853176	0.0011065836146001808
440000.0	0.9999999789874499	0.008672100700005762	0.0011192108864770437
445000.00000000006	0.9999999823716349	0.007943809798906541	0.0011317551918125072
450000.00000000006	0.999999985208859	0.007276129812333781	0.0011442180022686215
455000.00000000006	0.9999999875875023	0.006663986840515789	0.0011566071183139405
460000.00000000006	0.9999999895820779	0.006102767337518109	0.0011689373155150415
465000.00000000006	0.9999999912551777	0.005588284994061841	0.0011812306097251945
470000.0	0.9999999926592692	0.005116745099219932	0.0011935160435292233
475000.0	0.9999999938368894	0.004684710924536816	0.001205828920490035
480000.0	0.9999999948229215	0.0042890693838512125	0.0012182094369469992
485000.0	0.999999995651182	0.003926995438912181	0.0012307006969652166
490000.0	0.9999999963446142	0.003595917535534345	0.0012433461368843376
495000.00000000006	0.9999999969235572	0.0032934807263788855	0.0012561864323797718
500000.00000000006	0.9999999974095065	0.0030175100150881375	0.001269256018061711
505000.00000000006	0.9999999978184163	0.0027659746867241927	0.0012825793967362062
510000.00000000006	0.9999999981622169	0.0025369548810386133	0.0012961674714976254
515000.00000000006	0.9999999984494886	0.0023286099840078875	0.001310014171189829
519999.99999999994	0.9999999986895821	0.002139152488618897	0.0013240936728161398
525000.0	0.9999999988897379	0.0019668298823687508	0.0013383585383436713
530000.0	0.999999999053193	0.0018099125356656513	0.0013527390805974304
535000.0	0.9999999991897345	0.0016666943061387051	0.001367144231710589
540000.0	0.9999999993046389	0.0015354990261503996	0.0013814641461229826
545000.0	0.9999999994020302	0.0014147019013691462	0.001395574694547131
550000.0	0.999999999489046	0.0013027503194210119	0.001409343835260252
555000.0	0.9999999995614866	0.0011981954985660459	0.00142263981840619
560000.0	0.9999999996262303	0.0010997204442829936	0.0014353409301842144
565000.0000000001	0.9999999996829073	0.0010061678048059522	0.0014473463771339852
570000.0000000001	0.9999999997310702	0.000916566470160271	0.0014585877330004625
575000.0000000001	0.9999999997676486	0.000830141111649814	0.0014690401877747066
580000.0000000001	0.9999999997972572	0.0007463363793963558	0.0014787328164090287
585000.0000000001	0.9999999998187021	0.0006648156172940861	0.0014877568592169153
590000.0000000001	0.9999999998371287	0.0005854845766017262	0.0014962710257821709
595000.0000000001	0.9999999998550763	0.000508503741999892	0.0015045029187387
600000.0000000001	0.9999999998716012	0.0004343417666519628	0.0015127456817003275
605000.0000000001	0.9999999998817435	0.0003638828953528364	0.0015213492136741007
610000.0000000001	0.9999999998859461	0.00029863776865289533	0.001530705628119484
615000.0	0.999999999888281	0.00024122543022805562	0.00154122876299097
620000.0	0.9999999998883108	0.00019607446665375665	0.0015533282275398813
625000.0	0.9999999998883108	0.00016959177125077545	0.001567378807317481
630000.0	0.9999999998883108	0.00016651869522928367	0.0015836865610141136
635000.0	0.9999999998883108	0.00018369034741352308	0.0016024534948499373
640000.0	0.9999999998883108	0.0002122516314427121	0.0016237430618797997
645000.0	0.9999999998883108	0.0002445595825197785	0.0016474492481562387
650000.0	0.9999999998883108	0.00027596838186718525	0.0016732721257125837
655000.0	0.9999999998883108	0.0003038138854729667	0.0017007029481917644
660000.0	0.9999999998883108	0.00032648107757007053	0.0017290216986566682
665000.0	0.9999999998883108	0.00034291635428295526	0.0017573096350681702
670000.0000000001	0.9999999998883108	0.0003523717364451907	0.0017844788129225426
675000.0000000001	0.9999999998883108	0.0003542780013615604	0.001809319688635949
680000.0000000001	0.9999999998883108	0.0003481502174510604	0.001830566733826555
685000.0000000001	0.9999999998883108	0.00033349889305207657	0.0018469808025758916
690000.0000000001	0.9999999998883108	0.0003096786604163559	0.001857445334677938
695000.0000000001	0.9999999998883108	0.0002755930547559321	0.0018610721006710146
700000.0000000001	0.9999999998883108	0.0002288798199822509	0.001857310521265874
705000.0000000001	0.9999999998883108	0.0001626724482672456	0.0018460532944660573
710000.0000000001	0.9999999998883108	nan	0.0018277298892908542
715000.0000000001	0.9999999998883108	nan	0.0018033787324514701
720000.0000000001	0.9999999998883108	nan	0.0017746887707571011
725000.0	0.9999999998883108	nan	0.0017440014914416897
730000.0	0.9999999998883108	nan	0.0017142656956014768
735000.0	0.9999999998883108	nan	0.0016889392726542444
740000.0	0.9999999998883108	nan	0.0016718350717866612
745000.0	0.9999999998883108	nan	0.0016669113908422022
750000.0	0.9999999998883108	nan	0.0016780118390956101
755000.0	0.9999999998883108	nan	0.0017085638846091988
760000.0	0.9999999998883108	nan	0.0017612502594390401
765000.0	0.9999999998883108	nan	0.0018376721518675245
770000.0	0.9999999998819067	nan	0.001938026907634009
775000.0000000001	0.9999999998726276	0.00010158112589927496	0.0020608276276949753
780000.0000000001	0.9999999998683129	0.00018823530779857168	0.0022026912870194496
785000.0000000001	0.9999999998683129	0.0002418456081638744	0.002358225962229373
790000.0000000001	0.9999999998598328	0.0002794879899850595	0.002520044205748977
795000.0000000001	0.9999999998561698	0.00030518317824617964	0.002678923916376535
800000.0000000001	0.9999999998561698	0.00032040522229830087	0.0028241357059517243
805000.0000000001	0.9999999998561698	0.00032575240907330497	0.0029439435655498917
810000.0000000001	0.9999999998561698	0.00032138993185796774	0.0030262743769694416
815000.0000000001	0.9999999998561698	0.00030717584567375696	0.0030595417164536723
820000.0000000001	0.9999999998561698	0.00028255264431665183	0.003033591506251348
825000.0000000001	0.9999999998561698	0.0002461534697913762	0.0029407247182228037
830000.0	0.9999999998561698	0.00019431558080088178	0.0027767365800891414
835000.0	0.9999999998561698	0.00011267548109351374	0.0025418998760538504
840000.0	0.9999999998561698	nan	0.002241809573035152
845000.0	0.9999999998561698	nan	0.0018880004872295776
850000.0	0.9999999998561698	nan	0.001498249873416704
855000.0	0.9999999998561698	nan	0.0010964826252610538
860000.0	0.9999999998517812	nan	0.0007122093219345761
865000.0	0.9999999998289024	nan	0.0003794494339867801
870000.0	0.9999999998275141	nan	0.00013512132958170512
875000.0	0.9999999998267682	nan	1.6910046076536875e-05
880000.0	0.9999999998267682	nan	6.0672653132389065e-05
885000.0000000001	0.9999999998138994	nan	0.00029748153313409264
890000.0000000001	0.9999999998065489	nan	0.0007504528955863721
895000.0000000001	0.9999999998061309	nan	0.0014315471761338666
900000.0000000001	0.9999999997964508	nan	0.002338577678146448
905000.0000000001	0.9999999997941672	0.00012894808813551948	0.0034526816855846563
910000.0000000001	0.9999999997741794	0.00020352789037734616	0.004736529770893991
915000.0000000001	0.9999999997713871	0.00025250923921960294	0.006133547369913766
920000.0000000001	0.9999999997713871	0.00028690859814821585	0.007568397601818138
925000.0000000001	0.9999999997713871	0.00030981985773986977	0.008948941355619047
930000.0000000001	0.9999999997713871	0.00032243606978956286	0.010169800546343881
935000.0	0.9999999997713871	0.00032522724995017436	0.011117578108516407
940000.0	0.9999999997713871	0.00031828585345209883	0.011677665422617433
945000.0	0.9999999997713871	0.0003013760505109352	0.011742441882002288
950000.0	0.9999999997713871	0.00027378991347757047	0.011220529627766146
955000.0	0.9999999997713871	0.0002337640974489417	0.010046632903601338
960000.0	0.9999999997713871	0.0001763244124722714	0.008191346021347003
965000.0	0.9999999997713871	7.541774600703146e-05	0.00567022107662818
970000.0	0.9999999997713871	nan	0.0025512881960679974
975000.0	0.9999999997713871	nan	-0.0010397981345393664
980000.0	0.9999999997713871	nan	-0.004917822327754242
985000.0	0.9999999997713871	nan	-0.00884002133046362
990000.0000000001	0.9999999997713871	nan	-0.01251265328820913
995000.0000000001	0.9999999997715593	nan	-0.015602533364873392
1000000.0000000001	0.9999999997715593	nan	-0.017753645385836077
