0.0	0.3641889236734647	152.2756447304787	0.0
5000.0	0.18993352308575437	125.25884991351525	8.348074613474504e-06
10000.0	0.15793795692205603	64.0739702770709	1.551184025952003e-05
15000.0	0.25481930889002363	30.7119696811698	2.299026694817026e-05
20000.0	0.36502940650549487	19.071024872416796	3.193601168545183e-05
24999.999999999996	0.4637169027654985	13.636452898497355	4.4328438290515683e-05
30000.0	0.54851173607666	10.528293248581967	6.225599983438536e-05
35000.0	0.6204649662295538	8.516691719101848	8.739592714899966e-05
40000.0	0.6812094420012289	7.104593725078339	0.00012070753671718255
45000.00000000001	0.7323622020911518	6.055189145520433	0.000162604579039608
49999.99999999999	0.7753776399426521	5.241916630466817	0.0002129496090401624
55000.0	0.8115197262664269	4.591192159914493	0.00027132328826238094
60000.0	0.8418702893689158	4.057390582181855	0.0003367274789417998
64999.99999999999	0.867348082901589	3.6107492013532916	0.0004092822566804962
70000.0	0.8887299748171084	3.2310329239762536	0.0004872682855134838
75000.00000000001	0.906671143058472	2.9040057730032287	0.0005705078633526448
80000.0	0.9217232223553568	2.6193541165350265	0.000658630575834059
85000.00000000001	0.9343501593084061	2.3694142876753412	0.0007504269863491697
90000.00000000001	0.9449418585996123	2.148363539449964	0.0008446182744066611
95000.0	0.9538258261027136	1.9516914094854385	0.0009431370505454953
100000.00000000001	0.9612770497824131	1.7758354163788899	0.001043277887878225
105000.0	0.9675263561865366	1.6179405711165589	0.001145406627231553
110000.0	0.9727674614390036	1.4756816918651734	0.001249107072684503
115000.00000000001	0.9771629112584771	1.3471401331204154	0.0013532047664332374
120000.0	0.9808490794489405	1.2307144262512029	0.0014593217415840233
125000.00000000001	0.983940370699901	1.1250497095365468	0.001566462448717714
129999.99999999999	0.9865327522626977	1.0289895902667738	0.0016746868707745901
135000.0	0.9887067203491977	0.9415385620611936	0.0017842473342864996
140000.0	0.9905297908857656	0.8618312746044258	0.001895441567858224
145000.00000000003	0.9920585903482423	0.7891065153502145	0.002003528593678834
150000.00000000003	0.9933406105351505	0.7227017785796002	0.0021144197115812234
155000.0	0.9944156810560939	0.6620254872831134	0.0022265060576717134
160000.0	0.9953172047914792	0.6065498741151965	0.0023381069044201325
165000.0	0.9960731943720714	0.5558068881111978	0.0024521097161627095
170000.00000000003	0.9967071416529452	0.5093662290378234	0.002558767525169065
175000.00000000003	0.997238747049489	0.46686297882756117	0.0026773437860323915
180000.00000000003	0.9976845312790736	0.42793888169584215	0.0027898337778724538
185000.0	0.9980583484539514	0.39228877030862397	0.0029025405215107798
190000.0	0.9983718164127483	0.35962453801338684	0.003009053150267545
195000.00000000003	0.9986346776340493	0.32970511315595	0.003125809146261041
200000.00000000003	0.9988551019148341	0.3022871005858829	0.00323891135786334
205000.00000000003	0.9990399402136855	0.27714906494515923	0.003343593111989974
210000.0	0.9991949375287107	0.25411953178564434	0.0034618594814369305
215000.0	0.9993249114187042	0.23300367963584126	0.0035714932085930966
220000.0	0.9994339017145958	0.21365797196195396	0.0036915476773820197
225000.00000000003	0.9995252960668521	0.19591456571578106	0.0038043210946470934
230000.00000000003	0.9996019352251687	0.17963630399641536	0.0039081034699246725
235000.0	0.9996662013275935	0.1647228797530589	0.004019628343479539
240000.0	0.9997200919360065	0.1510452092846792	0.004130516499121328
245000.0	0.9997652821203794	0.13851766959297904	0.004258927662927104
250000.00000000003	0.9998031765227402	0.1270156394039276	0.004360990534903766
255000.00000000003	0.9998349530141406	0.11649049367201053	0.004494782411762918
259999.99999999997	0.9998615993051644	0.10682079063736408	0.004607652113662046
265000.0	0.9998839436461521	0.09795605029200356	0.004720827497984471
270000.0	0.9999026805705911	0.08983447935987109	0.004840121721122802
275000.0	0.999918392482221	0.08238316354419056	0.004951592939556208
280000.0	0.9999315677579587	0.07552556554299814	0.005038543542173189
284999.99999999994	0.9999426159281382	0.06924895945530604	0.005150946003281467
290000.00000000006	0.9999518804062618	0.06354082041749336	0.0053049609105101075
294999.99999999994	0.9999596491643676	0.05823498165826377	0.005374284215038241
300000.00000000006	0.999966163681124	0.05341787086267739	0.005518346896259575
304999.99999999994	0.9999716264487836	0.048990313392031325	0.005622822136701221
310000.0	0.9999762072698217	0.044908485235985014	0.005734841322027936
315000.0	0.9999800485324593	0.04120550866743494	0.0058584700569630005
320000.0	0.9999832696337392	0.03776568294338047	0.005969199481026372
325000.0	0.9999859706975115	0.03464346237083671	0.006076419475034817
330000.0	0.9999882356820788	0.03177781053907947	0.006224186272696474
334999.99999999994	0.9999901349907296	0.02910422637424162	0.006277531444397388
340000.00000000006	0.9999917276630197	0.02676058264319533	0.006490635686962414
344999.99999999994	0.9999930632043587	0.024438420689388805	0.006485660583419496
350000.00000000006	0.999994183126869	0.02252883631863872	0.006729442048150094
354999.99999999994	0.9999951222406684	0.02055328731524848	0.006749063232355977
360000.00000000006	0.9999959097387305	0.018908493938491335	0.006901103751381571
365000.0	0.9999965700975868	0.01735598456258611	0.007076393907562379
370000.0	0.9999971238429501	0.015811800526644066	0.007048702188279414
375000.0	0.9999975881874433	0.014671881601124521	0.007370785576039756
380000.0	0.9999979775640798	0.013267656831826844	0.007301418733596607
385000.0	0.9999983040772066	0.012296019384582062	0.0075206143523030445
389999.99999999994	0.999998577875932	0.01127112723911919	0.007696446031113893
395000.00000000006	0.9999988074705463	0.010189231957479365	0.007606691719188679
399999.99999999994	0.9999989999996963	0.009605733621341234	0.008039507463381232
405000.00000000006	0.9999991614460436	0.00852525537937889	0.007878943983822596
409999.99999999994	0.9999992968270699	0.007998005931515619	0.00813155091867496
415000.0	0.9999994103518597	0.0073627224646195455	0.008379939948458323
420000.0	0.999999505550261	0.006486367429982841	0.008147794292829684
425000.0	0.9999995853802978	0.006364806778247548	0.008753174539866453
430000.0	0.9999996523229243	0.0054330299065595555	0.008497910389316049
435000.0	0.999999708458925	0.0051797987669213175	0.008726465108404387
440000.0	0.999999755532675	0.0048962590682492995	0.009158369863581461
444999.99999999994	0.9999997950066158	0.003992736332552139	0.008674203456628332
450000.00000000006	0.9999998281073793	0.004311898495047877	0.009518719404141042
454999.99999999994	0.9999998558653073	0.0034285946649591495	0.009197272013171
460000.00000000006	0.9999998791435704	0.0032791090626404563	0.00928961301613045
464999.99999999994	0.9999998986629347	0.0034019034931377424	0.010075051208241589
470000.0	0.9999999150309882	0.00221797313559041	0.009200703379236851
475000.0	0.9999999287578247	0.003017477765783354	0.010334722262354303
480000.0	0.9999999402692933	0.0021755965193432023	0.010044239711255305
485000.0	0.9999999499236057	0.0018876037503585818	0.009798252065285404
490000.0	0.9999999580184638	0.0025633445791638674	0.011186460591603132
494999.99999999994	0.9999999648071254	0.0006167786332509581	0.009765190573679854
500000.00000000006	0.9999999704987241	0.0021795441598488996	0.011185930586787478
504999.99999999994	0.9999999752694093	0.0014995556466197437	0.011146537451347966
510000.00000000006	0.9999999792687705	0.0004193880065798174	0.010225931060563511
514999.99999999994	0.9999999826228766	0.002135826507917563	0.01256020285595182
519999.99999999994	0.9999999854363995	nan	0.010448886267497017
525000.0	0.9999999877960755	0.0015772078794257837	0.012033390832938723
530000.0	0.9999999897730559	0.0012874122426254726	0.012669342858064064
535000.0	0.9999999914303576	nan	0.010552134008383994
540000.0	0.9999999928191845	0.0019202834596575083	0.014267092621187517
545000.0	0.9999999939823471	nan	0.011409817346802536
550000.0	0.9999999949580887	0.0010339413883707304	0.0128014399756146
555000.0	0.999999995774297	0.0013471006063283618	0.014854128797750811
560000.0	0.9999999964564134	nan	0.010785804016217579
565000.0000000001	0.9999999970264194	0.0017800046218898048	0.016363281964191075
570000.0000000001	0.9999999975051554	nan	0.012932635350082726
575000.0000000001	0.999999997906844	6.167886787480349e-05	0.01336686616487394
580000.0000000001	0.9999999982459534	0.0014866221913811938	0.018036181072816126
585000.0000000001	0.9999999985327943	nan	0.011012123095941621
590000.0000000001	0.9999999987759939	0.0016394012516080718	0.018858559329067083
595000.0000000001	0.9999999989808876	nan	0.015502551902954924
600000.0000000001	0.9999999991523485	nan	0.013552920468456697
605000.0000000001	0.9999999992962729	0.00161445661779027	0.02265491115139308
610000.0000000001	0.9999999994161575	nan	0.011478448674444818
615000.0	0.9999999995167892	0.001459474543796003	0.021664024417535194
620000.0	0.9999999996012736	nan	0.019906083049641997
625000.0	0.9999999996740401	nan	0.013146090848724975
630000.0	0.9999999997374222	0.0016995581994254756	0.029242899999782135
635000.0	0.9999999997921519	nan	0.012742803905004168
640000.0	0.9999999998394037	0.0012131516664095345	0.024516662045918947
645000.0	0.9999999998784062	0.0007324860428038773	0.02736031095556297
650000.0	0.9999999999092869	nan	0.011960749425869312
655000.0	0.9999999999357926	0.001731965437703482	0.038374853064925815
660000.0	0.9999999999582447	nan	0.015915335549330806
665000.0	0.9999999999769048	0.0008553542257733862	0.026882947768313677
670000.0000000001	0.9999999999928729	0.0011275890394815001	0.039664060575348874
675000.0000000001	1.0000000000071962	nan	0.00999819297462339
680000.0000000001	1.0000000000222071	0.001707888341079276	0.0505475435063007
685000.0000000001	1.0000000000365108	nan	0.023031946154528835
690000.0000000001	1.0000000000506437	nan	0.027858453726612126
695000.0000000001	1.0000000000649476	0.001387806632790072	0.05935006033290625
700000.0000000001	1.000000000079252	nan	0.007775783750858924
705000.0000000001	1.000000000088677	0.001624550658754639	0.06595291937179938
710000.0000000001	1.000000000091857	nan	0.03760506775605422
715000.0000000001	1.0000000001006948	nan	0.026108834940721408
720000.0000000001	1.0000000001116578	0.001565724034989722	0.0897938000421523
725000.0	1.000000000116838	nan	0.006943794140373493
730000.0	1.0000000001217244	0.0014774394453413201	0.0841015342737098
735000.0	1.0000000001313984	nan	0.06539560584315725
740000.0	1.0000000001406864	nan	0.01995115651846861
745000.0	1.0000000001517937	0.0016763966751034507	0.1351995795607108
750000.0	1.000000000156046	nan	0.011363672092712988
755000.0	1.0000000001585123	0.0012561691514891954	0.10325979043962999
760000.0	1.0000000001691451	0.0006094843634486172	0.11543909543713017
765000.0	1.0000000001764064	nan	0.007764421354709962
770000.0	1.0000000001785179	0.001725459852241059	0.20033735888049595
775000.0000000001	1.0000000001785179	nan	0.028893183261235238
780000.0000000001	1.0000000001785174	0.0009303234162107924	0.11969641883575982
785000.0000000001	1.0000000001801275	0.0010618356443441515	0.20133296587906027
790000.0000000001	1.0000000001801959	nan	-0.010931726794320688
795000.0000000001	1.000000000186009	0.0017147919880538727	0.2898447737034578
800000.0000000001	1.000000000188503	nan	0.07421325381253036
805000.0000000001	1.000000000188503	0.0003066497748635962	0.12681585471253798
810000.0000000001	1.000000000188503	0.0013440105715837875	0.34275933812654824
815000.0000000001	1.0000000001885032	nan	-0.033157118895990136
820000.0000000001	1.0000000001885032	0.0016439637139175989	0.4068415590020781
825000.0000000001	1.0000000001885407	nan	0.17315566965001897
830000.0	1.0000000001890648	nan	0.1144294778214774
835000.0	1.0000000001908678	0.001536732797981567	0.567205575095785
840000.0	1.0000000001929812	nan	-0.047971719879033294
845000.0	1.0000000001931626	0.0015098976675591623	0.5505261555367501
850000.0	1.0000000001931624	nan	0.3692108442350905
855000.0	1.0000000001931624	nan	0.06876438566906556
860000.0	1.0000000001931628	0.0016598273161240393	0.9119328697281054
865000.0	1.0000000001970442	nan	-0.02828452976249308
870000.0	1.0000000001994411	0.0013042149083466023	0.71232041647588
875000.0	1.0000000002046951	0.00047280486008176916	0.7334439849208109
880000.0	1.000000000215303	nan	-0.025524855776566314
885000.0000000001	1.0000000002154243	0.0017204280447396887	1.4266329914780065
890000.0000000001	1.0000000002154241	nan	0.08353862592957283
895000.0000000001	1.0000000002154241	0.001002896616608793	0.8699263789643794
900000.0000000001	1.0000000002185143	0.0009941995237029583	1.380622586916689
905000.0000000001	1.0000000002320781	nan	-0.1787798906954453
910000.0000000001	1.0000000002433358	0.0017210693929846507	2.1784035024185724
915000.0000000001	1.0000000002453704	nan	0.4008827698489719
920000.0000000001	1.0000000002453704	0.0004917928890618067	0.9781417294998468
925000.0000000001	1.0000000002453704	0.001298292741677809	2.4990974979778775
930000.0000000001	1.0000000002453706	nan	-0.3800059443186748
935000.0	1.0000000002453706	0.0016617806474650255	3.2641787587011706
940000.0	1.0000000002453704	nan	1.139120181652969
945000.0	1.0000000002453704	nan	0.9537297541342686
950000.0	1.0000000002453706	0.0015057280410737575	4.4169470737065275
955000.0	1.0000000002444613	nan	-0.5596918512533857
960000.0	1.0000000002444613	0.0015401080319612053	4.847325005801357
965000.0	1.0000000002435814	nan	2.7106897587797527
970000.0	1.0000000002435816	nan	0.6464730009784232
975000.0	1.0000000002434757	0.0016412147896775482	7.779484675381631
980000.0	1.0000000002434757	nan	-0.504750843916708
985000.0	1.0000000002434752	0.0013490839373202414	7.2830952799314215
990000.0000000001	1.0000000002434752	0.000274945604318413	5.959043059435181
995000.0000000001	1.0000000002434755	nan	-0.23197241118921316
1000000.0000000001	1.0000000002434757	0.0017133305665453257	14.13596159439148
