0.0	1.576433516317663	151.88396691533788	0.0
5000.0	1.2171570739264372	145.9969265797622	1.0659964361560661e-05
10000.0	0.9281302124064191	137.78765784597036	1.8703212113132665e-05
15000.0	0.7070544010216286	126.10654854630694	2.6039399195264324e-05
20000.0	0.5563302768989614	109.8545381698033	3.326115596381317e-05
24999.999999999996	0.4792921556452123	89.71370108189988	4.051610708324458e-05
30000.0	0.4683072488802174	69.62005102917041	4.780511895275737e-05
35000.0	0.5004565654841977	53.458137795466676	5.509889704646542e-05
40000.0	0.5519810850836356	41.848350470765844	6.238486547565573e-05
45000.00000000001	0.608238494294707	33.67794517077691	6.966572394838786e-05
49999.99999999999	0.6622875820308219	27.80255793129447	7.694818217723812e-05
55000.0	0.711348187927401	23.435825620491563	8.423789492279947e-05
60000.0	0.7546035649907079	20.082803561214085	9.15383823962241e-05
64999.99999999999	0.7921184546989388	17.43304033304414	9.8851340037295e-05
70000.0	0.8243306008252352	15.287333821871131	0.00010617710592926769
75000.00000000001	0.8518116311527523	13.514004434624852	0.00011351514121488064
80000.0	0.8751545438261166	12.023343794165557	0.00012086438737287946
85000.00000000001	0.8949220881060275	10.752483563567704	0.00012822352487426865
90000.00000000001	0.9116250950984944	9.656211326583133	0.00013559136612781896
95000.0	0.925715698216166	8.70124054942299	0.00014296636457575908
100000.00000000001	0.9375878823658564	7.862537453357213	0.00015034747395824532
105000.0	0.9475814739081381	7.1209057885112585	0.00015773363783193998
110000.0	0.9559875453380451	6.461361384374014	0.0001651236584431379
115000.00000000001	0.9630541803510677	5.872014913515711	0.00017251694483803387
120000.0	0.968992063589627	5.3432891085626	0.00017991258320349793
125000.00000000001	0.9739796400767612	4.867360877518358	0.00018731025295355005
129999.99999999999	0.9781677418676115	4.437757333586591	0.00019470913436698547
135000.0	0.9816836614660108	4.04905917787161	0.00020210892433376334
140000.0	0.9846346942225046	3.6966799359288776	0.00020950941642922956
145000.00000000003	0.9871111925036943	3.376699667203673	0.00021691034747853806
150000.00000000003	0.9891891825890705	3.085738248507257	0.00022431143583169508
155000.0	0.9909325966074678	2.820857738968645	0.00023171211999841853
160000.0	0.992395169543565	2.57948641163348	0.0002391132729356248
165000.0	0.9936220472815102	2.359358828490345	0.0002465137964852865
170000.00000000003	0.9946511468640334	2.1584684094997963	0.00025391397425465095
175000.00000000003	0.9955143052817812	1.9750292050394758	0.00026131353018478523
180000.00000000003	0.9962382483970784	1.8074449879094507	0.00026871306080945693
185000.0	0.996845407311309	1.6542838482941649	0.0002761116812110965
190000.0	0.9973546056152817	1.5142573569302888	0.0002835108057566415
195000.00000000003	0.9977816375519535	1.3862029205898883	0.00029090882368810924
200000.00000000003	0.9981397541328335	1.2690692209501198	0.00029830604101621936
205000.00000000003	0.9984400716683093	1.1619036675200793	0.00030570334025166625
210000.0	0.9986919149774749	1.0638416291543724	0.0003131003905107125
215000.0	0.9989031056200693	0.9740972403664339	0.00032049672921913004
220000.0	0.9990802038992936	0.8919553892948097	0.0003278926920625427
225000.00000000003	0.9992287120099583	0.8167646438180917	0.00033528777989268025
230000.00000000003	0.9993532445330565	0.7479311387097887	0.000342682754203456
235000.0	0.999457671510225	0.6849130217615448	0.00035007746115879666
240000.0	0.9995452384889513	0.6272156570398056	0.00035747232722914695
245000.0	0.9996186672380557	0.5743872023213609	0.00036486600057151884
250000.00000000003	0.9996802402364098	0.5260148920867247	0.0003722610654498819
255000.00000000003	0.999731871546729	0.48172118502937183	0.0003796527241507788
259999.99999999997	0.9997751662636323	0.441161211986807	0.0003870472397459964
265000.0	0.9998114703664222	0.4040192358810696	0.000394440768170106
270000.0	0.9998419125452164	0.37000651629955333	0.0004018327431649832
275000.0	0.9998674392690229	0.33885894059291677	0.00040922518567475507
280000.0	0.9998888442012085	0.31033484375733933	0.0004166205461435382
285000.00000000006	0.9999067928627847	0.28421265312246496	0.0004240095365102671
290000.00000000006	0.9999218433305448	0.2602902779908795	0.00043140549608539747
295000.00000000006	0.9999344635712031	0.23838188292139337	0.00043879507502718435
300000.00000000006	0.9999450459887	0.21831800461635395	0.0004461859564993191
305000.00000000006	0.9999539196332536	0.19994333907266448	0.0004535814895157115
310000.0	0.9999613604194518	0.18311536861075367	0.0004609741056584398
315000.0	0.9999675997147072	0.1677038068768163	0.00046836303150694957
320000.0	0.9999728315282033	0.15358948284645346	0.00047575186150795824
325000.0	0.9999772185403437	0.14066322852323443	0.0004831427154271143
330000.0	0.9999808971619627	0.12882501305619662	0.000490535502469141
335000.00000000006	0.999983981780414	0.11798320945018287	0.0004979292570009906
340000.00000000006	0.9999865683122353	0.1080539120831998	0.00050532310099471
345000.00000000006	0.9999887371861852	0.09896029281769719	0.000512716526426104
350000.00000000006	0.9999905558436294	0.0906320023837331	0.000520109340675887
355000.00000000006	0.9999920808318871	0.08300462043700066	0.0005275015374060406
360000.00000000006	0.9999933595720102	0.07601915306458748	0.0005348931925955545
365000.0	0.9999944318255819	0.06962157381161005	0.0005422844048805197
370000.0	0.9999953309374976	0.06376240441756334	0.000549675265929294
375000.0	0.9999960848641145	0.058396331441457734	0.0005570658511482643
380000.0	0.9999967170512001	0.05348185537097027	0.0005644562169288681
385000.0	0.999997247157864	0.04898096954854121	0.0005718464033702833
390000.00000000006	0.999997691668292	0.04485886605882443	0.000579236437314409
395000.00000000006	0.9999980644028391	0.04108366653009715	0.0005866263356144781
400000.00000000006	0.9999983769524978	0.037626175514080776	0.0005940161067766412
405000.00000000006	0.9999986390322011	0.03445965463666737	0.0006014057541273858
410000.00000000006	0.9999988587907302	0.031559615853484824	0.0006087952758235115
415000.0	0.9999990430625378	0.028903631978548547	0.0006161846659521609
420000.0	0.9999991975792274	0.026471163249025115	0.0006235739154829458
425000.0	0.9999993271444719	0.024243398422656253	0.0006309630132081709
430000.0	0.9999994357886989	0.02220310943157095	0.0006383519449606755
435000.0	0.9999995268891059	0.02033451790721225	0.0006457406948279108
440000.0	0.9999996032786399	0.018623173346629454	0.000653129244622895
445000.00000000006	0.9999996673316646	0.01705584123720562	0.0006605175741896698
450000.00000000006	0.9999997210397948	0.015620400722900609	0.0006679056609238969
455000.00000000006	0.999999766077137	0.014305751002064859	0.0006752934787815697
460000.00000000006	0.9999998038406006	0.01310172521616341	0.0006826810012160545
465000.00000000006	0.9999998355051515	0.011999012119477799	0.0006900681980264102
470000.0	0.9999998620574473	0.010989083862354613	0.0006974550358690055
475000.0	0.9999998843245815	0.010064129954291028	0.0007048414784869782
480000.0	0.9999999029957488	0.009216997110384446	0.0007122274876235078
485000.0	0.9999999186531352	0.008441134101106832	0.0007196130205672675
490000.0	0.999999931782704	0.007730540290267652	0.0007269980313961362
495000.00000000006	0.999999942791598	0.007079720169384645	0.0007343824705960433
500000.00000000006	0.9999999520202012	0.006483640156407409	0.0007417662853070468
505000.00000000006	0.9999999597591711	0.005937690224145352	0.0007491494154875121
510000.00000000006	0.9999999662499248	0.005437647758849755	0.0007565317975668528
515000.00000000006	0.9999999716962219	0.0049796452413416875	0.0007639133623038607
519999.99999999994	0.999999976262683	0.004560140439119795	0.0007712938891346644
525000.0	0.9999999800888635	0.004175888685365721	0.0007786732046854402
530000.0	0.9999999832917372	0.0038239180608435354	0.0007860514740078928
535000.0	0.9999999859771683	0.0035015048638931162	0.0007934286027552268
540000.0	0.9999999882274823	0.0032061557022423567	0.0008008044923958675
545000.0	0.999999990112525	0.0029355858117166	0.0008081790367760872
550000.0	0.9999999916931677	0.002687701677893377	0.0008155521204718703
555000.0	0.9999999930235274	0.0024605855728220124	0.0008229236195815751
560000.0	0.9999999941408126	0.00225248028592775	0.0008302934045024882
565000.0000000001	0.999999995079431	0.0020617762089552376	0.0008376613346782892
570000.0000000001	0.9999999958668027	0.0018869965988869844	0.0008450272615843311
575000.0000000001	0.9999999965215369	0.0017267888068856914	0.0008523910281437024
580000.0000000001	0.9999999970655687	0.0015799136112521768	0.0008597524629702873
585000.0000000001	0.9999999975166356	0.001445232763419124	0.0008671113872022071
590000.0000000001	0.9999999978960495	0.0013217044777346703	0.000874467605374587
595000.0000000001	0.999999998209345	0.0012083720553200455	0.0008818209197838199
600000.0000000001	0.9999999984714076	0.001104356788986435	0.0008891711141731806
605000.0000000001	0.9999999986886828	0.001008852336467224	0.000896517963603507
610000.0000000001	0.999999998876858	0.000921118498600896	0.0009038612291369047
615000.0	0.9999999990325285	0.0008404732680865701	0.0009112006553118588
620000.0	0.9999999991592624	0.0007662893152292612	0.0009185359984097319
625000.0	0.9999999992636575	0.0006979895892253222	0.0009258669621271717
630000.0	0.9999999993478741	0.000635039455186426	0.0009331932870226726
635000.0	0.9999999994102874	0.000576943187453716	0.0009405146569571694
640000.0	0.999999999455386	0.0005232406662300847	0.0009478307673871326
645000.0	0.9999999995004845	0.00047350351077700826	0.0009551413115753393
650000.0	0.999999999545583	0.0004273271432401917	0.0009624459669286837
655000.0	0.9999999995898903	0.00038432428887630565	0.0009697444217971528
660000.0	0.9999999996323309	0.00034412479809769255	0.0009770363536237073
665000.0	0.9999999996624918	0.00030635725514812127	0.000984321402568745
670000.0000000001	0.9999999996886425	0.0002706435525563463	0.000991599229735574
675000.0000000001	0.9999999997040379	0.00023657080223521272	0.0009988695009017939
680000.0000000001	0.9999999997041165	0.0002036585721508	0.0010061318984448907
685000.0000000001	0.9999999997041165	0.0001712662273384324	0.0010133861346456078
690000.0000000001	0.9999999997041165	0.00013842196080987386	0.0010206319227254062
695000.0000000001	0.9999999997041165	0.00010316892782603478	0.0010278690044463526
700000.0000000001	0.9999999997041165	5.934801638986223e-05	0.0010350971537289135
705000.0000000001	0.9999999997041165	nan	0.0010423161904316138
710000.0000000001	0.9999999997041165	nan	0.0010495259813835518
715000.0000000001	0.9999999997218436	nan	0.0010567264565673998
720000.0000000001	0.9999999997218436	nan	0.0010639176516294092
725000.0	0.9999999997218436	nan	0.0010710996627389649
730000.0	0.9999999997279743	nan	0.0010782727020360126
735000.0	0.9999999997311994	nan	0.0010854371118057574
740000.0	0.9999999997455608	nan	0.0010925934039126028
745000.0	0.9999999997608591	nan	0.0010997422758091747
750000.0	0.9999999997624877	nan	0.001106884663176084
755000.0	0.9999999997624877	nan	0.0011140216974754823
760000.0	0.9999999997624877	nan	0.0011211547620730313
765000.0	0.9999999997624877	nan	0.001128285623079861
770000.0	0.9999999997624877	nan	0.0011354163709031985
775000.0000000001	0.9999999997624877	nan	0.0011425495445403723
780000.0000000001	0.9999999997624877	nan	0.0011496881285512316
785000.0000000001	0.9999999997624877	nan	0.0011568357174928366
790000.0000000001	0.9999999997624877	nan	0.0011639964647099177
795000.0000000001	0.9999999997624877	nan	0.0011711752602841994
800000.0000000001	0.9999999997624877	nan	0.0011783777622355488
805000.0000000001	0.9999999997624877	nan	0.0011856105846319142
810000.0000000001	0.9999999997624877	nan	0.0011928812817608404
815000.0000000001	0.9999999997624877	nan	0.0012001985664882608
820000.0000000001	0.9999999997624877	nan	0.0012075724614768856
825000.0000000001	0.9999999997624877	nan	0.0012150143982879544
830000.0	0.9999999997624877	nan	0.0012225374552957407
835000.0	0.9999999997624877	nan	0.0012301565628473326
840000.0	0.9999999997624877	nan	0.0012378885606279895
845000.0	0.9999999997624877	nan	0.0012457526371401177
850000.0	0.9999999997624877	nan	0.001253770472168052
855000.0	0.9999999997624877	nan	0.0012619665781886359
860000.0	0.9999999997607885	nan	0.0012703685778398838
865000.0	0.9999999997593175	nan	0.001279007681682252
870000.0	0.9999999997333359	nan	0.0012879187900432746
875000.0	0.9999999997309951	nan	0.001297141783397916
880000.0	0.9999999997285229	nan	0.0013067204553625083
885000.0000000001	0.9999999997242587	nan	0.0013167045732495799
890000.0000000001	0.9999999997048895	nan	0.00132714949892186
895000.0000000001	0.9999999996996413	nan	0.001338117206902844
900000.0000000001	0.9999999996925232	nan	0.0013496772778417716
905000.0000000001	0.999999999681164	nan	0.0013619065490051026
910000.0000000001	0.9999999996524527	nan	0.001374891709326456
915000.0000000001	0.9999999996520479	nan	0.0013887290352203338
920000.0000000001	0.9999999996520479	nan	0.001403524917462193
925000.0000000001	0.9999999996520479	nan	0.0014193983151350818
930000.0000000001	0.9999999996520479	nan	0.0014364815616018166
935000.0	0.9999999996520479	nan	0.001454921024543922
940000.0	0.9999999996520479	nan	0.0014748792830120868
945000.0	0.9999999996520479	nan	0.0014965369862689137
950000.0	0.9999999996520479	nan	0.0015200939050973785
955000.0	0.9999999996520479	nan	0.0015457707136986134
960000.0	0.9999999996520479	nan	0.0015738125672144652
965000.0	0.9999999996520479	nan	0.0016044888671397123
970000.0	0.9999999996520479	nan	0.0016380985656241594
975000.0	0.9999999996520479	nan	0.0016749713901507062
980000.0	0.9999999996520479	nan	0.0017154707832429629
985000.0	0.9999999996520479	nan	0.0017599975441748724
990000.0000000001	0.9999999996520479	nan	0.0018089937947678434
995000.0000000001	0.9999999996520479	nan	0.001862944939620459
1000000.0000000001	0.9999999996520479	nan	0.001922385874947004
