0.0	1.5110533623191682	46.838756179507804	0.0
5000.0	1.4409371151412897	44.482316490043424	8.916799515375755e-06
10000.0	1.379373479836243	42.103646286219835	1.7610493374520006e-05
15000.0	1.3255303369312414	39.72340801651124	2.6128930721807002e-05
20000.0	1.2786215167446824	37.36174145271923	3.450749219875136e-05
24999.999999999996	1.2379080214357234	35.03756643664319	4.277217730838917e-05
30000.0	1.2026996443345643	32.76798575750055	5.094300692542776e-05
35000.0	1.172356535211982	30.567833636612935	5.903581774218365e-05
40000.0	1.146290326271215	28.44939349435499	6.706201928555814e-05
45000.00000000001	1.1239645441750088	26.422286237637543	7.50310080041236e-05
49999.99999999999	1.1048941628545972	24.493511352666463	8.295042311668994e-05
55000.0	1.0886442755449632	22.66761051574012	9.082612590398093e-05
60000.0	1.074827964387255	20.946917777868194	9.866314155506385e-05
64999.99999999999	1.0631035130035358	19.33186066821365	0.00010646590210062742
70000.0	1.0531711410035338	17.821281114969516	0.00011423788485293281
75000.00000000001	1.0447694446119389	16.41275187755465	0.0001219823463988578
80000.0	1.0376717125029908	15.102871381989438	0.00012970163323787598
85000.00000000001	1.0316822588599655	13.88752667644403	0.00013739855288510223
90000.00000000001	1.0266328836596699	12.762119470334657	0.00014507518402390561
95000.0	1.0223795383861505	11.721754496779958	0.00015273332574614043
100000.00000000001	1.0187992469328115	10.761391980076413	0.00016037447248603334
105000.0	1.0157873079414308	9.875967710286972	0.00016800072617660945
110000.0	1.0132547866069896	9.060484786228018	0.0001756127755333509
115000.00000000001	1.0111262907298373	8.310081714414144	0.00018321267015453707
120000.0	1.0093380168257897	7.620080696069437	0.0001908009360745824
125000.00000000001	1.007836046567221	6.986020318525911	0.00019837892792664116
129999.99999999999	1.006574870916007	6.403675648696458	0.00020594732838466215
135000.0	1.005516118296763	5.869068778259131	0.00021350711569448008
140000.0	1.004627463453541	5.3784719876415465	0.00022105869782659831
145000.00000000003	1.0038816948051528	4.9284055887736224	0.00022860340024205715
150000.00000000003	1.003255919737235	4.515631721063316	0.00023614167050945432
155000.0	1.0027308892009739	4.137145526721135	0.0002436740836749594
160000.0	1.0022904249419817	3.7901644874464377	0.0002512011716269231
165000.0	1.0019209346670577	3.4721166340939376	0.0002587228274767102
170000.00000000003	1.001611002263944	3.1806282942253485	0.0002662406801001815
175000.00000000003	1.001351041898834	2.913511386807271	0.00027375324787700056
180000.00000000003	1.0011330063551092	2.6687513034892607	0.00028126299513183973
185000.0	1.0009501413215809	2.444494524729714	0.0002887696021465826
190000.0	1.0007967785468892	2.2390370663215005	0.0002962722923784729
195000.00000000003	1.0006681618279853	2.050813494117047	0.00030377271442881
200000.00000000003	1.0005603006957808	1.8783862329042726	0.000311270341139533
205000.00000000003	1.0004698474411726	1.7204357175477747	0.00031876409626543884
210000.0	1.0003939937974022	1.575751363268881	0.00032625720859289246
215000.0	1.0003303841709754	1.4432225222881556	0.00033374777843478204
220000.0	1.0002770427803782	1.321830861845659	0.0003412385631109238
225000.00000000003	1.00023231249327	1.2106424361167598	0.00034872528719190695
230000.00000000003	1.0001948034837445	1.1088013870851188	0.000356210837424806
235000.0	1.0001633501554894	1.01552321307235	0.0003636962071773741
240000.0	1.000136974989896	0.9300888537104766	0.0003711799837551943
245000.0	1.0001148582189059	0.851839349187285	0.0003786594686951892
250000.00000000003	1.0000963123771724	0.7801713946978949	0.00038614337406275503
255000.00000000003	1.0000807609600573	0.7145313800988587	0.0003936202166093687
259999.99999999997	1.0000677205236526	0.6544131385166597	0.0004011022516890789
265000.0	1.0000567856615683	0.5993520778673127	0.00040858044670620487
270000.0	1.0000476164159553	0.5489229495125321	0.00041605511207024347
275000.0	1.0000399277122356	0.5027365116690783	0.0004235323632542378
280000.0	1.0000334804964635	0.46043592655184123	0.0004310112102912254
285000.00000000006	1.0000280743112167	0.42169423012145507	0.00043848869000806453
290000.00000000006	1.0000235410703917	0.386212013595898	0.00044596388057375694
295000.00000000006	1.0000197398212047	0.35371510643173026	0.00045343738931045004
300000.00000000006	1.0000165523666595	0.3239524072118238	0.00046091008101323885
305000.00000000006	1.000013879596682	0.29669392031236214	0.00046838252225126203
310000.0	1.0000116384070503	0.27172897906494387	0.00047585495234077953
315000.0	1.0000097591102144	0.24886462577957466	0.00048332741135520476
320000.0	1.0000081832709242	0.22792412800210574	0.0004907998538470643
325000.0	1.0000068618881226	0.208745617602794	0.0004982722143268674
330000.0	1.0000057538730835	0.191180842634986	0.0005057444354475246
335000.00000000006	1.0000048247731284	0.17509402306415425	0.0005132164759363315
340000.00000000006	1.0000040456982797	0.16036080215684614	0.0005206883100855226
345000.00000000006	1.0000033924237361	0.14686728576752436	0.0005281599242359279
350000.00000000006	1.0000028446360698	0.13450916228173893	0.000535631312996868
355000.00000000006	1.0000023853006144	0.12319089652132978	0.0005431024763692802
360000.00000000006	1.0000020001371104	0.1128249914262955	0.0005505734169942038
365000.0	1.0000016771694589	0.10333131178962168	0.0005580441391468516
370000.0	1.0000014063505183	0.09463646492945972	0.0005655146480125116
375000.0	1.0000011792620274	0.08667323340651839	0.0005729849480646838
380000.0	1.0000009888459154	0.07938005545556899	0.0005804550431686428
385000.0	1.000000829176672	0.07270054915102936	0.0005879249370850329
390000.00000000006	1.0000006952908054	0.06658307653986899	0.0005953946321014056
395000.00000000006	1.0000005830247896	0.060980344598088224	0.0006028641298796031
400000.00000000006	1.0000004888854703	0.0558490395147932	0.0006103334312262216
405000.00000000006	1.0000004099503832	0.05114949191951518	0.0006178025357270367
410000.00000000006	1.0000003437625804	0.0468453702709213	0.0006252714424727366
415000.0	1.0000002882598666	0.04290339996869504	0.0006327401500764953
420000.0	1.0000002417197806	0.03929310605457104	0.0006402086555514932
425000.0	1.0000002026930832	0.035986577747733776	0.0006476769560778811
430000.0	1.0000001699698984	0.0329582526310497	0.0006551450476863135
435000.0	1.0000001425294407	0.03018471900046923	0.000662612926637726
440000.0	1.0000001195186252	0.027644534907201933	0.0006700805884959456
445000.00000000006	1.0000001002244159	0.02531806244100862	0.000677548028329434
450000.00000000006	1.0000000840474148	0.023187315844146773	0.0006850152416435925
455000.00000000006	1.0000000704804846	0.021235822538470926	0.0006924822245993106
460000.00000000006	1.000000059105965	0.01944849578544544	0.0006999489727382323
465000.00000000006	1.0000000495698056	0.017811517899047356	0.000707415482869169
470000.0	1.0000000415734351	0.016312233815705245	0.0007148817527644774
475000.0	1.0000000348675333	0.014939052695844555	0.0007223477817269465
480000.0	1.000000029243568	0.013681358982629978	0.0007298135705199029
485000.0	1.0000000245278151	0.012529429617092415	0.0007372791216949249
490000.0	1.0000000205749175	0.011474359666243945	0.0007447444400438061
495000.00000000006	1.0000000172614267	0.01050799289350823	0.0007522095343380916
500000.00000000006	1.000000014483927	0.009622858954935509	0.0007596744169858172
505000.00000000006	1.0000000121551853	0.008812115747876194	0.0007671391057622293
510000.00000000006	1.0000000102025726	0.008069496173316211	0.0007746036225970926
515000.00000000006	1.000000008564903	0.007389260083477188	0.0007820679970067928
519999.99999999994	1.0000000071949422	0.006766149794302755	0.000789532265103952
525000.0	1.0000000060463923	0.006195349682686509	0.0007969964711418571
530000.0	1.0000000050787414	0.005672448463418846	0.0008044606711893786
535000.0	1.0000000042641626	0.005193405229064306	0.0008119249314726213
540000.0	1.0000000035782806	0.004754519102362426	0.0008193893316557985
545000.0	1.0000000030046927	0.004352399296647538	0.0008268539664887172
550000.0	1.0000000025240658	0.003983940026064991	0.0008343189482865163
555000.0	1.0000000021193263	0.0036462959252816893	0.000841784409919273
560000.0	1.0000000017786632	0.0033368602417907195	0.00084925050579422
565000.0000000001	1.000000001492161	0.003053245207533663	0.0008567174187535707
570000.0000000001	1.0000000012491392	0.0027932625476320932	0.0008641853592585396
575000.0000000001	1.0000000010412957	0.002554907472627373	0.0008716545701489929
580000.0000000001	1.0000000008676824	0.0023363432762542402	0.0008791253341514278
585000.0000000001	1.0000000007239753	0.002135886573553458	0.000886597975230891
590000.0000000001	1.0000000006079666	0.0019519946951331007	0.0008940728656830494
595000.0000000001	1.0000000005121892	0.0017832539833575432	0.0009015504287867455
600000.0000000001	1.0000000004337304	0.0016283674947618122	0.0009090311498365982
605000.0000000001	1.000000000365859	0.0014861477253094101	0.000916515601356133
610000.0000000001	1.0000000003031444	0.0013555051507914224	0.0009240043886043222
615000.0	1.000000000257036	0.0012354393772897002	0.0009314982533154336
620000.0	1.000000000217304	0.0011250342857163375	0.0009389979864301531
625000.0	1.0000000001825369	0.001023447781989649	0.0009465044871047997
630000.0	1.0000000001555036	0.0009299053129424717	0.0009540188630349595
635000.0	1.0000000001315605	0.0008436972856182941	0.0009615422579942791
640000.0	1.0000000001073992	0.0007641665238183755	0.0009690759779238568
645000.0	1.000000000083314	0.0006907102671932469	0.0009766215063946387
650000.0	1.0000000000646423	0.0006227674524589288	0.0009841804856165577
655000.0	1.0000000000572524	0.0005598190608397844	0.000991754755023563
660000.0	1.0000000000504807	0.0005013788917925219	0.0009993464807794299
665000.0	1.000000000042905	0.00044698536283973184	0.0010069579906230304
670000.0000000001	1.0000000000338867	0.00039619605001734506	0.0010145919028428144
675000.0000000001	1.0000000000196942	0.00034857602928616477	0.001022251177394476
680000.0000000001	1.0000000000032694	0.0003036758965092417	0.001029939103014562
685000.0000000001	0.9999999999870643	0.000261016072339246	0.0010376593193578316
690000.0000000001	0.999999999975586	0.00022000704884211558	0.001045415897544157
695000.0000000001	0.9999999999680784	0.0001798526418671349	0.0010532134935205117
700000.0000000001	0.9999999999649467	0.0001392017646362412	0.0010610571811746578
705000.0000000001	0.9999999999589467	9.487649678729571e-05	0.001068952381934159
710000.0000000001	0.9999999999509583	2.8483301522902347e-05	0.001076905351064123
715000.0000000001	0.999999999943042	nan	0.0010849230679658873
720000.0000000001	0.9999999999352448	nan	0.0010930131971245425
725000.0	0.9999999999126858	nan	0.0011011840760533343
730000.0	0.9999999998777502	nan	0.0011094454790625018
735000.0	0.9999999998614598	nan	0.0011178072639624716
740000.0	0.9999999998543929	nan	0.0011262815064991651
745000.0	0.9999999998498433	nan	0.0011348806728598963
750000.0	0.9999999998290305	nan	0.001143618436743237
755000.0	0.9999999998236884	nan	0.0011525108346383721
760000.0	0.999999999823677	nan	0.0011615747855874806
765000.0	0.999999999823677	nan	0.0011708288794103473
770000.0	0.999999999823677	nan	0.001180293735101301
775000.0000000001	0.999999999823677	nan	0.0011899920700164423
780000.0000000001	0.999999999823677	nan	0.0011999488567297606
785000.0000000001	0.999999999823677	nan	0.0012101915498741757
790000.0000000001	0.999999999823677	nan	0.0012207502475719402
795000.0000000001	0.999999999823677	2.8990613018801833e-05	0.001231657991281254
800000.0000000001	0.999999999823677	6.131735518217006e-05	0.0012429510082424054
805000.0000000001	0.999999999823677	8.217543625201962e-05	0.001254669029733998
810000.0000000001	0.999999999823677	9.901566015033312e-05	0.0012668555465642768
815000.0000000001	0.9999999998236768	0.00011357756945182597	0.0012795582073606812
820000.0000000001	0.9999999998236768	0.0001266149483776525	0.0012928290247013756
825000.0000000001	0.9999999998236768	0.00013851145380573197	0.0013067249500558324
830000.0	0.9999999998236768	0.0001495152434914229	0.0013213081156730243
835000.0	0.9999999998236768	0.00015978117746697924	0.0013366465141883307
840000.0	0.9999999998236768	0.00016942406080521925	0.0013528142494581008
845000.0	0.9999999998236768	0.0001785244573241943	0.0013698921059176164
850000.0	0.9999999998236768	0.00018714593686939708	0.0013879680978828909
855000.0	0.9999999998236768	0.00019533885774503812	0.0014071383220823446
860000.0	0.9999999998236768	0.00020314431141801506	0.0014275070071620754
865000.0	0.9999999998236768	0.00021058980761390797	0.0014491879816096714
870000.0	0.9999999998236768	0.00021770390930351	0.0014723046468196833
875000.0	0.9999999998236768	0.00022451000374105537	0.0014969910669856887
880000.0	0.9999999998236768	0.00023102584802476523	0.0015233930829386844
885000.0000000001	0.9999999998236768	0.00023727074696425058	0.0015516688349267915
890000.0000000001	0.9999999998236768	0.00024325358182877995	0.0015819897531225591
895000.0000000001	0.9999999998236768	0.000248988852742281	0.0016145417446389726
900000.0000000001	0.9999999998236768	0.0002544875690468522	0.0016495261003079
905000.0000000001	0.9999999998236768	0.0002597577380054594	0.0016871607169277971
910000.0000000001	0.9999999998236768	0.00026481025262260684	0.0017276812514921867
915000.0000000001	0.9999999998229014	0.0002696505896028951	0.0017713425503627963
920000.0000000001	0.9999999998229014	0.00027428466685795093	0.0018184190425453814
925000.0000000001	0.9999999998229014	0.0002787162342731727	0.0018692081311527334
930000.0000000001	0.9999999998222135	0.00028295094275685795	0.001924030483576676
935000.0	0.9999999998222135	0.00028699750652594	0.0019832306973211747
940000.0	0.9999999998222135	0.0002908575129432961	0.0020471809166914454
945000.0	0.9999999998222135	0.00029453334707566924	0.0021162815265085093
950000.0	0.9999999998222135	0.0002980293777555155	0.002190962571905059
955000.0	0.9999999998222135	0.0003013494439581911	0.0022716867535368585
960000.0	0.9999999998222135	0.00030449571073660965	0.002358950615116015
965000.0	0.9999999998222135	0.0003074687719701465	0.00245328594902599
970000.0	0.9999999998122834	0.0003102736066980586	0.0025552647675707307
975000.0	0.9999999997979914	0.0003129089149250508	0.0026655001923381215
980000.0	0.9999999997865572	0.0003153789463729043	0.002784644820709066
985000.0	0.9999999997714879	0.00031768870340317793	0.0029133983677441656
990000.0000000001	0.9999999997714879	0.00031983026296663925	0.003052506598393424
995000.0000000001	0.9999999997714879	0.0003218115132356068	0.0032027681566501906
1000000.0000000001	0.9999999997647897	0.0003236286413752692	0.0033650336972739867
