0.0	2.477892435740404	43.693447429590286	170.2094972429264
75376.88442211054	2.4527089280151153	43.7251845543317	3.031916154049287
150753.76884422108	2.4292016684115163	43.6123950425606	131.3137727816882
226130.65326633162	2.4051948841316158	43.54948288369147	-165.4528742563042
301507.5376884422	2.3808084107893466	43.504258507489496	-168.00997034781219
376884.4221105528	2.358364002491296	43.468946239653334	123.01145024243174
452261.3065326633	2.334811328127536	43.46325731124988	-12.888354930065843
527638.1909547739	2.312536103411447	43.350230795972024	143.54137623567343
603015.0753768844	2.2903354454880085	43.29032180452687	-128.17766973004115
678391.9597989949	2.2682029992120074	43.23358617160413	-108.85672339160448
753768.8442211056	2.247562599085707	43.13186650112574	-159.09297711362507
829145.7286432161	2.225564326307084	43.109265020628825	80.46814060376036
904522.6130653266	2.2054521592750613	43.01315031811135	-110.52451307335222
979899.4974874372	2.1851711586295304	42.96354728353816	-13.08799000502524
1055276.3819095476	2.1646850011903638	42.90061128863961	12.36681500800517
1130653.2663316582	2.1449354058998913	42.79834389981965	-34.787768533007196
1206030.150753769	2.1258593772220045	42.673572616940554	-155.21136430158947
1281407.0351758793	2.105726334516709	42.653578598879626	10.492147550865424
1356783.91959799	2.0871388318241157	42.51211981927673	101.75506049922383
1432160.8040201003	2.0682867491281987	42.41690439644157	118.08972925431087
1507537.6884422114	2.049844338105586	42.35271468288205	58.98537236726505
1582914.5728643213	2.032278450597253	42.25395621028466	-75.78838906254083
1658291.4572864324	2.0145721906444365	42.16114547736802	73.59498718384336
1733668.3417085425	2.0004471217875475	41.840103226561574	148.42056700553118
1809045.2261306534	2.0003553908917437	40.82396082785508	171.13178832527075
1884422.1105527636	1.9996591123081369	39.804916266951366	163.6119815981817
1959798.9949748747	1.9991660352304514	38.74431168404384	140.7785936710916
2035175.879396985	2.0002721544932363	37.58942508984951	117.60149623295565
2110552.7638190957	2.0007873984262297	36.464072855881646	109.28244894270249
2185929.648241206	2.0000814948961856	35.39385765270167	131.8185212030112
2261306.5326633165	2.000477402519202	34.22104379296188	-158.0964617057157
2336683.4170854273	2.00016092382091	33.14021472470406	-22.89250906665123
2412060.301507538	1.9989489412851313	31.932845025560535	-163.46109456600033
2487437.1859296476	2.0006016322525797	30.63846208205331	160.82977301960807
2562814.0703517585	2.001348684586853	29.290340042974318	-106.99339691671561
2638190.9547738694	2.0016084048067433	27.96949423491325	138.64228185071087
2713567.83919598	2.0003737293662973	26.607182816567676	-152.2373926404562
2788944.7236180906	2.000453718269167	25.209368520384363	135.3014211226685
2864321.6080402015	2.0007858972892656	23.701785027881428	-35.52995884961912
2939698.4924623114	2.0003649986956953	22.162406825662234	109.38402323163771
3015075.3768844227	2.0001794504699295	20.489901953791634	-77.68203410256379
3090452.2613065327	2.0013652274055467	18.52618757747831	-136.15275710190983
3165829.1457286435	2.00036335956511	16.516033247325762	86.10114840876824
3241206.030150754	1.9994433672795264	14.205540672311743	123.49449033484281
3316582.914572865	2.0002222124274494	11.295873899315561	120.84885302735252
3391959.7989949747	1.9983301958355213	7.180659130006195	-87.07323822781035
3467336.683417086	1.9922902647512817	1.0245336212461598	-85.40900184746143
3542713.567839196	1.972912179132787	0.3539307734140896	152.80045481248294
3618090.452261307	1.9514836255253991	0.4422195286947219	74.75847570066693
3693467.336683417	1.9313375344547736	0.572425335638493	-49.2140376350022
3768844.221105528	1.9107624663435416	0.5463559752227395	85.80295058196721
3844221.105527639	1.892619404411167	0.4526288083714795	128.664863485801
3919597.9899497484	1.8722774070424812	0.5431152194650173	62.48513083317762
3994974.8743718592	1.855359688072251	0.46955328830490506	-100.67850434763034
4070351.75879397	1.8370900901851392	0.527063852841568	-7.029413948714163
4145728.643216081	1.818895490361219	0.5049310011808231	-22.755105840987323
4221105.527638192	1.8019848657899897	0.5062139516753522	-141.81046541568531
4296482.412060302	1.7850374968289437	0.5349665738673135	-6.7263963405431655
4371859.296482412	1.7670612102751995	0.5342367096457236	21.41266757557911
4447236.1809045235	1.7520871245873773	0.5232282780212547	-45.74137884284763
4522613.065326633	1.7360027283453725	0.4813942254409161	130.14275933355796
4597989.949748743	1.718817879200927	0.4810030289654717	-142.04469794963356
4673366.834170855	1.7032914436517725	0.4761304976370212	-167.8047662003156
4748743.718592966	1.6884480586733934	0.5036436235179623	66.49103835016408
4824120.603015076	1.6740139435999515	0.4774980517347893	-157.93669013993434
4899497.487437186	1.6613667429796404	0.47648941542212353	-125.93377466802576
4974874.371859296	1.6470083683089412	0.49953272388124004	159.30141038663854
5050251.256281408	1.6312961375435238	0.5075030501846766	-11.801508774566438
5125628.140703519	1.617895542179909	0.4994376281175894	74.09216603239064
5201005.025125629	1.605564501287857	0.5096698560528944	62.783078083177315
5276381.909547739	1.592697237040841	0.48920099403450124	-45.47302436751147
5351758.79396985	1.5791251601084182	0.4861218206880038	100.1654102644559
5427135.67839196	1.566846729357964	0.4657986678770636	153.42944668155903
5502512.562814072	1.5548752477923873	0.4741214414941678	106.77372588762002
5577889.447236181	1.5453043159114135	0.5046030888760489	-35.56331086638084
5653266.331658292	1.5327653002015942	0.469925771465115	85.65474321606652
5728643.216080403	1.519857563740808	0.4684146221031809	110.06433158908929
5804020.100502512	1.5094109225374694	0.49665998226259983	40.57182520468035
5879396.984924623	1.4978969339544999	0.46968826820429077	-119.6135957715255
5954773.869346734	1.4876931560030038	0.49878755563244687	-17.817634105717154
6030150.753768845	1.4777552458581542	0.47654224576692616	-6.583485240266412
6105527.638190956	1.4667808841031258	0.48092458557739526	-85.83136696451143
6180904.522613065	1.4572005264090284	0.4701860794407615	99.49302840967721
6256281.407035177	1.4502408328681693	0.4435939916394543	-159.55900409465823
6331658.291457287	1.4406952973837281	0.4525105974068446	-150.9211344796264
6407035.175879398	1.4305406552874602	0.44028956278405157	123.18418490886589
6482412.060301508	1.4216243470129524	0.4540657936873284	-42.081735080654155
6557788.944723618	1.4100301403264022	0.4684759131212826	58.522422799431254
6633165.82914573	1.4024347640316777	0.4708982493360541	77.58626960089586
6708542.713567839	1.3933327677938048	0.4695944609313152	10.151662905934813
6783919.597989949	1.384132148769713	0.4426958002401648	-138.03581753176852
6859296.482412061	1.3778915364828803	0.4671355718601719	-13.201672696238338
6934673.366834172	1.3707262788160652	0.45007228028023166	24.329066735152285
7010050.251256282	1.3607864922516901	0.45361307857060723	-12.925955645644882
7085427.135678392	1.3533931976146039	0.44819449911552567	-130.7638281551255
7160804.020100503	1.3475016273183071	0.46763400345119394	25.855586232712657
7236180.904522614	1.3374645682299415	0.4314803730412801	106.3101695583398
7311557.788944725	1.3310676841580538	0.42254299394746675	109.46537967067754
7386934.673366834	1.3270203730343597	0.4332457286650094	39.06059807903034
7462311.557788945	1.320446122398485	0.43770487700625854	-112.20049391229051
7537688.442211056	1.3137464894917987	0.4321614925286052	25.826677415529794
7613065.326633166	1.3040989601426498	0.43194656408051213	86.0482227019581
7688442.211055276	1.2962203125485954	0.42359581610499314	73.08955605940103
7763819.095477387	1.2900187408609953	0.4330622371075794	-6.952040986609536
7839195.979899499	1.2852818803876696	0.41406839147875635	-159.7356056607495
7914572.864321609	1.2782592822899321	0.43054661828077195	-23.194239935254807
7989949.7487437185	1.2713471568775994	0.42403898962380676	42.21898000055969
8065326.63316583	1.2684107511616567	0.4132208453878958	39.7380280077373
8140703.51758794	1.2596250011274581	0.42393178133019144	-22.885138258542057
8216080.4020100515	1.2574903701502997	0.4072526121364518	-153.92337317881706
8291457.28643216	1.2506838564595517	0.4312713438176103	7.415608772943562
8366834.170854271	1.2464014139534487	0.3939345069250189	108.04066472513753
8442211.055276383	1.2395643534960603	0.3767525022483336	143.68208972209007
8517587.939698493	1.2340902621450351	0.38866252844665583	122.43235474395519
8592964.824120604	1.2318297309653603	0.4176195822234903	36.995664410161986
8668341.708542714	1.2224244053550888	0.3903732007811582	-100.48275997080917
8743718.592964824	1.224168215834197	0.40790092222365276	54.377138932941875
8819095.477386933	1.2155437558050066	0.36329229387968975	160.38876757635106
8894472.361809047	1.2080138702892589	0.3731248696857625	-150.06193690206211
8969849.246231154	1.2034503173765678	0.3762840271919575	-154.29856683219106
9045226.130653266	1.2035425182197765	0.35796901284342914	141.79237263313917
9120603.015075376	1.1956588106208188	0.3881221203681043	30.821732000206424
9195979.899497487	1.1972712034426976	0.37535288997341776	-129.59803961424956
9271356.783919599	1.189892293259235	0.3697857020060545	20.10124622908815
9346733.66834171	1.1899354980507482	0.3460581992234024	116.64905369302174
9422110.55276382	1.1839088484029838	0.33686325928931776	172.06080362607312
9497487.437185928	1.174124155360377	0.35414181498495656	-179.85262289904114
9572864.321608042	1.1710629911713666	0.3467461846462985	141.03579967263235
9648241.206030149	1.1668774709356726	0.3620318390083928	59.834774758987
9723618.090452261	1.1629790368390607	0.36272116082294636	-58.10305929439111
9798994.974874372	1.165818449247366	0.32748126761348356	133.02454602160927
9874371.859296482	1.1592946530603594	0.34241726184588306	-67.16706294111525
9949748.74371859	1.1607716514922208	0.36004589714899615	46.37358286683389
10025125.628140705	1.153462578668375	0.3489114911001175	130.48220513493027
10100502.512562815	1.1450205905636561	0.3210148750698216	177.53324939455968
10175879.396984925	1.1436234241331809	0.3240145600519953	-167.52425564684765
10251256.281407034	1.138713868195703	0.3182569336504363	169.45221866824716
10326633.165829148	1.1457722764636868	0.3438089450412966	114.32792564927765
10402010.050251255	1.1430016092473632	0.34439011707054534	37.75856819227916
10477386.934673367	1.1363508713294475	0.3464611867921636	-71.60091131327107
10552763.819095477	1.136809530531492	0.3073182768533433	150.0183252229543
10628140.703517588	1.1246531287912498	0.33200657435106384	-13.43349007716145
10703517.587939696	1.1209066652531605	0.31243349568029355	158.25522534843688
10778894.47236181	1.122474505921517	0.3115546817124271	-48.81138827861082
10854271.356783917	1.1258208605938331	0.33398999431071	76.2809035844458
10929648.24120603	1.1123011760810375	0.3100993751999528	-171.6078716248924
11005025.125628144	1.1099098943134127	0.31259800028298595	-74.20628635483936
11080402.01005025	1.1070164394290782	0.3139481503729735	-0.23228845137712462
11155778.894472362	1.1176515111970247	0.32658671080836965	61.67424800568565
11231155.778894473	1.113214001992048	0.2913992536375654	115.54574949233749
11306532.663316583	1.0999699102746758	0.29373764621479004	152.4001912356644
11381909.547738692	1.0972754576242643	0.2863581283516892	-173.04828499209685
11457286.432160806	1.0971315402415505	0.2788084568577819	-149.81006751871817
11532663.316582913	1.1025797526411056	0.29896255289930873	-128.42368359828748
11608040.201005025	1.1029861959644145	0.29260279448563803	-113.51865026051222
11683417.085427135	1.088259004950538	0.2877851927211304	-94.43410830595462
11758793.969849246	1.0887833642353062	0.28908286650330356	-77.77373283774791
11834170.854271354	1.0993554645803583	0.2745410842363471	-58.44344229308035
11909547.738693468	1.081228141993611	0.28563350094135553	-28.75093266531715
11984924.623115579	1.0950280201549731	0.30349833067496573	6.899503134135113
12060301.507537687	1.0769124735491593	0.276389908773574	48.27018282752846
12135678.391959801	1.0752902369333726	0.27501536015854156	107.60439746006269
12211055.276381908	1.0868194637257576	0.2728529097778069	-176.8360226242141
12286432.16080402	1.0848128915355824	0.2779226843579851	-78.65702685998104
12361809.04522613	1.0832824756238546	0.26263832170747975	31.403385873349656
12437185.929648241	1.0863494217649852	0.26994128013848323	167.27664446985335
12512562.81407035	1.0670629096949344	0.2634750151589772	-29.80293515954061
12587939.698492464	1.0784441828485638	0.2636850131353768	163.7213238700647
12663316.58291457	1.080308071195348	0.2695723104031095	25.30728553776472
12738693.467336686	1.0684496155130083	0.27070058366955235	-64.23256322339022
12814070.351758793	1.0707464917113014	0.25253638660714267	-118.81908928147192
12889447.236180907	1.0705628861230567	0.24250248360197593	-131.6154849651771
12964824.120603016	1.0605582335591939	0.24296564595193434	-103.52046497469046
13040201.005025126	1.0690597829205755	0.2406424306886329	-14.574575159313598
13115577.889447236	1.0728340313179774	0.21522524628179832	121.63557136311702
13190954.773869345	1.0686927237540318	0.2601082398607648	-37.76716272045234
13266331.65829146	1.0478888312972012	0.2267562062913168	-128.92009700607252
13341708.542713566	1.047241746920557	0.22745509407140993	-156.00724124766117
13417085.427135678	1.044636805824171	0.23074843137331658	-104.19751421453144
13492462.311557788	1.0499046585463574	0.23467096643449392	20.41664509299039
13567839.195979899	1.0597234343569353	0.23571995600368206	-115.23418492033508
13643216.080402011	1.0452391318963041	0.20911854302926802	-171.9798465265265
13718592.964824121	1.0517393867579856	0.2079290880447738	-122.50022756880031
13793969.849246232	1.0476616831004133	0.22308173574736456	28.717142283898454
13869346.73366834	1.0620977720605669	0.23402779620822922	-60.38396640896967
13944723.618090454	1.063762210211228	0.23300502748468047	-30.510657652923665
14020100.502512561	1.0453014189916416	0.2058297165248767	131.3533353891829
14095477.386934673	1.0309211365004989	0.21554929973002224	78.21741296758185
14170854.271356784	1.0468896704743647	0.1833031767926528	-179.90774114738076
14246231.155778894	1.0591909215864077	0.2201442623860827	78.1619497544084
14321608.040201003	1.0288581392362919	0.19606787849591203	169.86385164641493
14396984.924623117	1.0563111013773607	0.19301013230916567	87.4410414707148
14472361.809045224	1.0407649381649127	0.2075964301728139	-138.49557130076116
14547738.69346734	1.0570777442407986	0.20657564806862982	-139.42371013289747
14623115.577889446	1.023074600234449	0.19201179323980216	114.22061050052842
14698492.46231156	1.0370079535981744	0.20992306461756768	-49.584245635253616
14773869.346733669	1.056485148925977	0.18784817157385703	92.94973090625564
14849246.23115578	1.0200799926184598	0.18829958475215894	-110.65690720554738
14924623.11557789	1.056014183168822	0.1931855843435015	103.50512626280296
14999999.999999998	1.055567478821542	0.17238013508400635	99.282685271767
