0.0	0.07370516526242232	97.69988896717801	59.36576338162972
75376.88442211057	0.07702266650850016	81.85934112372787	160.36392966817507
150753.7688442211	0.0773594267238065	65.06384433974499	-8.259915347148986
226130.65326633165	0.09049242936890735	53.7789603584136	101.2601629639891
301507.5376884422	0.1046812022348232	45.75330046445192	25.11835612284437
376884.4221105528	0.11991846221493353	38.88253492854801	-125.55763026870977
452261.3065326633	0.13412621394476124	33.702312421828374	112.87073014479037
527638.1909547739	0.14928525173709595	28.706938216256503	76.53949540326558
603015.0753768844	0.16550911590463002	25.64341301387215	-103.24588059251603
678391.9597989949	0.1825964381213626	23.222385277816137	114.18787458033242
753768.8442211056	0.19757741312676616	20.82350670851254	-29.12616782498212
829145.7286432161	0.21501686725037317	19.274568598688536	127.04007503158257
904522.6130653266	0.2309666046569747	17.61285059366575	-146.7435501290073
979899.4974874372	0.2460866162990142	16.25187575734859	-57.74875966787941
1055276.381909548	0.26037187493801445	15.16441164906305	-174.39549486981264
1130653.2663316582	0.2774217345090711	14.157710232021524	91.63830940292362
1206030.150753769	0.29027988852486597	13.270241814099325	-43.20047373715697
1281407.0351758793	0.3065638898929333	12.47756838297376	133.66413011740676
1356783.91959799	0.3212910388530107	11.847070970884257	-54.475337434480494
1432160.8040201003	0.335551131177971	11.146894869393188	-163.8514544118083
1507537.6884422114	0.34828626225125664	10.657825862026902	-74.79805577732427
1582914.5728643213	0.361208452868737	10.162437667465756	1.5385574838528369
1658291.4572864324	0.375518967869587	9.653745177046694	-118.59235323876764
1733668.3417085425	0.3897061425332789	9.205510706506084	120.14395359182012
1809045.2261306534	0.40166272335074127	8.831352935419154	-146.06582639807604
1884422.1105527636	0.41497331814222216	8.484921959027075	33.4321724615469
1959798.9949748747	0.42526066790781947	8.146474481045699	-175.9386225599003
2035175.879396985	0.437109097998957	7.83391687503955	-157.12475640862925
2110552.763819096	0.4514761237246772	7.55740728865436	-3.0276588219545206
2185929.648241206	0.46041446679449055	7.280668089416858	-156.692347930138
2261306.5326633165	0.47443990567009636	7.035360899378385	25.69697970362838
2336683.4170854273	0.4849411766022842	6.804506125353582	116.26282814418346
2412060.301507538	0.4964042426987366	6.578895195314824	52.15134803136244
2487437.1859296476	0.5046013491850286	6.445020585417361	147.6603425170439
2562814.0703517585	0.5171083760554923	6.255155431839297	-13.3284482341756
2638190.9547738694	0.5250562252141375	6.078650723639592	-126.80788810746854
2713567.83919598	0.5348695813156258	5.88823225285675	123.94225364739677
2788944.7236180906	0.5455418194376658	5.750822197126458	-21.717017810005096
2864321.6080402015	0.5563060465592713	5.556525565887596	119.12746913663392
2939698.4924623114	0.5638500470597606	5.4196735041899196	152.053782663072
3015075.3768844227	0.5747606224869504	5.270894853152733	45.45250495794848
3090452.2613065327	0.5849190773359827	5.117252013695701	129.795549667078
3165829.1457286435	0.5916855501191586	5.020048640679892	17.4915687856759
3241206.030150754	0.5992906992321188	4.8872171523194226	42.996011456999256
3316582.914572865	0.6077801853905385	4.756920121898022	-177.32168913985245
3391959.7989949747	0.6158772845295842	4.656973939330262	54.284218609781234
3467336.683417086	0.6238134887199427	4.55049180451459	-3.466334071838396
3542713.567839196	0.6354945152216596	4.437809970709848	-9.163322450870037
3618090.452261307	0.6399352715882908	4.341667224983168	18.090288282544115
3693467.336683417	0.6468550610493826	4.259014088298476	61.568271820858016
3768844.221105528	0.6567883654995577	4.146185759863678	104.86115252214272
3844221.105527639	0.6630910841295187	4.056410268108006	133.50309753501713
3919597.9899497484	0.6685557864271277	3.9729841160565154	132.44006561134756
3994974.8743718592	0.6754119680759944	3.898173511802013	88.66716167401508
4070351.75879397	0.6868596424314816	3.818930100821768	-10.502657459694579
4145728.643216081	0.6919288630589637	3.7237623392814263	-177.54002801028267
4221105.527638192	0.6966849508904722	3.6671718456834204	-63.55241635910447
4296482.412060302	0.70305824875975	3.606229402769172	-39.33668002828459
4371859.296482412	0.7129170992980179	3.511311303726434	-114.92544757913724
4447236.1809045235	0.7190862046149673	3.4528719213929526	59.55448198920173
4522613.065326633	0.7215021143093229	3.3901655618896345	115.85156514045067
4597989.949748743	0.7263383352416437	3.331772479513054	44.570669740993516
4673366.834170855	0.736832797917487	3.2502923512828557	-161.79214754014825
4748743.718592966	0.7372345954684719	3.1996686534520595	-151.99398347130577
4824120.603015076	0.7470722999447501	3.1434373272745053	66.63178547599928
4899497.487437186	0.7525929245808549	3.0846673823035	127.67038485204458
4974874.371859296	0.754481389359693	3.041060893996407	24.051464770536047
5050251.256281408	0.7578864152885952	2.994621516538061	108.97416615462943
5125628.140703519	0.7631264565464365	2.9435131891826916	16.91782666940954
5201005.025125629	0.7734671963140362	2.880119542583762	101.56653545463085
5276381.909547739	0.7724636285237368	2.8479361857656817	-2.233389989159942
5351758.79396985	0.7784379323003159	2.7958701283014857	59.233132861509056
5427135.67839196	0.781810003577304	2.7435722805833325	-77.34744618858913
5502512.562814072	0.7911318543502759	2.6971857947005833	-58.599679297291225
5577889.447236181	0.7974535062980297	2.645313422818032	111.1695494606723
5653266.331658292	0.7965868805305932	2.6158695278986963	68.4799789749542
5728643.216080403	0.8027534450599587	2.5581322667301434	168.7529952837397
5804020.100502512	0.8026300519292928	2.543978118207658	47.54505731369602
5879396.984924623	0.8109821581506705	2.4905741397532455	61.400916633323476
5954773.869346734	0.8127348821305993	2.4414687272162845	-152.91296533586913
6030150.753768845	0.8142948521519402	2.4177220236948957	119.41836144610268
6105527.638190956	0.8184533391760889	2.3692269764753733	156.60578507634827
6180904.522613065	0.823316888075575	2.3529517254638606	-44.5925961880283
6256281.407035177	0.8251188297505319	2.304596869956652	-128.0890383414094
6331658.291457287	0.8318058001870191	2.2756468217460775	-96.18522172324097
6407035.175879398	0.8407827997853984	2.239027168043182	47.50898684144432
6482412.060301508	0.8349225215074922	2.2195565440226415	-58.43803158037581
6557788.944723618	0.8390576119432305	2.1776906971526695	-56.96017286345017
6633165.82914573	0.8486030114796065	2.1420326445646296	48.75122078674656
6708542.713567839	0.8540485773175354	2.0987038818240196	-102.44051462355696
6783919.597989949	0.8532822755338811	2.0669391021221775	-153.79544565814052
6859296.482412061	0.8530305337747017	2.0518119897909846	-106.00821701389523
6934673.366834172	0.8624532012452115	2.032386976707658	37.27890176383393
7010050.251256282	0.8568160083943657	1.9971387780453482	-84.27081910073224
7085427.135678392	0.8634541854033028	1.9563971821181583	-113.12474769180047
7160804.020100503	0.8610792837392219	1.9496755542018245	-51.46030988992845
7236180.904522614	0.8729310841572917	1.9043189440633679	99.19258086190638
7311557.788944725	0.8674420263240473	1.9067161839362596	-20.807145557021343
7386934.673366834	0.8801599177822612	1.8572409444470566	-54.47777708720452
7462311.557788945	0.8825009471913327	1.8440995264848004	-3.3386736455726713
7537688.442211056	0.8789998764216369	1.8041406681114243	132.5674738825016
7613065.326633166	0.8755405819400747	1.8040358109463461	-8.82161492155892
7688442.211055276	0.8874102584729225	1.7620964556750949	-67.94612069035689
7763819.095477387	0.8799720886645468	1.7492804560464614	-46.13939536659515
7839195.979899499	0.881510603262533	1.721481260380534	55.474353556495636
7914572.864321609	0.8857691440624225	1.6864564936085764	-122.40781019877033
7989949.7487437185	0.8878001400860437	1.663423874109282	137.12487135575194
8065326.63316583	0.887902247781383	1.6545635260207985	115.23888814148404
8140703.51758794	0.8980310258956026	1.6145265198581058	171.7630954504987
8216080.4020100515	0.891157770222984	1.6135466896807826	-55.00191684271099
8291457.286432162	0.9078105858597637	1.5679200334187324	154.04407899710256
8366834.170854273	0.905903490824133	1.5616466463724152	80.60645860654174
8442211.055276385	0.9010244546419185	1.5539754006085353	82.86200226207195
8517587.939698495	0.898175257292439	1.5209054464331986	161.9276647671019
8592964.824120604	0.8999525335568955	1.5196133160607221	-42.63436054061207
8668341.708542714	0.9171545050697077	1.4652247488068446	-172.3711110175493
8743718.592964824	0.9035704695595714	1.462373660542502	134.75576956412468
8819095.477386937	0.9173716415319585	1.4271668199399605	158.73475794776368
8894472.361809047	0.9141931820212744	1.4264818156791448	-100.1744952336076
8969849.246231157	0.9098874285782683	1.4146919042145132	76.18247097880288
9045226.130653266	0.9264057958506967	1.3926714595888658	-27.23800792200092
9120603.015075376	0.9278848990300278	1.3788681959697282	-53.36914686135146
9195979.899497487	0.9279004181908345	1.3626410287883237	-1.0258998439549818
9271356.783919599	0.9312912723561224	1.3308541831476475	131.513353259944
9346733.66834171	0.914664952003021	1.3417813671898664	-14.92357144101502
9422110.55276382	0.9345479350012622	1.2969123521602466	-79.59511826912704
9497487.437185932	0.9161939998185309	1.306461742787529	-62.157923968690746
9572864.321608042	0.9197839759705978	1.2953388736255242	39.190541532770375
9648241.206030153	0.9259275661140329	1.2553885035552959	-133.51477874912922
9723618.090452261	0.9384893568311642	1.2338023918637713	140.24608777325082
9798994.974874372	0.9418934744069691	1.2160989067946857	142.3568868299408
9874371.859296482	0.9215823682645025	1.2181507064088746	-124.16497468092338
9949748.743718592	0.9225991047257044	1.2231780357708917	59.7358387796478
10025125.628140705	0.9310743135504412	1.1988808674997988	-20.837122250738442
10100502.512562815	0.939923332374041	1.187830595907694	-5.530062878170334
10175879.396984925	0.9332805465786553	1.1557280826742329	108.47982617084652
10251256.281407038	0.9344011576280297	1.157961788430397	-35.57604178124827
10326633.165829148	0.948427870315179	1.1318983870931258	-74.66679859646776
10402010.050251259	0.9486844471753879	1.1204383293708213	-8.965723841112831
10477386.934673367	0.9478763306242309	1.0830535619495067	168.48298477083827
10552763.819095477	0.9551524893932197	1.0833919297755734	99.73569123814643
10628140.703517588	0.957137044560363	1.0582933649948252	149.35832435918414
10703517.5879397	0.9315898571344816	1.082175871508723	-38.86261608107747
10778894.47236181	0.9590587681487007	1.0406025878786485	-100.92931463015829
10854271.35678392	0.961417168948515	1.0427924667307014	-32.81044821656137
10929648.24120603	0.9386706739541824	1.02369893645851	171.9749619274824
11005025.12562814	0.9467010488667059	1.006790117313831	159.46695565528222
11080402.01005025	0.9365244164151666	1.010155202983742	-65.05762567682278
11155778.894472362	0.9550352262261309	0.9798757983511105	-135.54840330203203
11231155.778894473	0.9477476331163582	0.9897113540876521	-41.83377107613806
11306532.663316583	0.9416188450248695	0.9588083938485926	-138.96472538275398
11381909.547738696	0.9668917349859374	0.9567844272100737	-56.69090133394852
11457286.432160806	0.9544710197947539	0.9281130362278548	-143.36712601815307
11532663.316582916	0.9695604310951542	0.9386988311755087	-30.80606514638529
11608040.201005025	0.9490874866950133	0.9348785358265004	-62.068065071946364
11683417.085427135	0.976256803611309	0.8949616073176982	131.08374005220833
11758793.969849246	0.9452874987375193	0.8989851144058142	-147.12315474222584
11834170.854271358	0.9472404265818923	0.8819857085949497	-162.74083612616926
11909547.738693468	0.9694764339897338	0.8769401039310464	106.25353176438021
11984924.623115579	0.9816697038407872	0.8810776828905564	-27.224239517061758
12060301.50753769	0.9813009055027618	0.8434981584064255	-175.8273460926624
12135678.391959801	0.9439986653034027	0.8654993649088489	64.71722301766508
12211055.276381912	0.957066155131819	0.8570435932224036	30.672534300899276
12286432.16080402	0.9789728075580614	0.818222690481399	152.7147705252355
12361809.04522613	0.9529733261822456	0.8147406203193405	-171.97115223283683
12437185.929648241	0.9923084086607902	0.8101815280035236	-41.131545132091794
12512562.814070353	0.9748034490120174	0.8041730669984614	-88.65484865263362
12587939.698492464	1.009808141704766	0.7738823778809897	140.50637597106544
12663316.582914574	1.0389501071862683	0.7562873633682645	-109.78039128724305
12738693.467336686	0.9564780807797518	0.773716137420279	-160.44493879536975
12814070.351758797	1.0081307289318842	0.7793154866086978	45.44632176491616
12889447.236180907	1.0051163462126473	0.765053825765887	-21.272059272160334
12964824.120603016	1.0265755704182875	0.7364733588944028	106.6140701635319
13040201.005025126	0.9579937988446428	0.7451746477862836	151.77851875309338
13115577.889447236	0.9573590795352827	0.7312515277002808	168.85594327905082
13190954.773869349	0.9531433025152724	0.7283329012774772	-155.1908736305475
13266331.65829146	1.0132192248310743	0.7172595911881274	-61.3112504411545
13341708.54271357	0.9827091465785104	0.7045965754302754	119.29746882156046
13417085.427135678	1.0363538549561144	0.6927820515295088	59.48814296626671
13492462.311557788	1.0427727504919704	0.6669353584160046	140.94203388331718
13567839.195979899	0.9972265916722779	0.6943273700768335	27.31101189201136
13643216.080402011	1.0378203856969632	0.6645071280041153	97.32722711320152
13718592.964824121	1.030570572183786	0.6694307118517839	13.200206714151042
13793969.849246232	0.9596619019297074	0.6758591377689751	148.39629338585826
13869346.733668344	0.9825587808549594	0.6541148404071249	161.19786208403193
13944723.618090454	0.9934608515447363	0.6635908644642596	66.52612249125163
14020100.502512565	1.025058904735769	0.6318922427568492	-119.94410363734866
14095477.386934673	0.9557314901748254	0.6557150994022057	-27.210340426820785
14170854.271356784	1.0075924355208237	0.6359434875691174	-1.2684629274128378
14246231.155778894	0.9628508300789682	0.640776570523955	-29.001787526278893
14321608.040201006	0.9851473976698573	0.6118162271044318	-97.63391302952141
14396984.924623117	0.9984744105056982	0.6029827067487816	160.3901012031305
14472361.809045227	0.9978533322940709	0.6188985006285337	39.95771879379773
14547738.69346734	0.9955460250969665	0.5970795464173314	-88.15160628873136
14623115.57788945	0.9911798949722568	0.5831575149741816	142.0342697620286
14698492.46231156	0.9732077259587067	0.6025644201537882	25.113721051682244
14773869.346733669	1.0016125547739492	0.5748666623924676	-102.58563958814938
14849246.23115578	0.9838266880413672	0.5688350761534166	114.22492529976745
14924623.11557789	1.000909205838833	0.5674293168335992	13.963777275342993
15000000.000000002	0.9994935609077518	0.5684341610958809	-38.03988345056574
