0.0	1.007577842028471	144.1677211356771	-28.85591548516588
75376.88442211055	0.9669491723079291	144.13188957857355	-110.12565980469181
150753.7688442211	0.9331235269105224	143.17273433231563	170.7132509073402
226130.65326633165	0.9000388079062348	142.03851124684647	113.07754255661746
301507.5376884423	0.8679337066523651	140.87299580946961	68.07975969683913
376884.42211055284	0.8369409244749101	139.66093367994424	20.20704929197271
452261.30653266335	0.806683144932683	138.41669960522012	-51.0419491249772
527638.1909547739	0.7777912096275222	137.07939659783213	-172.51093605928048
603015.0753768844	0.7500431646010065	135.60675841154614	-17.780848650307814
678391.9597989949	0.7228118243613495	134.1663481803567	11.73893651362004
753768.8442211056	0.6968882926953955	132.6244451400471	-134.42745935390144
829145.7286432161	0.6715307897138311	130.988319552122	-156.71138487631816
904522.6130653266	0.6477002702604885	129.2666644006214	-126.54525253207485
979899.4974874372	0.6257996718438353	127.47148912388204	-128.1023942018154
1055276.381909548	0.6040494502289385	125.49702168569104	101.45286532312394
1130653.2663316582	0.5836781939068141	123.50564318108951	90.48789719920815
1206030.150753769	0.5633015027667883	121.47643418830499	72.80725782565517
1281407.0351758793	0.5455807292552632	119.27694008789004	-93.20559844996657
1356783.91959799	0.5288151074722712	117.04270971248481	156.60248416589315
1432160.8040201003	0.5122845192165553	114.61314929812238	-67.59235364610782
1507537.6884422114	0.49652572249232924	112.2894338511794	139.44283567907001
1582914.5728643213	0.4840758115141574	109.6015052031904	-102.95826952705517
1658291.4572864324	0.4707965062170565	107.05564532644148	52.93388547266198
1733668.3417085425	0.46050103087345046	104.26739945980735	50.23146775594619
1809045.2261306534	0.4497002330347653	101.57736994768764	57.84684809088334
1884422.1105527636	0.4403799612742563	98.81956959742504	-103.85766983922143
1959798.9949748747	0.4331747415191342	95.97127765751722	120.91156603393544
2035175.879396985	0.4274980299296799	93.05062661124323	-130.87603947058753
2110552.763819095	0.42332322246327103	89.43755007869038	-30.561820457136342
2185929.648241206	0.4181902570619231	86.5321031737663	-86.40718204097841
2261306.5326633165	0.4153791894703074	83.6524188434028	141.2307124617998
2336683.4170854273	0.41489820992047005	81.0057237897351	51.77802029254812
2412060.3015075373	0.4137788768861664	78.08513451778188	60.77275107945443
2487437.1859296476	0.4148718593592023	75.32969016248805	-105.68172941827952
2562814.0703517594	0.41513834476948586	72.73896536615086	17.329010446341165
2638190.9547738694	0.4169603925622687	69.9503926964878	-160.96328798429397
2713567.8391959793	0.4207652465800289	67.49254336420442	-134.79397164334605
2788944.7236180906	0.42296436630530365	65.04019950278068	-107.4329480193125
2864321.6080402005	0.4275481191771216	62.65521555589453	84.10522385767304
2939698.4924623114	0.43266285452668496	60.379138061550464	-116.28231666589117
3015075.376884422	0.4370704027310502	58.417837387496355	172.59167374738294
3090452.2613065327	0.44365779116941284	56.2336741606895	26.22346929794799
3165829.1457286426	0.44844195486103733	54.39129915851142	-48.08294397049425
3241206.030150754	0.4541048270579895	52.40499261525669	87.2758438375031
3316582.914572864	0.4606260465800505	50.525438200319584	-160.7106375922407
3391959.7989949747	0.4689213662665478	48.80129559712968	44.45013916750261
3467336.683417085	0.47529664180404807	47.25717558594057	87.75349889404703
3542713.567839196	0.48366966668195144	45.64583782628459	63.31231184401308
3618090.452261306	0.49003351704950104	44.18711328679691	55.90700448760817
3693467.336683417	0.4971251987716513	42.75849474263157	139.36178561469177
3768844.221105527	0.5057532888698035	41.618784314774615	85.1233203919252
3844221.105527639	0.51510275858101	40.214620756929065	-98.77106311802677
3919597.9899497493	0.5230954337692555	39.02170244192421	-19.282255496857267
3994974.8743718592	0.5305266687122422	37.86404305251215	7.0369450257403505
4070351.75879397	0.5366945867417223	36.87606193740901	18.004110152985803
4145728.643216081	0.5451457829554509	35.78972850894429	46.243761802895435
4221105.52763819	0.5540306672954426	34.68507527736595	119.22320123930788
4296482.412060302	0.560096833077909	33.76865817264719	-98.92318518133429
4371859.296482412	0.5686710107080358	32.88828112491014	131.67902430630224
4447236.180904522	0.5773503853698224	31.958886547459528	108.37126953806496
4522613.065326633	0.581790806444034	31.17983032234948	-154.76925692669528
4597989.949748743	0.5894622680359672	30.358703441744943	74.21968213422163
4673366.834170855	0.596748451292789	29.63626953314652	84.82284826048442
4748743.718592964	0.6053159116552468	28.884843757579482	-115.0731347300215
4824120.603015076	0.6113280916023375	28.1549223147442	-159.08246581851623
4899497.487437186	0.6189576491220997	27.55176026333619	-42.28370167076993
4974874.371859295	0.6287749264441096	26.796668907930897	-121.07908622728387
5050251.256281408	0.636287790522432	26.18834704384935	-32.80126411688445
5125628.140703517	0.6432012409159764	25.57232683964087	-135.7382028943683
5201005.025125629	0.6485948148660706	25.057598460480182	-68.66182093633385
5276381.909547739	0.6565972425578284	24.44486180117774	168.43654983810984
5351758.793969848	0.6603585653095152	23.976079124549123	-144.26064785084037
5427135.67839196	0.6662380824877729	23.505880016819184	72.19252907546681
5502512.56281407	0.675688826783952	22.904051120315057	97.3819853597313
5577889.447236181	0.6800497359968443	22.450149624840947	-70.50377799612824
5653266.331658292	0.6876408144963664	21.985877697058434	-73.27844800650848
5728643.216080401	0.6930119013850266	21.53475682743743	86.8085776449113
5804020.100502512	0.6973834175402586	21.166547853261825	48.15650977104842
5879396.984924623	0.7036447143791167	20.739374927532573	168.1528108906743
5954773.869346734	0.7089329812352978	20.299297587919554	84.51399193834978
6030150.753768844	0.7190286232790776	19.860763582936467	154.71784439602968
6105527.638190956	0.7209182596557786	19.545616161060952	15.811104716223664
6180904.522613065	0.7308738921373271	19.124814747257428	25.861276119699603
6256281.407035175	0.7356739740870707	18.76771324669861	-178.26416576907792
6331658.291457287	0.7380269440126762	18.46686797727483	120.51299371284605
6407035.1758793965	0.7432147924564727	18.108086567793137	-159.74276559390483
6482412.060301508	0.7466606605198092	17.809126023207572	57.58795373854803
6557788.944723618	0.7517229726610931	17.498361725937347	50.1734847287278
6633165.829145728	0.756850561658233	17.165363993328366	175.13041055572637
6708542.713567839	0.7623431415764826	16.895195042390345	70.16941836661157
6783919.597989949	0.7715988451700124	16.54938302147613	92.38868689279924
6859296.482412061	0.7733131061802445	16.290855262567145	-120.46146979089355
6934673.36683417	0.7769136477185921	16.006679656582566	148.75674757762707
7010050.251256282	0.7798427937912404	15.75976245862346	177.96951237579273
7085427.135678392	0.7908992629372597	15.45328222452249	-35.27708137833724
7160804.020100501	0.7884739962423993	15.259934721526522	-133.4162967487711
7236180.904522614	0.7988912229477623	14.934930070626418	-118.6036511935172
7311557.788944723	0.7971831004407341	14.791050241900003	6.990246167015995
7386934.673366834	0.8073387565250959	14.459979790063228	-118.82213398746536
7462311.557788945	0.8120418927873172	14.2168657603211	-138.02012616175466
7537688.442211054	0.8102352926738854	14.068466872662714	-52.76672698264403
7613065.326633166	0.8160060425009162	13.821389956096038	135.02242596418228
7688442.211055278	0.8193961799138663	13.606743911306346	63.73048254660303
7763819.095477387	0.8276879961642881	13.366961968956902	91.44636848521533
7839195.979899497	0.8232917501134731	13.205069214535458	-143.5609342320403
7914572.864321609	0.8274004515496892	13.017758518406184	77.06371290414417
7989949.7487437185	0.831672724182209	12.813969226552533	31.509897385100874
8065326.633165828	0.8422426249569631	12.581041951142035	78.4150953531703
8140703.51758794	0.8367908437485505	12.435897098707706	-143.37604676973172
8216080.40201005	0.8453451796132591	12.23493133352137	84.50879591573054
8291457.28643216	0.8514046578671237	12.036808452754284	40.63754645810369
8366834.170854271	0.8560379620236181	11.845092756332697	83.79151424148893
8442211.055276383	0.8494359783901065	11.728878283870433	-146.69391029891256
8517587.939698493	0.8622857387185789	11.508431356218557	67.37177768699793
8592964.824120604	0.8613257693431777	11.389502263540724	5.517471639367916
8668341.708542714	0.8685688414746523	11.189867515302135	26.77642764937935
8743718.592964824	0.8606072978361522	11.07633817702527	130.04914168935116
8819095.477386937	0.8738015526985873	10.878350637352726	-45.17254212623151
8894472.361809047	0.8712437081501748	10.751672330116062	-139.92734497836554
8969849.246231157	0.8687068273728557	10.623878626285007	-154.9061376895455
9045226.130653266	0.8817601186006069	10.426819767251144	-90.44609747231992
9120603.015075376	0.8754751577586852	10.332408562141985	52.91229660239313
9195979.899497487	0.876496512585474	10.20827419325271	-84.87782084943494
9271356.783919599	0.8785731267891576	10.051057400728759	-144.61074236799968
9346733.66834171	0.8909391049234343	9.875196016005878	-126.68238303809795
9422110.55276382	0.8923547786499502	9.754980573835702	-30.4235813852163
9497487.437185932	0.8907550563061445	9.62579689688248	142.65185769667673
9572864.321608042	0.8877986707465614	9.553567813235762	34.179357012160835
9648241.206030153	0.8936026078094185	9.403931332366867	3.1537266344553916
9723618.090452261	0.9035683076523338	9.241550901584368	50.170847760614414
9798994.974874372	0.9023245746603227	9.116917313652129	175.50570720005877
9874371.859296482	0.9096544437079885	8.991842571779856	19.604585176278622
9949748.743718592	0.9011882388221826	8.920172383219102	-57.2005043578916
10025125.628140705	0.9089283015574721	8.77546166695432	-54.02686885216591
10100502.512562815	0.9043544670297811	8.708499180556451	28.56508950372374
10175879.396984925	0.9175000222063889	8.514531601672159	-166.8831879392891
10251256.281407038	0.9122585290236996	8.45222485129541	79.40807439474916
10326633.165829148	0.9184264931857933	8.330441073322817	48.974035098960805
10402010.050251259	0.9112470356966857	8.26517043891913	102.92373334279802
10477386.934673367	0.9105543151612009	8.166326290516235	-117.42169254591569
10552763.819095477	0.9262928995069387	8.004119428277	108.69674763395335
10628140.703517588	0.913086943600323	7.972769120655853	63.75138319421822
10703517.5879397	0.9172136649910726	7.856707330705282	108.76322461027216
10778894.47236181	0.9325324818367438	7.698752476688751	-113.7442610730508
10854271.35678392	0.9367117818313823	7.590983482539708	117.7857597662338
10929648.24120603	0.9196753604530676	7.591154744096266	85.85138986885285
11005025.12562814	0.9225270051841076	7.471401463332141	152.2709681977304
11080402.01005025	0.9359539879887234	7.352408171740264	-39.54589041806453
11155778.894472362	0.9432796860130126	7.223358883406168	-126.74530982345432
11231155.778894473	0.9285843453108269	7.19988951361556	-106.82951723719538
11306532.663316583	0.9254884114343298	7.155407615080827	23.319842967447276
11381909.547738696	0.948999753993572	6.965779343187049	-92.01098527976609
11457286.432160806	0.9300074586231667	6.956556540586487	-88.6632822156353
11532663.316582916	0.9525028568865469	6.804733698054488	36.2578914158439
11608040.201005025	0.9543022372198366	6.72305831844392	-71.29404313043091
11683417.085427135	0.9440703620434345	6.687925618336448	-46.58623900679987
11758793.969849246	0.9312927524707495	6.642755459231933	114.52232132897682
11834170.854271358	0.9358983079943686	6.5504220899248	59.996437796910016
11909547.738693468	0.9569169505527756	6.401125645403965	154.88355433252295
11984924.623115579	0.9585603162692571	6.333537119614777	45.917344353381075
12060301.50753769	0.9386218843189527	6.329451791239953	102.80589033078344
12135678.391959801	0.9517148500347128	6.219440464079139	-27.45508233838407
12211055.276381912	0.947435041553655	6.170687882516396	23.654956414278423
12286432.16080402	0.937082968414258	6.118396198728513	-90.45451395527002
12361809.04522613	0.9651900503304578	5.974106792389617	0.12132004135337612
12437185.929648241	0.94191435594003	5.983028150645327	-51.70273199136086
12512562.814070353	0.9665911238974249	5.823540075406946	130.91297689810688
12587939.698492464	0.9459648361569215	5.812674522471174	-156.78863461983798
12663316.582914574	0.9594791069253161	5.7086810307088145	-172.889532739545
12738693.467336686	0.9636978325480196	5.642473295381359	106.9909414661902
12814070.351758797	0.9454016594416502	5.660709548569111	-11.767675816643218
12889447.236180907	0.9772338732391664	5.480758708300582	-130.6648810769746
12964824.120603016	0.9731163662678713	5.421004607596275	150.18556984008995
13040201.005025126	0.9540455026483223	5.420777369243783	172.03933673458505
13115577.889447236	0.9441407313485173	5.412540669786542	9.153757493915833
13190954.773869349	0.9483438465911299	5.317666799280841	139.7639495713672
13266331.65829146	0.9910954883312157	5.172690881051097	40.17423454179559
13341708.54271357	0.9821425979201256	5.118653980816677	133.52420916397122
13417085.427135678	0.9456275416250172	5.204585300068751	3.6019653299188925
13492462.311557788	1.0062862093973048	4.979589301207319	13.289887524132771
13567839.195979899	1.0104135902083173	4.895421044512386	-153.80507724449816
13643216.080402011	0.9609228739680906	4.984562416224069	-59.37754832764983
13718592.964824121	1.015275400707312	4.788057270274614	125.08214348014825
13793969.849246232	0.9484704910375246	4.896622043391606	157.73523352466097
13869346.733668344	0.9595079795678889	4.829858921592374	112.92127963236445
13944723.618090454	1.050753014570902	4.57054074524053	51.21021304461698
14020100.502512565	0.968864592869944	4.715754761538259	16.750815860482348
14095477.386934673	1.034641551616415	4.510707991223693	45.99000946623989
14170854.271356784	0.9743964712883376	4.580549388620567	170.72035397249385
14246231.155778894	0.9611819318324426	4.578689095345532	60.501737728197476
14321608.040201006	0.9928995213038471	4.445303125586102	96.19242515132221
14396984.924623117	0.9711802740523366	4.463399150874661	-57.25730989125763
14472361.809045227	0.9814334698908197	4.393118819591583	-23.763096408298097
14547738.69346734	1.0366171542486269	4.220211652684156	-141.99481555193788
14623115.57788945	0.9616099879382922	4.340672876882893	-36.07294675073175
14698492.46231156	0.9799393743186148	4.255908210465855	-52.08801082220846
14773869.346733669	1.0397581048902136	4.079204670722409	-172.62813746048772
14849246.23115578	0.9592279275578387	4.2102409517256	-26.312081450847472
14924623.11557789	1.0428918957838627	3.9988697132001345	42.04729789158912
15000000.000000002	0.9863604868341047	4.062103667962632	43.56774057047567
