0.0	1.6540269765647175	90.31116785864727	15.885146304204406
75376.88442211054	1.63618391569322	91.14561081563612	-144.76294238808936
150753.7688442211	1.618751431991533	88.90098219310345	103.1961390371302
226130.65326633165	1.6010082236411434	91.22489440463643	127.33166664731604
301507.53768844216	1.58464001416917	88.65438709538891	-173.32369224045647
376884.4221105527	1.5679737750648184	90.72316393111143	90.43956830402429
452261.30653266323	1.550853091040458	89.07103223134057	-135.47776337397386
527638.1909547738	1.5340387801803348	90.44606883865555	79.17082684880357
603015.0753768843	1.5175166746529636	89.43168455369462	-123.66666897273636
678391.9597989948	1.5025306011322224	90.26604525683551	77.62682834183171
753768.8442211054	1.4855535826210027	89.59991273856568	-122.09435087361615
829145.728643216	1.4696864664762628	90.23747228265972	79.52044798673938
904522.6130653265	1.4544662597406763	89.58582906050304	-124.65971370115483
979899.4974874371	1.439420894668152	90.26495269340143	83.27945452363846
1055276.381909548	1.4227729300164735	89.476348608745	-130.87759190446948
1130653.2663316582	1.4081499815315963	90.39950469488487	90.12427640359196
1206030.150753769	1.3939703371793288	89.24412417199851	-143.23470518884145
1281407.0351758793	1.378727083444458	90.56622503606253	102.87977350621462
1356783.91959799	1.3643769582277718	89.04248069565898	-165.16897005742317
1432160.8040201003	1.3488941117488833	90.82008971888227	125.28563628266065
1507537.6884422114	1.3351896252470712	88.9811909058671	162.46635031896724
1582914.5728643213	1.3214804896804444	90.92288330900399	159.34556862009205
1658291.4572864324	1.3062327267141236	89.1585839022616	125.63056827257809
1733668.3417085425	1.2931374204776478	90.72308923808369	-161.13638679961414
1809045.2261306534	1.2798086588113278	89.50208272060352	96.72415184682116
1884422.1105527636	1.2655039441924358	90.19996119023313	-133.84649608730922
1959798.9949748747	1.2510658699565271	90.02197613665672	87.16331434816281
2035175.879396985	1.2382647777512725	89.55216858794317	-139.02312008503253
2110552.763819096	1.22531275996847	90.48454170903936	105.90025597893059
2185929.648241206	1.2122987351027117	89.05516118905673	175.8091544700832
2261306.5326633165	1.1994327719948115	90.78508559532166	156.8840180409723
2336683.4170854273	1.1858722715511543	89.31868054609039	117.21406583599371
2412060.301507538	1.1751962120271602	90.37225939971053	-146.99663699525934
2487437.1859296476	1.1621104042814492	89.80846096151663	89.5903847375353
2562814.0703517585	1.1504964894939176	89.48362302661914	-142.5029702536254
2638190.9547738694	1.1366339700331638	90.45200160485682	113.40727933729015
2713567.83919598	1.123322473866313	89.10866558491682	155.90542668706033
2788944.7236180906	1.112487517457109	90.59979868630701	-175.98018985750244
2864321.6080402015	1.102626925833555	89.37316624174545	97.75217086842747
2939698.4924623114	1.090387184063962	89.5374369468914	-137.790074842076
3015075.3768844227	1.077799464285019	90.09622092983265	108.53206257940855
3090452.2613065327	1.0699611658589718	88.50906139452096	165.7367590852284
3165829.1457286435	1.0533893989827343	89.99524075873126	-166.1784014589922
3241206.030150754	1.049165041524974	88.30968198848657	110.87710097195938
3316582.914572865	1.031545912597922	87.50240810929371	-108.56957777311366
3391959.7989949747	1.0326217038525753	84.55098412075493	-121.97516143898858
3467336.683417086	0.9692882657174041	85.87723741541323	-174.84701278805062
3542713.567839196	0.963788327685641	85.64512876994027	111.03323837201637
3618090.452261307	0.9575555252534595	84.67705588046289	-166.83966594275185
3693467.336683417	0.955709135252409	83.22978570352582	-146.04762328547824
3768844.221105528	0.941907428284851	82.45382998938425	-58.91645617227534
3844221.105527639	0.9334776268266681	81.21446427284398	171.9066381873035
3919597.9899497484	0.9282114312201185	80.01654561834873	-139.18220400316676
3994974.8743718592	0.9256655972649729	78.60561221601795	105.96443002507334
4070351.75879397	0.9160976947620729	77.64307501011696	-157.15285500087887
4145728.643216081	0.9106498578805514	76.43452776822441	160.81014605199346
4221105.527638192	0.9104673935976024	75.09252653593218	-11.197648601144154
4296482.412060302	0.9068706684210996	73.88267631003144	54.220831522208364
4371859.296482412	0.9020373522084066	72.78673361682156	5.278540284698215
4447236.1809045235	0.8918945980627515	71.85028200356962	-150.846694403416
4522613.065326633	0.8931639554002496	70.5872990364865	-46.23677228585084
4597989.949748743	0.8909187281101403	69.44082068245362	-32.339140319167605
4673366.834170855	0.8876195657004831	68.36156255378647	-100.85057060555948
4748743.718592966	0.881067913295388	67.4421736876503	117.2365311848815
4824120.603015076	0.8778219065731129	66.46225623430516	-88.23059997413992
4899497.487437186	0.8808264130212987	65.1639719319701	11.965752871296036
4974874.371859296	0.8782060878738945	64.14435136149491	67.96245440486496
5050251.256281408	0.8736525363241217	63.23911662818366	90.18464928693817
5125628.140703519	0.8697509598572997	62.359578165856476	89.33815217731647
5201005.025125629	0.8740381468276562	61.13229218381432	75.74885448950072
5276381.909547739	0.8710405383862013	60.240742494062545	60.436166450247256
5351758.79396985	0.8675273511898669	59.432817680788	54.74752083872522
5427135.67839196	0.8656777970182781	58.47607035062955	68.94506295987367
5502512.562814072	0.8717393970407404	57.32094662066774	114.80026278675913
5577889.447236181	0.8662497301122227	56.58166091112454	-157.1933870228065
5653266.331658292	0.8697659638223603	55.59693274848515	-15.451433306086498
5728643.216080403	0.8674219260154173	54.79955192872175	-169.7083481543382
5804020.100502512	0.8647993294427647	53.994374175217544	110.9742858508243
5879396.984924623	0.8710588534669965	52.95664385684433	117.28882792230272
5954773.869346734	0.8719452797924498	52.11280129204768	-140.15039253743092
6030150.753768845	0.8665428098336658	51.474384127983065	68.96132248368018
6105527.638190956	0.8725613935562708	50.52754621685199	34.41864284232255
6180904.522613065	0.866129363506013	49.975797100750235	126.43897603730146
6256281.407035177	0.8682296782675416	49.12361364277749	-5.484516393296008
6331658.291457287	0.8750407470965457	48.22119093641411	8.407216921239256
6407035.175879398	0.868141720433452	47.64377464889372	177.26219029182744
6482412.060301508	0.8765599542350949	46.737228784848256	149.74418259130462
6557788.944723618	0.8756860641328988	46.073953936202614	-65.30048902689789
6633165.82914573	0.8738162165727591	45.48973134538771	-98.83651821660462
6708542.713567839	0.8795716464688371	44.658312257367136	56.43171610844312
6783919.597989949	0.8791102059378237	44.02854030407802	49.240482178014226
6859296.482412061	0.8810132271329019	43.33009522160702	-112.70832587253359
6934673.366834172	0.8748541049012961	42.874527138598694	-61.857597337941016
7010050.251256282	0.8789990445819295	42.156478806565445	-151.59404278123787
7085427.135678392	0.8827814636830673	41.528850002277956	-13.673788555605055
7160804.020100503	0.8837388837510153	40.928770920193855	-2.323751179940182
7236180.904522614	0.8798096924756699	40.38345883832847	-110.60576778841649
7311557.788944725	0.8913861482109534	39.599054790728324	27.91285797857357
7386934.673366834	0.8829114635103101	39.23062845552011	59.53118316677286
7462311.557788945	0.890400355168512	38.554137993209196	-9.55693769543476
7537688.442211056	0.8863565108349687	38.06128190504228	-174.0349858619286
7613065.326633166	0.8965632000897681	37.36136388318355	-68.26896203992972
7688442.211055276	0.898949815657132	36.8146441872196	-46.2353540895432
7763819.095477387	0.8959212687987698	36.38338687389535	-102.96749028933294
7839195.979899499	0.8930937771458298	35.9333256896679	126.27754690730524
7914572.864321609	0.8916415632656436	35.48572796379285	-73.23393532799088
7989949.7487437185	0.9033443924233453	34.79427307417674	23.65595976372421
8065326.63316583	0.903814507516113	34.32837533404269	60.78694291951705
8140703.51758794	0.8958428750476859	34.05919480922702	43.78598635293592
8216080.4020100515	0.9042299386799578	33.427781453911415	-23.27888101928693
8291457.28643216	0.9019528881013148	33.03616996852464	-136.60880889755404
8366834.170854271	0.9052776805772987	32.54267377142503	68.46717467931951
8442211.055276383	0.9081802818304869	32.04554187960575	-124.33906511008904
8517587.939698493	0.902677196068302	31.779823010664963	9.89260964120487
8592964.824120604	0.9058943510063862	31.29843572083882	114.46546117161998
8668341.708542714	0.9187802367689478	30.668273429532913	-166.14908372943205
8743718.592964824	0.9174609090242007	30.29420711992468	-108.68670094849382
8819095.477386933	0.9175913610643665	29.929065741439924	-69.22452657284846
8894472.361809047	0.911039951855561	29.675792606201416	-44.44960757658101
8969849.246231154	0.925288144537065	29.060995798837816	-29.619536185852734
9045226.130653266	0.9195088733573302	28.773179786570477	-21.766866269616703
9120603.015075376	0.92099914495783	28.392244437253876	-16.908174632006638
9195979.899497487	0.9184365097864893	28.073450018289137	-11.459477302771306
9271356.783919599	0.9207860068066194	27.695070045730365	-1.3349277612596082
9346733.66834171	0.9160484520510054	27.419402982271624	15.836329099004228
9422110.55276382	0.9320902259845981	26.857385734077692	45.072059810459564
9497487.437185928	0.9344070194026818	26.491520821483288	89.20267471579932
9572864.321608042	0.9221016889391501	26.315695836918337	152.34522808966372
9648241.206030149	0.9370947337742098	25.80155535609411	-122.17645581662678
9723618.090452261	0.9219265962531575	25.708037930233285	-9.563663736517134
9798994.974874372	0.9271909919360617	25.299117671193137	133.59583722375345
9874371.859296482	0.9337313685261817	24.921769246363876	-48.9684418525141
9949748.74371859	0.9376921835796677	24.54408037403917	166.8765416376063
10025125.628140705	0.943348182154812	24.214496325974388	65.305712991769
10100502.512562815	0.9480889060887787	23.869733453644653	10.449373632129667
10175879.396984925	0.9278153665616495	23.858332066988083	7.51792855765715
10251256.281407034	0.9299463687858398	23.50940894471174	60.06360149913593
10326633.165829148	0.9528281649818504	22.92908993460817	173.9190598514167
10402010.050251255	0.9305693583965682	22.97654146002976	-6.9309628469447375
10477386.934673367	0.9457188251760654	22.47645432303306	-117.15056913820322
10552763.819095477	0.9406814010244732	22.28470397261323	-150.1991120455745
10628140.703517588	0.9428628302652579	21.992429938091682	-102.78224107929641
10703517.587939696	0.9439557990550582	21.734407738537573	33.8598008115153
10778894.47236181	0.935380136104808	21.558385753469473	-96.18969355681389
10854271.356783917	0.9458288896688519	21.180941736923224	-125.0511230134572
10929648.24120603	0.9629658232364953	20.760519118839635	-46.75155695222843
11005025.125628144	0.9565955032562293	20.58498445976586	148.2321516733998
11080402.01005025	0.962692092167389	20.289050594928995	105.7207425028645
11155778.894472362	0.9419054232914829	20.244443744099193	-162.76910487692894
11231155.778894473	0.9665225025023284	19.779493340787592	70.26279211862328
11306532.663316583	0.9707130857436688	19.511024161334376	95.81336116297112
11381909.547738692	0.9651303608207945	19.335430986642553	-74.62107863706622
11457286.432160806	0.9672703675441824	19.082476488277774	-67.54462477711012
11532663.316582913	0.9742707793262808	18.79447844003012	130.8741279607156
11608040.201005025	0.9417505250979865	18.882300775544426	176.69259312816286
11683417.085427135	0.971073257344919	18.413998162144864	88.27427175963136
11758793.969849246	0.9725271750243134	18.17263919798868	-114.56462601536964
11834170.854271354	0.9729800166093304	17.976268761323432	-43.98854080537372
11909547.738693468	0.9502457737492107	17.982677445934055	-34.04073414461073
11984924.623115579	0.9492382097036377	17.780965251292333	-44.547325029823426
12060301.507537687	0.9814662982863473	17.294733532534163	-32.36972178133824
12135678.391959801	0.9874712872027268	17.047536235409	63.61472888303235
12211055.276381908	0.9894074233296584	16.843763169139926	-30.87607774086247
12286432.16080402	0.9859899569954137	16.66100092727554	172.44594225539964
12361809.04522613	0.9940324046325124	16.397464585159337	-171.452501040487
12437185.929648241	0.9919292903582273	16.24063359166502	142.94192083748973
12512562.81407035	1.0334388213127805	15.724782647041627	166.07606536086314
12587939.698492464	0.9698986888532868	16.086704259324797	11.998798297010591
12663316.58291457	0.9764509790749741	15.842787666974377	-57.3788237258783
12738693.467336686	1.0012164046035745	15.472117409478487	-88.45346896606893
12814070.351758793	1.0125691984939256	15.221023014512888	74.09039652995389
12889447.236180907	1.014874006771122	15.018741939249594	167.16327978636355
12964824.120603016	1.0024534075684186	14.954078385452059	-104.03156092197035
13040201.005025126	0.998899084445037	14.834348924147115	32.52356911016641
13115577.889447236	0.9850392406393242	14.754824898509511	-102.10794111925551
13190954.773869345	0.9895620322774084	14.560111675176838	-116.13256875571736
13266331.65829146	0.9857172631904726	14.447139656501859	19.54244805030654
13341708.542713566	0.9878829460988071	14.268330095609167	-31.36602045435236
13417085.427135678	1.0089948986379218	13.962669282614272	114.1869436240687
13492462.311557788	1.0388144284889758	13.618996768633286	114.49023003341335
13567839.195979899	1.0152264764634662	13.62695629831859	-11.633058598602357
13643216.080402011	1.0024675183198948	13.559480265634578	109.93805124183952
13718592.964824121	0.9869238816820898	13.50854970202238	135.70017744243364
13793969.849246232	1.001913432887604	13.270120194249467	78.20643931077754
13869346.73366834	0.9770175637980955	13.29238828829227	-48.24670715927738
13944723.618090454	1.022882966824256	12.838776674103617	126.50540960621353
14020100.502512561	1.0126835334660396	12.774254717460986	-103.86983922669732
14095477.386934673	1.0119831589208843	12.636634640058316	-9.614342816348348
14170854.271356784	1.0397943602857762	12.330841804460933	60.17592564166826
14246231.155778894	0.9906202692748506	12.490922152099124	114.73166885399773
14321608.040201003	1.0106596300856514	12.239597779896181	163.56732481422068
14396984.924623117	0.9793869240922547	12.290318134111246	-143.8954544706143
14472361.809045224	0.9933403006734703	12.07777408049297	-78.48904157196584
14547738.69346734	0.9569984111917903	12.188291688499925	7.646765654374065
14623115.577889446	1.014587595114164	11.692057069411751	122.58761291121014
14698492.46231156	1.0383673181155397	11.431308422947453	-85.19219585456057
14773869.346733669	1.0398811762073628	11.299543251190459	110.68641614425583
14849246.23115578	1.0009357697965662	11.39497377994812	-1.207874481968551
14924623.11557789	0.9693840269786186	11.467285380200375	-53.8890969711324
14999999.999999998	0.9895482352400066	11.219745181050229	-40.919535185798026
