0.0	1.6949392629825213	49.40118292407127	0.0
25125.628140703517	1.6562934119762156	47.5536416904387	-26.52351567430329
50251.25628140703	1.6194160425980046	45.902629591118426	-54.2336334766686
75376.88442211055	1.5842708342750813	44.63788998635917	-83.31483816249012
100502.51256281407	1.5508440230204783	43.893618069474684	-114.20895476734671
125628.14070351757	1.519123014945105	43.632185181870135	-147.5605908677501
150753.76884422108	1.4890601871288143	43.71447648544849	176.27765607709793
175879.39698492465	1.4605776959445507	43.87864800543332	138.30004275080898
201005.02512562813	1.4336323259418386	43.86214106780636	100.95024206710985
226130.65326633168	1.408081282559036	43.39796282998236	66.00782808287228
251256.28140703513	1.3838544278650735	42.36977660972214	33.34058464436979
276381.9095477387	1.3609058319645195	40.8017173093189	1.8463451526332213
301507.5376884422	1.339198836377706	38.88613730063928	-29.47998670989487
326633.1658291457	1.3185986776535854	36.97432003135321	-61.41459855240711
351758.7939698492	1.2991066137084706	35.477183164115324	-95.59321224667382
376884.4221105527	1.280653775741435	34.713295088514215	-138.24064705050029
402010.05025125627	1.2632821723550829	34.60903854952013	153.52756134821163
427135.6783919598	1.2469609410687439	34.76975826619232	83.8060987082592
452261.30653266323	1.2314948652159996	34.65989575591829	40.74616214785228
477386.9346733669	1.2170109729377334	33.90044362408587	6.627154516853297
502512.5628140704	1.2032950336472223	32.436648870228666	-25.622203618961905
527638.1909547738	1.190447639371125	30.545243238507986	-57.184278583899356
552763.8190954775	1.1783174214611314	28.835133852183017	-87.83185205594822
577889.4472361809	1.166835789755277	27.869317211047115	-121.10361374271747
603015.0753768845	1.15607416923187	27.754653028901885	82.60122692748521
628140.703517588	1.1460315081486645	27.98835971503956	29.174211396420137
653266.3316582914	1.1365423460939446	27.838690637274034	-0.7768377735151603
678391.959798995	1.127767225439966	26.890429833153096	-30.631983467204904
703517.5879396984	1.1193384070746457	25.237912165272878	-60.123076565826544
728643.216080402	1.11151609700588	23.503105018753995	-85.70716005777668
753768.8442211054	1.1043015366002962	22.47809443922051	-97.0199955959494
778894.4723618091	1.097330639612487	22.411989019427462	-3.4241019930177483
804020.1005025125	1.0908877528202747	22.740496761585582	-5.321247997794062
829145.7286432162	1.0848482468221505	22.604917609619264	-28.170041335645085
854271.3567839196	1.0793714301490744	21.568904011613245	-54.8410081198157
879396.984924623	1.0740017394477146	19.923846700989564	-79.0394808291459
904522.6130653267	1.069173296918512	18.49417611994676	-90.59307726521274
929648.2412060301	1.0645633902396552	18.049377111694902	-50.948452732289844
954773.8693467338	1.0602031231876001	18.414866928730003	-24.416749332977112
979899.4974874371	1.0562277507575744	18.64449255043105	-38.60322348824096
1005025.1256281408	1.052456764960923	18.0303166709812	-61.40538682515122
1030150.7537688442	1.0488446257927482	16.596609085818077	-82.67161563526791
1055276.3819095476	1.0455176759889946	15.128310242391608	-90.75152301116455
1080402.0100502511	1.0423193052043822	14.58376087770937	-63.15928827370599
1105527.638190955	1.0396143071589652	14.974507435692445	-42.92400330624419
1130653.2663316582	1.0368686051798723	15.357554964470877	-53.69652749957788
1155778.8944723618	1.034535496977915	14.905921182852829	-73.45701039536809
1180904.5226130656	1.0321366024260554	13.585181759477276	-90.69127946072845
1206030.150753769	1.0301422204206092	12.206765093422199	-92.71457498615713
1231155.7788944724	1.0281171339123565	11.771101097317139	-68.9347408206815
1256281.407035176	1.026002761167712	12.274066524106933	-58.664955947012295
1281407.0351758793	1.0239042902159796	12.702857537779533	-69.86221004554982
1306532.6633165828	1.022869126696356	12.23742691449184	-87.15337569696031
1331658.2914572866	1.020820860109435	10.950761144948059	-99.40428340162629
1356783.91959799	1.0199257250480316	9.716621907485717	-94.64595463499126
1381909.5477386934	1.0185064532403065	9.514829783276744	-75.79582699068867
1407035.1758793972	1.0169829243368704	10.157834193472917	-73.64175675589512
1432160.8040201007	1.0160566779257478	10.543061594593011	-85.72989773366734
1457286.432160804	1.015230822348764	9.985918173991148	-100.2230098059345
1482412.0603015076	1.0132524876784197	8.709582576115455	-106.94852377179392
1507537.688442211	1.012982420248405	7.652693522352326	-97.6211614874695
1532663.3165829144	1.0115112705962104	7.718742217032833	-85.29228822977677
1557788.9447236182	1.011331687245215	8.46096712390852	-88.25233881947568
1582914.5728643218	1.0107088727404754	8.770388031337026	-100.16002548336479
1608040.201005025	1.010283039974538	8.13982755255091	-111.46617833434635
1633165.8291457286	1.0096395946105885	6.886837019097811	-113.71380969596828
1658291.4572864324	1.0076296632236437	5.971238605540953	-103.80551296092347
1683417.0854271357	1.006835368079479	6.205913200149446	-96.64251160186419
1708542.7135678392	1.0082344304151662	7.003060732784684	-101.39535927774244
1733668.3417085425	1.0073161860854365	7.3323905852670785	-111.90114756435509
1758793.969849246	1.005047317544485	6.800336548078834	-120.83725260278818
1783919.5979899499	1.0053298065215959	5.622827057734082	-122.07140357808585
1809045.2261306534	1.0040787542635623	4.602988692866761	-114.63740705555284
1834170.8542713567	1.0057867451721803	4.636264245857814	-108.84281836102191
1859296.4824120603	1.0039242808049984	5.450522858836979	-111.42855049207921
1884422.110552764	1.0059475811127245	6.102869437080267	-119.08532030365907
1909547.7386934676	1.0029134505055293	6.15695902670949	-127.10686434195192
1934673.3668341709	1.001534277191579	5.546757230722628	-132.13258970326888
1959798.9949748742	1.000600626729607	4.495930417120389	-132.7740617407774
1984924.6231155777	1.0051420313739516	3.281918188065181	-130.5237231571001
2010050.2512562815	0.9949905337532915	2.419884052860908	-126.13057352881441
2035175.879396985	1.0006648537087854	2.698098231209738	-124.42952806800511
2060301.5075376884	0.995571874775244	3.6172727311410617	-128.9855355238017
2085427.135678392	1.0005183237327462	4.042865870064611	-137.02018734491242
2110552.763819095	0.9971035559081025	3.537792801186514	-141.54348792307053
2135678.391959799	0.9989763571829853	2.426966507660937	-136.71173771661674
2160804.0201005023	1.000331834643791	2.292519925057206	-132.55952049881492
2185929.648241206	0.9957584824446148	3.184099034363535	-139.16829974183355
2211055.27638191	1.0001027725099478	3.2686552468088745	-147.45504317394068
2236180.9045226136	1.0008121220224684	2.3027174143059113	-144.49756868346267
2261306.5326633165	1.0007483136987254	1.945347619694374	-139.00456074423371
2286432.16080402	1.0037867599112553	2.807930149811815	-146.70202267639309
2311557.7889447236	0.9975411594748865	2.7518091604065393	-153.9751246655776
2336683.4170854273	0.9993879374398276	1.7334889133416649	-146.96327391497508
2361809.045226131	0.9968945654118664	2.030977736444872	-146.90214892940264
2386934.6733668344	1.0031117461901549	2.6350862113958944	-157.5539187565029
2412060.301507538	0.9986611236669394	1.9336348127006977	-156.2625367782396
2437185.929648241	0.9979163344019069	1.4724305662174972	-149.93076734925728
2462311.557788945	1.002977506658629	2.3140942868714607	-160.21317639843724
2487437.185929648	0.9971393956466097	2.0039112452640935	-163.79806008977457
2512562.814070352	1.0018538082717372	1.1916632347181342	-154.31125303923298
2537688.4422110557	1.0026262136494621	2.0018552149643236	-163.6772239795143
2562814.0703517585	0.9996364670354648	1.9357996558290007	-170.24960452213907
2587939.6984924623	1.0014354309487945	1.0284052723057744	-158.68369789284392
2613065.3266331656	1.0012002168103473	1.7725087970952873	-168.31760257981472
2638190.9547738694	0.9993581682690668	1.7998969384743575	-176.78010117495984
2663316.582914573	1.0002295321793573	0.8907442075945314	-162.31894536072372
2688442.211055277	0.9993532430803708	1.624218942526866	-174.547175185872
2713567.83919598	1.0000392058895182	1.6367515739711234	175.30622709418293
2738693.467336684	0.9984625304027843	0.7513003785981229	-164.53482483640968
2763819.095477387	0.9988698238783198	1.5321399723578124	175.86161582930927
2788944.7236180906	0.9983591666395973	1.449660550015033	160.30231317761
2814070.3517587944	1.0007613108460187	0.6483812074880517	-162.39350703358178
2839195.9798994977	0.9982301808511498	1.478254740493384	150.351665347631
2864321.6080402015	0.9982980450162068	1.2296767738393442	37.244923125554045
2889447.2361809043	0.9995944689537136	0.6140256806700143	-40.86774617144823
2914572.864321608	1.0007337897168764	1.4266026672979004	37.201409883776776
2939698.4924623114	1.0008986493308123	0.9902955126722153	-0.473744245959041
2964824.120603015	0.9999615688463381	0.6755302404627465	-7.060629564823062
2989949.748743719	1.000624105793557	1.3571788981327606	7.082823022186469
3015075.376884422	1.0012387994122582	0.713331411172441	-9.327025761881877
3040201.0050251256	0.9986562312996756	0.797206638844927	-7.346902894628486
3065326.633165829	1.0011700817205884	1.2490655337402443	-4.3294873195207915
3090452.2613065327	1.00026596085641	0.4387383221055192	-14.672154670990524
3115577.8894472364	0.9992165491957271	0.9217165032726059	-10.506592091881087
3140703.51758794	0.9990660166769347	1.092108489359731	-12.482106551905723
3165829.1457286435	0.9995752156119511	0.21159308636220095	-18.671268289063708
3190954.7738693473	1.000791536425949	1.0055106943084684	-14.954624645739662
3216080.40201005	1.0005289919666684	0.8802730397028106	-19.261902387488174
3241206.030150754	0.9990396304197174	0.27545624969388766	-22.130772399028718
3266331.658291457	1.0009715022445944	1.0430379503791685	-20.175859999003375
3291457.286432161	0.9991229432443264	0.6302623148722781	-25.066992679513945
3316582.914572865	1.0003645050144307	0.4892649253141883	-25.627405705539076
3341708.5427135676	1.000602774591263	0.9933088541831813	-25.8019253388127
3366834.1708542714	0.9993936278383339	0.3494766885678196	-30.07342996463108
3391959.7989949747	0.9992425727783023	0.6820619326045139	-29.54655753414963
3417085.4271356785	0.9997418917154173	0.8921456206652447	-31.50487672719868
3442211.0552763822	1.000121933987856	0.07079983479687743	-34.50134813543707
3467336.683417085	1.0002509997600488	0.8001095625614206	-34.03600683106491
3492462.3115577884	1.0002057179534627	0.7137436497953219	-37.02023388417123
3517587.939698492	0.9999592688748608	0.20109204121982432	-38.6645899335423
3542713.567839196	0.9996038276108294	0.8538639217066951	-39.02012386444957
3567839.1959798997	0.9993689118067232	0.5028002787414949	-42.1890054975091
3592964.824120603	0.9996234294171035	0.4344537963776885	-42.889815693342335
3618090.452261307	1.0003051700318668	0.8218959432393496	-44.29966082045397
3643216.0804020106	1.000533521908926	0.28143690342130384	-46.99704311019402
3668341.7085427134	0.9997969463615886	0.5959102425524394	-47.40434263624217
3693467.336683417	0.9995382461637162	0.7273814330666704	-49.6392124076526
3718592.9648241205	1.0003788558992877	0.15494813735168023	-51.56726167079566
3743718.5929648243	1.0001434969402345	0.7046757022676775	-52.27438810250451
3768844.221105528	0.9995383153309132	0.5794368150353284	-54.85496025398783
3793969.849246231	1.000378100848124	0.2848644234609669	-56.098917698321245
3819095.477386934	0.9999175529502199	0.7284835126265338	-57.42319161211361
3844221.105527638	0.9997988121564533	0.4082346561280894	-59.86268044126948
3869346.7336683418	1.0003598513587306	0.4547684612574995	-60.77454516523992
3894472.3618090455	0.9995991789078739	0.6927443280195403	-62.69876390847626
3919597.9899497484	1.000360814883797	0.27656490765635144	-64.69281665128739
3944723.6180904517	0.9997127717119453	0.5742353625583029	-65.68630410026395
3969849.2462311555	1.0002072405176374	0.6036373179560346	-67.94803211721236
3994974.8743718592	0.9998540099230397	0.2631222475246116	-69.45756649650393
4020100.502512563	1.0001050693990983	0.6410636003051309	-70.818024856472
4045226.1306532663	0.9999209507568647	0.4755521124463154	-73.07494357975587
4070351.75879397	1.000075512480362	0.3801007450649969	-74.28651117766368
4095477.386934674	0.9999180477294206	0.6469905241419077	-76.07461874388669
4120603.0150753767	1.0001025824004017	0.36620162924218147	-78.06696098438324
4145728.64321608	0.9998649741864137	0.4875538498544394	-79.26340863232602
4170854.271356784	1.000168506991043	0.5988486501590744	-81.33871699741287
4195979.899497488	0.9997991096659699	0.30671882876861306	-82.98261169098986
4221105.52763819	1.0002268788617437	0.5692592646688183	-84.39636056908
4246231.155778894	0.999761367551075	0.5217962375055265	-86.52095209792684
4271356.783919598	1.0002330872496032	0.3460951776534507	-87.9098187101964
4296482.412060302	0.999797797581296	0.6042314275663748	-89.62705250586329
4321608.040201005	1.0001473321536787	0.4252592801407434	-91.58986333548019
4346733.668341708	0.9999301086667104	0.4297459695582327	-92.91704464431598
4371859.296482412	0.9999867192856804	0.585432155876455	-94.86758870155357
4396984.924623116	1.0000928535373557	0.36602784030648355	-96.5721987199335
4422110.55276382	0.9998469155143541	0.5051425379320009	-98.0224761615501
4447236.1809045235	1.000180840697831	0.5465078585334205	-100.04088491256631
4472361.809045227	0.9998326085291395	0.3519243502838713	-101.52705684219643
4497487.437185929	1.0001144163416593	0.5487854204859407	-103.19217131330645
4522613.065326633	0.9999656326037711	0.471947777619919	-105.10952628068395
4547738.693467336	0.9999492132627772	0.3984251726057721	-106.50979874102867
4572864.32160804	1.0001166266645167	0.561766532134096	-108.36220721596753
4597989.949748743	0.9998551431681063	0.4200997452815747	-110.0822807998553
4623115.577889447	1.0001296052146154	0.4589445179336573	-111.54413287416448
4648241.206030151	0.9999251057630916	0.5354383418244815	-113.46972441815512
4673366.834170855	0.9999988276662405	0.3886910730144575	-114.99994595602105
4698492.462311558	1.000074553912811	0.5006074055825792	-116.6142626721938
4723618.090452262	0.9998831282549913	0.49775129966263143	-118.47795364130059
4748743.718592966	1.0001156095825954	0.4009455719673452	-119.90929572124205
4773869.346733669	0.9999285569555583	0.5320171911722671	-121.67684325222
4798994.974874373	1.0000052678049134	0.44767504790712664	-123.38670553278266
4824120.603015076	1.0000590540487324	0.4388430291656819	-124.83901792079101
4849246.231155778	0.9999042591192556	0.5194484543236972	-126.683269246274
4874371.859296482	1.0000949610783072	0.41758829916221735	-128.2260306021183
4899497.487437186	0.9999437203285261	0.4781548161226929	-129.78872425971633
4924623.11557789	0.9999977680126458	0.5045162768652544	-131.60119684409216
4949748.743718593	1.0000580127674916	0.41414950436683257	-133.03824401954395
4974874.371859296	0.9999144764658843	0.5035731494073925	-134.73355654602935
5000000.0	1.0000754356434203	0.466669809329843	-136.42684058666393
