0.0	0.5493088305544949	68.51675557316777	0.0
25125.628140703517	0.5562023078976265	61.65775037739919	-51.557114467397604
50251.25628140703	0.5677429212460388	56.1515254738835	-113.76407612450325
75376.88442211055	0.582022695089084	52.16953147485094	175.24969249970286
100502.51256281407	0.5978598015713593	48.70803142798403	98.90300672281441
125628.1407035176	0.6149244387870425	44.630331192324725	24.235932115134347
150753.7688442211	0.6331700681913116	40.2428841721289	-48.4394649474306
175879.39698492462	0.6520220981561016	37.04176999012707	-127.70477188853492
201005.02512562813	0.6706635349728246	35.29264414627303	132.59949307173582
226130.65326633168	0.6887826473521261	33.41067197859769	46.54164340512095
251256.28140703513	0.7064818739704659	30.541095783053333	-20.513438014083935
276381.9095477387	0.7238262677583093	27.80189219402585	-84.97624528463841
301507.5376884422	0.7405167745672004	26.49119115899109	176.67491233959325
326633.1658291457	0.756342814916478	25.85757438454632	59.96142088628099
351758.7939698493	0.7713284643720326	24.382618036879553	0.17306167893920113
376884.4221105527	0.7856061807663427	22.09371521634294	-50.51250549542157
402010.05025125627	0.7992818152824763	20.466198821121406	-99.6328439089516
427135.6783919598	0.812171821455968	20.15973474764585	69.1896382981606
452261.30653266335	0.8242209709080461	19.91057297475083	16.429405996784595
477386.9346733669	0.8356377599847366	18.59714309283645	-24.57593481290789
502512.56281407026	0.8463897506809172	16.717891940952025	-61.265229724504664
527638.1909547738	0.8565193423014137	15.695071394590505	-77.99835758321943
552763.8190954772	0.8659789623513279	15.827348224433935	12.485832459112402
577889.4472361809	0.8748678405108252	15.817394844534945	-6.778629120468344
603015.0753768843	0.8831159925532659	14.733414947292225	-36.948671659848536
628140.703517588	0.8909036715112308	13.09224888480878	-62.816024285942035
653266.3316582914	0.8982650720994271	12.266837772583962	-60.806733206448484
678391.9597989948	0.9050504511684767	12.584888608787914	-13.582719900882044
703517.5879396984	0.9114635536235828	12.822803945555503	-21.435380163418895
728643.216080402	0.9174248093091333	12.048159191965174	-44.03633296669902
753768.8442211054	0.9230068685448247	10.571899531914026	-63.512260415128615
778894.4723618089	0.928046538049708	9.666680621614917	-61.60207834360058
804020.1005025125	0.9329125713745814	9.982339505644857	-32.66005191053908
829145.728643216	0.9374913279978092	10.488425648566873	-32.924168195466095
854271.3567839196	0.941753174385001	10.102183520467888	-49.53711938591104
879396.984924623	0.9458599645549652	8.833658183327575	-65.64458664201365
904522.6130653265	0.9492967710651622	7.722846641372667	-67.41174567895926
929648.2412060301	0.9527615654496043	7.811214057964908	-49.037694673034046
954773.8693467336	0.9559721535442797	8.510783340114404	-43.82349119935853
979899.4974874371	0.9588891914048369	8.577190246512037	-55.07378472973176
1005025.1256281405	0.9617155534815026	7.645757744400768	-68.95329069306186
1030150.7537688442	0.9644182501266996	6.385442496707983	-74.02425320523719
1055276.3819095476	0.9667459407292233	6.036738275305122	-63.553064447339935
1080402.0100502511	0.9689409402279174	6.7270773868161315	-55.296591044882085
1105527.638190955	0.9712160937023777	7.225004175371136	-61.396608809848715
1130653.2663316582	0.9733654613695654	6.7701835144919595	-73.05409703947682
1155778.8944723618	0.9748883141972365	5.585369698884826	-80.3581603604333
1180904.5226130656	0.9764570157824042	4.726003918332688	-76.19844709570137
1206030.150753769	0.9783504559269232	5.1026580426860235	-67.62860586038255
1231155.7788944724	0.9798499785880072	5.889899404959625	-68.93098155105965
1256281.407035176	0.9810187725610906	5.986293739733612	-77.84520960201725
1281407.0351758793	0.9829313009279812	5.151262268204059	-86.18650349803997
1306532.6633165828	0.9841110686809857	3.987525087305378	-86.94007321991178
1331658.2914572866	0.9852081284764911	3.7172181515923404	-80.48119339729988
1356783.91959799	0.9856647185759244	4.504396787622459	-77.97705926880204
1381909.5477386934	0.9871746393272574	5.104735485085145	-83.44439001294242
1407035.1758793972	0.9881978984275128	4.839754836016941	-91.53163820072476
1432160.8040201007	0.9882357762652934	3.816820792446415	-95.80570166298634
1457286.432160804	0.9888594339839184	2.843688551762691	-93.12301036161915
1482412.0603015076	0.9903551877810093	3.0884959095726363	-88.80785076235193
1507537.688442211	0.9900381485968742	3.981748574068073	-90.23345517732628
1532663.3165829144	0.9914128344522607	4.375507564150499	-96.51426819846824
1557788.9447236182	0.9926235355591327	3.925480661165645	-102.67529572424547
1582914.5728643218	0.992661606373007	2.8652935460699016	-104.40352341590338
1608040.201005025	0.9934479701221243	2.016131141316731	-101.49505594618859
1633165.8291457286	0.9944134471468596	2.4831508249886345	-99.34341765441967
1658291.4572864324	0.9947121509029353	3.3922116852531916	-101.8099890773142
1683417.0854271357	0.9932254985138261	3.794461150096313	-107.29819665830276
1708542.7135678392	0.9948196092801727	3.478454424267821	-112.2993120593543
1733668.3417085425	0.9955581668851883	2.5665503956195495	-114.14455076843663
1758793.969849246	0.997293582169948	1.4687595835755565	-112.79920575424927
1783919.5979899499	0.9971937402016543	1.3546554527288817	-111.16034653072063
1809045.2261306534	0.9951586090718189	2.2849502882628445	-111.81796912029593
1834170.8542713567	0.9989864021393272	3.1260373019144896	-114.67869567986007
1859296.4824120603	1.0020080176841726	3.678217824614157	-117.92342216366744
1884422.110552764	1.0017017100379932	3.873058095174563	-122.49024836117196
1909547.7386934676	1.0002263469136163	3.514477270404336	-126.71150934044599
1934673.3668341709	1.000124366072205	2.5681608239171405	-127.48244905628727
1959798.9949748742	0.9962489669633233	1.5728563287718136	-124.24597518483752
1984924.6231155777	0.9982282294719781	1.9272731634915659	-122.98734248195572
2010050.2512562815	0.9997407375709109	2.798761669493495	-127.75728899843698
2035175.879396985	1.0031100102278145	2.874587584695089	-134.01359516506054
2060301.5075376884	0.9964658747490373	2.006339238799665	-134.3165284757624
2085427.135678392	0.9977797040541719	1.3409060139791582	-130.2420589516163
2110552.763819095	0.9967830537461814	2.194038483860327	-133.09408399151113
2135678.391959799	1.0022934465987978	2.5231857997739855	-140.0601153716364
2160804.0201005023	1.0038247453489006	1.7148232497786928	-140.12138818431316
2185929.648241206	1.0026444555586234	1.2253521885802137	-136.27229680895783
2211055.27638191	0.9992640120910438	2.1110454431371095	-141.34040742637606
2236180.9045226136	1.0030982554432584	2.073530026216876	-146.9693839624701
2261306.5326633165	1.00182664197022	1.083769599096202	-143.1037379744637
2286432.16080402	0.9972554402694315	1.5171086005259822	-143.7127699085295
2311557.7889447236	0.9997670149404454	2.0255240120241766	-151.22217236305232
2336683.4170854273	1.0028878885498265	1.2666105786904878	-150.04657835497682
2361809.045226131	0.9993917562236674	1.0799102298178815	-147.5444235278329
2386934.6733668344	0.9984805935182578	1.8390953396365501	-155.109173868139
2412060.301507538	1.0012564835463102	1.3370360680229068	-156.08174217994448
2437185.929648241	0.9996187167491224	0.8034314879024456	-152.00359382104338
2462311.557788945	1.0022709008597606	1.6456546212881602	-159.4474100003401
2487437.185929648	0.9996546514072098	1.3096575916770599	-161.4667966811921
2512562.814070352	1.0018672289463457	0.6512063947082637	-156.55521357027732
2537688.4422110557	1.0023062784531833	1.4945053562056116	-164.46225736555292
2562814.0703517585	0.9986976536985748	1.2112734562799403	-166.49985257927173
2587939.6984924623	1.0009651279406655	0.5581101632908633	-161.05082307299662
2613065.3266331656	0.9983483842935893	1.4011358588628668	-170.339925523974
2638190.9547738694	1.0020076487430125	1.069436886848557	-171.28546886422154
2663316.582914573	1.001898325686482	0.5219137396585062	-165.64187633845137
2688442.211055277	0.9999228230732299	1.3202403573165264	-177.60304099122357
2713567.83919598	1.0010045470078348	0.8980045196034439	-175.8537225699536
2738693.467336684	0.9997834040468021	0.5624563653043505	-170.83579663465173
2763819.095477387	1.001115203867277	1.2571488587418598	171.51150875396215
2788944.7236180906	1.000046393779081	0.696315036710036	179.68447787398244
2814070.3517587944	1.0009974936067418	0.6407817713153973	-178.85134749681845
2839195.9798994977	0.9993470086050752	1.1737086801221839	135.86200571134333
2864321.6080402015	0.9994739738312513	0.470044924196087	2.27176158775201
2889447.2361809043	1.0010861112016158	0.7585476248346784	51.07789379950573
2914572.864321608	0.9999974382315076	1.0640586026607486	20.095832407113495
2939698.4924623114	1.0001868708844548	0.2308512973027186	-5.932462313501187
2964824.120603015	0.9988200240362609	0.8498280094062289	4.993845182308727
2989949.748743719	1.0000786478728123	0.9181205805813897	0.0015408969816369815
3015075.376884422	1.0005665647795017	0.0780977359806998	-9.25287870507775
3040201.0050251256	1.000236259942614	0.9165572184668566	-3.099513657443189
3065326.633165829	0.9992712697380074	0.7278474533085099	-8.965727114610665
3090452.2613065327	0.9992604764223054	0.26955096832717707	-12.460798955653377
3115577.8894472364	1.0010149301232538	0.9308924396031403	-9.662944323726386
3140703.51758794	0.9991764606697024	0.5182175294436896	-15.336882743679782
3165829.1457286435	1.0008676878610356	0.4727626570088541	-15.961194711356947
3190954.7738693473	0.9990940310478654	0.8839443146161234	-15.840477679082161
3216080.40201005	1.0003485152787766	0.282765317117561	-20.494142689875783
3241206.030150754	1.0007525663478751	0.6312891063741721	-19.952719097151128
3266331.658291457	0.9997888907839296	0.7928061205451326	-21.74307989938001
3291457.286432161	0.9992560408280768	0.11278870183397971	-24.976463413690542
3316582.914572865	0.9992592085066413	0.7356749612035584	-24.466587296068592
3341708.5427135676	0.9993881745127472	0.6383694294089194	-27.304001711027617
3366834.1708542714	0.9994136422897277	0.2346699133328524	-29.17045279893447
3391959.7989949747	0.9993558712839893	0.7738132522831156	-29.40351227121134
3417085.4271356785	0.9993419492949938	0.47268779972817165	-32.47914536120747
3442211.0552763822	0.999584261608902	0.4157407460163726	-33.389415369727196
3467336.683417085	1.0001374231378408	0.7536651368217	-34.58483141222491
3492462.3115577884	1.0005909844038658	0.29695944973058525	-37.29986937648638
3517587.939698492	1.0002567386417722	0.5526035153758162	-37.83726110086785
3542713.567839196	0.999522092951575	0.6728451922346833	-39.82063890895751
3567839.1959798997	0.9997772725279114	0.22297007552494144	-41.88467301847775
3592964.824120603	1.0005171798017995	0.6497156326780549	-42.582133949765726
3618090.452261307	0.9999120882668133	0.5575462498457339	-44.96488864601651
3643216.0804020106	0.9996357625914343	0.30366593543842285	-46.40344320546029
3668341.7085427134	1.000461087790717	0.6706900367020222	-47.577874870187856
3693467.336683417	0.9997835520306891	0.42408422295643244	-49.944955445672875
3718592.9648241205	0.9999202425872079	0.4295923273909598	-51.01438064795255
3743718.5929648243	1.0003112183515277	0.6560285556703932	-52.713602016704094
3768844.221105528	0.9996101006051735	0.3202068148765738	-54.77460014515615
3793969.849246231	1.0003868570352619	0.5362624976707026	-55.810915292315535
3819095.477386934	0.9996883562408798	0.5826458125246526	-57.86888848516991
3844221.105527638	1.0002418009515062	0.30072382968353584	-59.533249765079475
3869346.7336683418	0.9998399304648566	0.5963987769563125	-60.80273510470724
3894472.3618090455	1.0001115802297957	0.49072164449965067	-62.9585559090186
3919597.9899497484	0.9999295278059046	0.375564461351563	-64.32289167543898
3944723.6180904517	1.0000647025748883	0.6134433572805182	-65.93432218932185
3969849.2462311555	0.9999442699566181	0.4016911877782461	-67.95509439661355
3994974.8743718592	1.00008052616847	0.4552458542527796	-69.22248346139136
4020100.502512563	0.9999060720598808	0.5855137210149125	-71.11962131335925
4045226.1306532663	1.0001360183743329	0.34158510147831833	-72.88730588112604
4070351.75879397	0.99983578716844	0.5362024365618695	-74.25880865725291
4095477.386934674	1.0002059527577178	0.5279942764088563	-76.28188421111783
4120603.0150753767	0.999778857826203	0.3595519181282412	-77.81539202078203
4145728.64321608	1.0002393527743711	0.566195555390194	-79.40588277262499
4170854.271356784	0.9997798868860919	0.4585537859952033	-81.37941175862584
4195979.899497488	1.0001962253574914	0.40843015854252757	-82.79742004060788
4221105.52763819	0.9998695926540392	0.5709876872882564	-84.60426509636291
4246231.155778894	1.0000638868314546	0.4017961060991579	-86.41321974872866
4271356.783919598	1.0000299709633265	0.47361328246978335	-87.86191381410546
4296482.412060302	0.9999036866148383	0.544494701652102	-89.79033486668027
4321608.040201005	1.0001599488903754	0.37640938083256714	-91.41550701846312
4346733.668341708	0.999827988809278	0.5172154060839018	-92.99899018751775
4371859.296482412	1.000164429498673	0.49127419796165894	-94.9199289861698
4396984.924623116	0.9998983969638267	0.40058659536961516	-96.42677230724249
4422110.55276382	1.0000327282372516	0.536762378364255	-98.16898440340688
4447236.1809045235	1.0000586305969192	0.45300128903669723	-99.98022806584922
4472361.809045227	0.9998870039466657	0.436051206624871	-101.47341879695544
4497487.437185929	1.000147663009026	0.5300129695887432	-103.32191401218691
4522613.065326633	0.9998796024971783	0.4119225823391074	-104.98627474906311
4547738.693467336	1.000075311378592	0.47927882057103005	-106.55577652909079
4572864.32160804	1.0000063060789088	0.5044610070230459	-108.4175701850629
4597989.949748743	0.9999341727380595	0.41546708183088965	-109.96662998011901
4623115.577889447	1.000117280237782	0.5073252904228303	-111.6499148931195
4648241.206030151	0.9998905107613745	0.46857873217546797	-113.43795527549537
4673366.834170855	1.000079185676935	0.4315906878303358	-114.94602921151144
4698492.462311558	0.9999945073395895	0.5087739030182625	-116.71976333660878
4723618.090452262	0.9999511665692822	0.44210230271019013	-118.38896858870048
4748743.718592966	1.0000971495097009	0.4608747896583283	-119.9331072761459
4773869.346733669	0.9999105501250286	0.5075468253282436	-121.7324240242898
4798994.974874373	1.0000651088900905	0.4250788373777311	-123.29240061877593
4824120.603015076	0.9999983280687683	0.48807606569529177	-124.91782098850993
4849246.231155778	0.9999575939450679	0.4760460695644909	-126.67020620951715
4874371.859296482	1.0000842317134269	0.4315339879053422	-128.17309029092254
4899497.487437186	0.9999264818491513	0.4992465940540416	-129.87784385357227
4924623.11557789	1.0000488363789155	0.46178247503910336	-131.53532588357683
4949748.743718593	1.0000111053805532	0.4506714851512987	-133.04766949036937
4974874.371859296	0.9999539260603835	0.5003239810707321	-134.78973859980454
5000000.0	1.0000745459484386	0.4397093034485135	-136.346689170508
