0.0	0.39011300106150104	11.803093505935987	0.0
25125.628140703517	0.4313797752860611	10.222851537405766	-164.32720766729676
50251.25628140703	0.4699325254862833	9.460060354994598	40.74546956603925
75376.88442211055	0.5060140413542473	7.693675553284584	-67.37782464558205
100502.51256281407	0.5397236718495717	7.655707372670874	108.21197092808335
125628.1407035176	0.571132343209635	7.037049384021408	11.070274973036735
150753.7688442211	0.6004758510571888	5.6279451260349385	-47.57290454967057
175879.39698492462	0.6278771497889645	5.796175889858892	32.82313111361101
201005.02512562813	0.6533397246771174	5.873207949510888	14.13707885557237
226130.65326633168	0.6771284143894284	4.674262196860185	-23.0692397612437
251256.28140703513	0.6992700836882126	4.057503695501079	-34.522548430712476
276381.9095477387	0.7199100980906484	4.725320644272716	6.975076670632967
301507.5376884422	0.7391256238463495	4.659344732393076	-5.645960892901865
326633.1658291457	0.7571015564513585	3.5185381432944665	-26.676012036002447
351758.7939698493	0.7738055291943832	2.9659422210300193	-29.722209035219056
376884.4221105527	0.789319336213904	3.7213780853202434	-10.298176432004384
402010.05025125627	0.8037640100119601	3.9842250015879923	-13.210934835487654
427135.6783919598	0.8173181286082941	3.15028562426641	-26.853559243600742
452261.30653266335	0.8298161592883632	2.1463141505731245	-33.650733192971046
477386.9346733669	0.841603073102258	2.5818576071877914	-25.465693973447465
502512.56281407026	0.8524601062900714	3.334059360453596	-20.565121995048507
527638.1909547738	0.8626047228924539	3.1883132977843514	-27.596464870553703
552763.8190954772	0.8720083231271224	2.1905936483824338	-36.17202347726789
577889.4472361809	0.8808012109545007	1.4779214406688626	-37.315234125043084
603015.0753768843	0.8891191500921848	2.243998797775254	-31.827864875431874
628140.703517588	0.8967517716434743	2.8990064473700103	-31.3973456335405
653266.3316582914	0.9038746473468159	2.67324994509001	-37.37670347400434
678391.9597989948	0.9104485243865236	1.6964274832363815	-43.176174819667516
703517.5879396984	0.9166044780753855	1.0052018084409158	-43.59655536514245
728643.216080402	0.9224079048351774	1.8384899489942021	-40.53118362288121
753768.8442211054	0.9275694066307113	2.5058544818256725	-40.965681196798414
778894.4723618089	0.9326265962423635	2.393524767671258	-45.6524691748446
804020.1005025125	0.9371688909487248	1.5389586465046878	-50.26986284599215
829145.728643216	0.941474483739491	0.6144033056014265	-51.219135418246815
854271.3567839196	0.9457610098966753	1.3618486393783158	-49.592219046478284
879396.984924623	0.9492181255187423	2.1243729245039153	-49.990164816230404
904522.6130653265	0.9526938425489185	2.2092735824055905	-53.603857178013634
929648.2412060301	0.9559276800640016	1.5876679829420215	-57.66677826306714
954773.8693467336	0.9592666519996726	0.5324764407388228	-59.31428805230176
979899.4974874371	0.962124314235054	0.8357517040028186	-58.69849994561901
1005025.1256281405	0.964354353868822	1.7138467304396339	-58.922350958896644
1030150.7537688442	0.9670195324276734	2.02148637403763	-61.631516867592566
1055276.3819095476	0.9692747673294752	1.6850653089309373	-65.2880239250757
1080402.0100502511	0.9711284799062282	0.8181041894196726	-67.53216465868846
1105527.638190955	0.9732143802078544	0.2927074209337208	-67.77635834403881
1130653.2663316582	0.9752809710325534	1.2530153712894705	-67.9432106246733
1155778.8944723618	0.9768674985255801	1.7839649872025813	-69.87874430824901
1180904.5226130656	0.9782151681326349	1.7298664160171209	-73.08479690131354
1206030.150753769	0.9802488569624807	1.1558271081730227	-75.7333254865804
1231155.7788944724	0.9809469992185379	0.25825457495983456	-76.76447909495357
1256281.407035176	0.9828881092803176	0.753408990680032	-77.08122161624493
1281407.0351758793	0.9833842079369207	1.456474746506519	-78.39633212220438
1306532.6633165828	0.9847863615769054	1.6851632516093789	-81.05248783713826
1331658.2914572866	0.9863086545462988	1.4091894091507804	-83.86120339801874
1356783.91959799	0.9865177280790118	0.760262278672016	-85.58925896710332
1381909.5477386934	0.987343803188032	0.35175456605738686	-86.28541756357242
1407035.1758793972	0.9881168201332091	1.0231103360715084	-87.19919035303442
1432160.8040201007	0.9889611467960692	1.503501232092472	-89.21273974481508
1457286.432160804	0.9902732813619896	1.5408943064007936	-91.89144512119778
1482412.0603015076	0.9903029488606986	1.1861544786248297	-94.1530010560004
1507537.688442211	0.9919029131076867	0.6197695022164611	-95.44475499186588
1532663.3165829144	0.9923218675452544	0.5888358799155012	-96.29147226623608
1557788.9447236182	0.9917727175675737	1.1313375400776247	-97.66121177135994
1582914.5728643218	0.9928163726421119	1.4819634534338573	-99.85580831139532
1608040.201005025	0.9943284709276428	1.4774903097898253	-102.314664113955
1633165.8291457286	0.9928962868528695	1.1832803503517637	-104.30517716111795
1658291.4572864324	0.9950412956947209	0.7756384017382444	-105.60286513571812
1683417.0854271357	0.9957423396204169	0.7166213896597999	-106.65794776013965
1708542.7135678392	0.9943630008844047	1.1131886033720746	-108.08017135310519
1733668.3417085425	0.9960926511132587	1.464003590705085	-110.05440800809626
1758793.969849246	0.9976403695956961	1.6255764151602037	-112.27772827410779
1783919.5979899499	0.9979021101616937	1.6025799527447835	-114.34539226860093
1809045.2261306534	0.9955423085013607	1.4943236933829975	-116.02559494403117
1834170.8542713567	0.9953409858984742	1.4706507653259289	-117.33975579689273
1859296.4824120603	1.0017845589778331	1.5531449100569257	-119.22059045197878
1884422.110552764	1.0023367250172663	1.4718597171726295	-121.33197368065488
1909547.7386934676	1.0028181749056138	1.1469835999202018	-123.03903662887443
1934673.3668341709	0.9953655443711689	0.6553325139356881	-124.03195931710334
1959798.9949748742	0.9964142153039877	0.5617051818449521	-124.94664116242427
1984924.6231155777	1.0041292064527105	0.9560291010335026	-126.76537707365378
2010050.2512562815	1.0042766179481675	1.1023150527169265	-129.20079244732096
2035175.879396985	0.9996589943606504	0.8080490994111452	-130.88416523750243
2060301.5075376884	1.0038873758004758	0.37910366360730396	-131.61945620061584
2085427.135678392	0.9976981878376532	0.7216827834394585	-133.0912626845391
2110552.763819095	0.9998448792726056	0.956180363380822	-135.579292735653
2135678.391959799	0.9993315156955603	0.6922859930396353	-137.20652450059885
2160804.0201005023	1.001927198785386	0.3443181196027766	-137.89111202070902
2185929.648241206	0.9964329368303532	0.7484316688314296	-139.7703419721355
2211055.27638191	0.996579852314805	0.8249401668150045	-142.16870239209996
2236180.9045226136	1.0011107686688732	0.43545939909487796	-143.09406490429353
2261306.5326633165	0.9998346543458322	0.5170566811052778	-144.2481608739225
2286432.16080402	1.0002862799707544	0.8016156321729546	-146.77765809565864
2311557.7889447236	1.000069545599688	0.5518835383938818	-148.18267735535272
2336683.4170854273	0.9980456304217611	0.3862740204015754	-148.9599519695244
2361809.045226131	1.001272898085782	0.726124222964395	-151.37869440612542
2386934.6733668344	1.0006531528105571	0.6019384821355264	-153.11801560858012
2412060.301507538	0.9974767935953268	0.35281516113915773	-153.7438124744278
2437185.929648241	1.0003211077148777	0.6702645699341511	-156.089435376503
2462311.557788945	0.9990173810883659	0.6073801221655477	-157.99572182429256
2487437.185929648	1.0013903492117093	0.3421460197127279	-158.54350439849483
2512562.814070352	1.0015952192096154	0.6333957223052272	-160.95574879223048
2537688.4422110557	0.9980398160480771	0.5815611841364782	-162.90287066945518
2562814.0703517585	0.9979256351969755	0.3604663734767232	-163.4007600533123
2587939.6984924623	1.0001348221019788	0.6167853973292665	-166.06664988451607
2613065.3266331656	0.9982021371031707	0.558485500566888	-167.94348583329747
2638190.9547738694	0.9981600651339502	0.36754065211460685	-168.44521523008888
2663316.582914573	1.0005799014013572	0.6089995450847944	-171.64004199996106
2688442.211055277	0.9983141237095974	0.5093333523194059	-173.35599829179858
2713567.83919598	0.9988030982894575	0.39569447245881956	-174.06610345501295
2738693.467336684	0.9984498366023388	0.6062589626201504	-178.42930135525626
2763819.095477387	1.0016098983687922	0.4732261020993346	179.9321275760511
2788944.7236180906	0.9989663292235991	0.4291270824022316	178.00215123365743
2814070.3517587944	0.9985046107552474	0.5924655428668096	168.74405265039357
2839195.9798994977	0.9985915325547802	0.42855989640647246	160.85948106989903
2864321.6080402015	1.0001249883074295	0.46164927772632397	117.06964395489643
2889447.2361809043	1.0007409966297411	0.5760039388675072	28.778158280516593
2914572.864321608	0.9996484712335828	0.40029031314629976	7.930238691869545
2939698.4924623114	0.9989999083333679	0.5073384597593733	4.946784698433445
2964824.120603015	1.000206052650506	0.5413564565619807	1.355828936503208
2989949.748743719	1.0005442639351527	0.3908836468331047	-3.061633554876899
3015075.376884422	1.0000834303943082	0.5263182920501953	-3.9601729862526
3040201.0050251256	0.9990792982454998	0.5043707623299138	-6.553728260503524
3065326.633165829	0.9995843327056206	0.40499230329691344	-8.998791981134172
3090452.2613065327	1.0009731330854088	0.5488582269683976	-9.987165433255658
3115577.8894472364	0.9990219443665097	0.4636296202434254	-12.390279673595666
3140703.51758794	1.0009291403693839	0.4324095876929148	-14.07420956134396
3165829.1457286435	0.9994325338120386	0.5428705555103932	-15.357466974872434
3190954.7738693473	0.9996384770422141	0.42509061505864937	-17.558328662070206
3216080.40201005	1.0007940611720227	0.47141584178932777	-18.910354119295423
3241206.030150754	1.0005361826232464	0.526133073363455	-20.478171601583796
3266331.658291457	0.9998590745560936	0.41708138301245307	-22.42859342445627
3291457.286432161	0.9994836423070129	0.4969529057902056	-23.6999123348537
3316582.914572865	0.9993781556678197	0.5004841279258534	-25.45682623956854
3341708.5427135676	0.9994120891551713	0.4122101013948741	-27.166100285106285
3366834.1708542714	0.9995642533519367	0.5158472852254933	-28.511515095825068
3391959.7989949747	0.9998960833565286	0.4641958482399966	-30.33980524582955
3417085.4271356785	1.0003679215934473	0.44289030657776707	-31.870135976009628
3442211.0552763822	1.0006239356809432	0.5172808441555157	-33.35801947389318
3467336.683417085	1.0002295817470581	0.44298386165393666	-35.15600204821453
3492462.3115577884	0.9995290689747125	0.46317593894777365	-36.60057117516413
3517587.939698492	0.9996742930526399	0.5008198801693317	-38.22833135460318
3542713.567839196	1.0004694282164992	0.4296969623374428	-39.938796795426555
3567839.1959798997	1.0001313273665575	0.4881162470066592	-41.39103430778988
3592964.824120603	0.9995121328793936	0.486740053128438	-43.10944740573329
3618090.452261307	1.0003130262836384	0.4345269122745537	-44.72435984572352
3643216.0804020106	1.00010435300077	0.5013811475511462	-46.248038953704935
3668341.7085427134	0.9996225257710136	0.45527027109434504	-47.99282873032429
3693467.336683417	1.000433667223895	0.45167314971357403	-49.545402375260345
3718592.9648241205	0.9996978390243556	0.497064280763313	-51.16237214950588
3743718.5929648243	1.0001274831943152	0.4473787786678709	-52.88116032729124
3768844.221105528	1.0000505749770239	0.4708844384784775	-54.42318515754815
3793969.849246231	0.9998352598466035	0.4924550229732306	-56.11759049240165
3819095.477386934	1.0002488462932855	0.4360787128693573	-57.786299093901974
3844221.105527638	0.9997213702421149	0.48313396807266773	-59.36469543673277
3869346.7336683418	1.0003046395112574	0.4719245015777603	-61.098199995970454
3894472.3618090455	0.9997024163425854	0.4430892937060422	-62.723707920175336
3919597.9899497484	1.000299659147161	0.4958179963607839	-64.36341644769166
3944723.6180904517	0.9997230062470409	0.46046772252458723	-66.09546708616834
3969849.2462311555	1.0002680345940598	0.45736519139660964	-67.7056606491922
3994974.8743718592	0.9997644136599046	0.4860907944358724	-69.40390767118323
4020100.502512563	1.0002132063299165	0.4498139319292234	-71.10900674899956
4045226.1306532663	0.9998395329930232	0.4636816520056406	-72.73519329531563
4070351.75879397	1.0001147065920388	0.48687080811980826	-74.469561134629
4095477.386934674	0.9999588294543506	0.44850183984199005	-76.14271263051013
4120603.0150753767	0.9999815194469295	0.4797210136273558	-77.80611725337947
4145728.64321608	1.0000956204833356	0.4695894972215418	-79.54665079213245
4170854.271356784	0.9998535868564826	0.452617205061831	-81.20081967995337
4195979.899497488	1.0001972556662084	0.47550836486788783	-82.90451050622237
4221105.52763819	0.9997990426183667	0.4640258728633385	-84.62742687066277
4246231.155778894	1.000189051409751	0.4632928264945586	-86.28308785227678
4271356.783919598	0.9998730288172303	0.47780027323758906	-88.01361470129119
4296482.412060302	1.0000609237403355	0.461715697675708	-89.70908146882527
4321608.040201005	1.000031793992562	0.4661467803717869	-91.38283580646133
4346733.668341708	0.9999028545597848	0.4691702536887434	-93.11836215395616
4371859.296482412	1.000155243392728	0.45614224665877023	-94.79077891806725
4396984.924623116	0.9998448212657185	0.47603311970824014	-96.48795728496718
4422110.55276382	1.000130395260315	0.46307594898072024	-98.20810455673637
4447236.1809045235	0.9999463819174136	0.4701641626963788	-99.87043660167014
4472361.809045227	0.9999827684575636	0.4709250442137676	-101.58375293621528
4497487.437185929	1.0000947654327377	0.4585265533270715	-103.27715638124819
4522613.065326633	0.9998777194765247	0.4667101592182803	-104.9425763792396
4547738.693467336	1.000127118645852	0.4696354228313751	-106.6565967192659
4572864.32160804	0.9999255441029594	0.4588632993405642	-108.32319569123912
4597989.949748743	1.0000157405826933	0.4783267877000333	-109.99829674905672
4623115.577889447	1.0000622183566252	0.46588778371582407	-111.69668455037092
4648241.206030151	0.9999023310937927	0.45885224959792675	-113.34484100363896
4673366.834170855	1.000111314360115	0.47611715839940966	-115.02706915327877
4698492.462311558	0.9999335465821962	0.45552196356171293	-116.69901811025696
4723618.090452262	1.0000164192645398	0.46749708072117213	-118.33977085723546
4748743.718592966	1.000051815893338	0.4744409050560884	-120.01933819387027
4773869.346733669	0.9999203158457711	0.4622772911938566	-121.66276301343807
4798994.974874373	1.0000917964132203	0.4682726434378043	-123.30410793815207
4824120.603015076	0.9999482307390684	0.4726532121914709	-124.96884578343263
4849246.231155778	1.0000093965400338	0.4530488654539286	-126.58965962145521
4874371.859296482	1.0000511912854526	0.4728176157142099	-128.23322135048525
4899497.487437186	0.9999288592662117	0.46523349146149406	-129.87396077721198
4924623.11557789	1.000075668461839	0.465195704041036	-131.48237023172248
4949748.743718593	0.9999680917343614	0.47462854454794834	-133.12351919032832
4974874.371859296	0.9999940069732108	0.4634225562158305	-134.73779654534448
5000000.0	1.0000538148267673	0.46378755034198665	-136.34362315473885
