0.0	1.81579630078991	107.47567554745945	0.0
25125.628140703517	1.729704333098495	103.69560765332375	10.257376239332705
50251.25628140703	1.6529444887123101	99.92289972212998	18.453726233936326
75376.88442211055	1.5845938516092226	96.2390690652954	24.29630303773855
100502.51256281407	1.5237828746841995	92.61150488309524	27.561320608651226
125628.14070351757	1.4697069512890575	89.06342609165667	28.07911509779842
150753.7688442211	1.4216598673313183	85.57487793042121	25.722975488066474
175879.39698492462	1.379008297326286	82.11673234742653	20.398147484178978
201005.02512562813	1.3412336680154202	78.66280426458822	12.044502459234966
226130.65326633168	1.3078500477999906	75.22448193323314	0.6423723631700675
251256.28140703513	1.278378516546031	71.76421769064767	-13.771161253387115
276381.9095477387	1.2524491964476745	68.33319000658337	-31.080932307492862
301507.5376884422	1.2295514502565328	65.00545499761455	-51.09250868484467
326633.1658291457	1.2093638143441279	61.90161402280938	-73.61124045189824
351758.7939698492	1.1913232308748132	59.16106202289914	-98.73825380880328
376884.4221105527	1.175138404908026	56.95967789583372	-127.4587403172779
402010.05025125627	1.1603536053024888	55.33906191563088	-162.30339617737883
427135.6783919598	1.1467257315442427	54.220019315255946	154.19409819770019
452261.30653266323	1.1340304625013318	53.34827226433173	107.39219995724272
477386.9346733669	1.1222134162976556	52.42170323329355	66.88619439938817
502512.5628140704	1.1112933903178919	51.12547394041922	32.43244925085979
527638.1909547738	1.101333372331744	49.26766246592552	-0.05270956178436482
552763.8190954775	1.092430306249422	46.86920701643706	-32.84964121336308
577889.4472361809	1.0845043812729924	44.18634782214035	-65.9049919175962
603015.0753768845	1.0774837181920398	41.719326104187786	-98.98242533230591
628140.703517588	1.0711892765252469	39.945358754721056	-137.66958540146206
653266.3316582914	1.065581429533599	39.04059629737225	133.16007971566995
678391.959798995	1.060089030270058	38.65424020301184	49.0175827641101
703517.5879396984	1.0551244524628567	38.117090544305185	11.088012043133453
728643.216080402	1.0505841815117936	36.92393859426363	-22.563214061165834
753768.8442211054	1.0463107454606608	34.971743417569776	-56.44255528694503
778894.4723618091	1.0428562006390345	32.699779920140145	-88.09709403839408
804020.1005025125	1.039466042035924	30.8733968562821	-115.1174875292575
829145.7286432162	1.0362082017972707	30.011659568294377	-25.67231538850406
854271.3567839196	1.0334572613055746	29.889382580016342	9.557101850987362
879396.984924623	1.0310561158486988	29.681387171353528	-16.86742677607293
904522.6130653267	1.028708526909063	28.72183028511686	-47.18091467066527
929648.2412060301	1.0261087329058933	26.962539150818476	-77.47725298885811
954773.8693467338	1.0240084912809564	25.008830033441793	-100.79654499451944
979899.4974874371	1.0224215221611155	23.77649656294731	-93.41408405140623
1005025.1256281408	1.0210588043876176	23.570846011670508	-19.128245919556978
1030150.7537688442	1.0190460479542223	23.740598399660087	-29.193723064455117
1055276.3819095476	1.017489797280994	23.357361449474432	-53.93389078038989
1080402.0100502511	1.0164552539524132	22.033019339860317	-80.78204016292536
1105527.638190955	1.0147516154597769	20.24520853838032	-100.17201762247932
1130653.2663316582	1.0136434349458523	18.95496601497547	-91.17169618989342
1155778.8944723618	1.0136278416390707	18.728908209664283	-43.8221487937082
1180904.5226130656	1.0124658851372068	19.08434075811274	-46.05783165649972
1206030.150753769	1.0118533260619076	18.992570121845617	-66.29520539566123
1231155.7788944724	1.0097113184944604	17.96765014299283	-89.06525715438511
1256281.407035176	1.0103245738082929	16.333283191349302	-103.695090429266
1281407.0351758793	1.0092714236836418	15.071528008370036	-92.82912158908614
1306532.6633165828	1.0091289716560647	14.874745658751365	-61.339334417140954
1331658.2914572866	1.0081541637852092	15.359262362830659	-61.75049480366628
1356783.91959799	1.008075582575031	15.504323493655196	-78.04626492483546
1381909.5477386934	1.0076407638936045	14.765610666904939	-96.77028352321904
1407035.1758793972	1.0073112536777193	13.324375355436242	-108.50176939901141
1432160.8040201007	1.00472903492131	11.992979549397758	-102.09373211873368
1457286.432160804	1.0039630782664475	11.577477276308132	-79.86552257988176
1482412.0603015076	1.0035176465052944	12.032416356304628	-74.73180265630815
1507537.688442211	1.0056107743095462	12.549088579886853	-84.37149596490453
1532663.3165829144	1.0023107740441342	12.512504177822708	-98.32855487306546
1557788.9447236182	1.002045689816959	11.699537316885953	-110.32679901397348
1582914.5728643218	1.0027788085881735	10.385681081089835	-116.12940101150711
1608040.201005025	0.9995767155421148	9.004281411393636	-114.53882200367758
1633165.8291457286	0.9993429866513462	7.952246521198131	-105.63898831480128
1658291.4572864324	0.9988652536417671	7.773428804911685	-94.36566693402236
1683417.0854271357	0.9966485769022385	8.419336211599994	-94.80322479365262
1708542.7135678392	0.9954196758685793	8.981733379336577	-106.36366180054785
1733668.3417085425	1.001965261493335	8.586225984380352	-120.03615785888593
1758793.969849246	1.0030869665019397	7.3586944633949205	-122.57398785035939
1783919.5979899499	1.0004589199048888	6.546874414589207	-106.91583439523956
1809045.2261306534	0.9961693713169901	7.071831573182347	-105.20394356240854
1834170.8542713567	0.9962987594417907	7.52649086277756	-120.11682060025954
1859296.4824120603	0.9982967346897126	6.736292126114842	-129.83780435306394
1884422.110552764	1.0017115703691781	5.6847604225041355	-115.99819391531088
1909547.7386934676	0.9972971605896995	6.106136520572904	-113.0068430657962
1934673.3668341709	0.9989596600908404	6.5412307537661665	-128.8319115468333
1959798.9949748742	0.9975886671590581	5.6317706928562945	-133.4740808739785
1984924.6231155777	0.9973974599996335	4.959639060905962	-117.73590760150552
2010050.2512562815	1.0022708214885472	5.663153918508089	-125.97306310317215
2035175.879396985	1.0005704983487156	5.49402499876998	-139.84779740212434
2060301.5075376884	0.9978144828435034	4.419534299224059	-128.21717663776406
2085427.1356783924	0.9969514173599223	4.792248930587713	-126.75538807303501
2110552.763819095	0.9997331498850437	5.126457449463776	-142.73035727961366
2135678.391959799	1.002366228826237	4.094207146479874	-137.4540493533994
2160804.0201005023	0.9977295289145264	4.088656522474517	-130.16802659186556
2185929.648241206	0.9977146781276659	4.6710382356560265	-145.9594838572836
2211055.27638191	0.9976504331380518	3.787358762207912	-144.14139428018848
2236180.9045226136	1.0024594820029296	3.55645231821683	-134.71937665497643
2261306.5326633165	1.0022875775360796	4.222687458314982	-150.2661943474932
2286432.16080402	0.9986951283297748	3.4365657496097146	-148.98889125667247
2311557.7889447236	1.0007288100218903	3.165965275476624	-139.67533293640003
2336683.4170854273	0.9984681351038407	3.8415469767273893	-155.61857394156945
2361809.045226131	0.9985660508960202	3.0447953451113863	-152.44797865119526
2386934.6733668344	1.00070838929889	2.865282559826097	-145.04944658840955
2412060.301507538	0.9982608422698445	3.5033886815937128	-161.73238380476616
2437185.929648241	0.9992031127896354	2.6503389308592924	-154.57922558626043
2462311.557788945	1.001170892002729	2.652590653015085	-151.14623734544193
2487437.185929648	1.00100829975625	3.1695597389230885	-168.2766351170012
2512562.814070352	1.00093392860056	2.248748297163268	-155.5383172929232
2537688.4422110557	1.0011965961848055	2.518995760250743	-158.35086219656455
2562814.0703517585	0.9986689098750358	2.8497041759235406	-174.85508588917776
2587939.6984924623	0.9995500311069472	1.8924217246853923	-155.97025748807638
2613065.3266331656	1.0002448771361876	2.4339970431553244	-167.09384937036296
2638190.9547738694	0.9995304071991241	2.4890847654767136	179.25790704866793
2663316.582914573	0.9988304068297165	1.6200440869830788	-157.13082776357837
2688442.211055277	1.0013014346788045	2.3614210227553816	-178.18662350928787
2713567.83919598	0.9989887422322411	2.100473720708555	175.37676873600233
2738693.467336684	0.9993038431197698	1.480909541452359	-160.45754792667404
2763819.095477387	1.0003201556449277	2.26531711024879	165.20770062399924
2788944.7236180906	1.0004975531071165	1.6833636855925576	179.79370171794815
2814070.3517587944	0.9997430438156978	1.4751900919251324	-167.97068938365305
2839195.9798994977	0.998935887765683	2.104632572523613	119.70380327520014
2864321.6080402015	1.000170874743194	1.2811159483444081	-32.55314168819001
2889447.2361809043	1.0004304573775777	1.5611250010557631	144.81446246089413
2914572.864321608	0.9994039375323243	1.8677884920240984	26.074435185929836
2939698.4924623114	1.0002900018486198	0.9559980392441119	-19.636455412782865
2964824.120603015	1.0004468757461338	1.63057690618985	15.659337446503331
2989949.748743719	0.9991394306846341	1.557407181875129	-0.10122948138335161
3015075.376884422	0.999820130223387	0.8433275661654455	-15.355481345005526
3040201.0050251256	1.0006377155069126	1.6488430056805825	2.7672026154918554
3065326.633165829	1.0007645276995911	1.1803599101741182	-11.600560367568963
3090452.2613065327	1.0006182639932801	0.9277200944437253	-13.436128668033366
3115577.8894472364	1.000502176558701	1.5704787807043676	-6.810940471675054
3140703.51758794	1.0005251558822879	0.8077635859170827	-18.435701800344344
3165829.1457286435	1.0006448490606465	1.102013666689286	-14.346075737354035
3190954.7738693473	1.000631092973975	1.3865893243466596	-15.24706616723923
3216080.40201005	1.000283859898903	0.5007138974776871	-22.70980575374644
3241206.030150754	0.9996601349535346	1.2332987790328926	-17.77496555941478
3266331.658291457	0.9994288394535534	1.124198706802524	-22.600762814254942
3291457.286432161	1.0000522293158876	0.47729039544429697	-25.72071964446141
3316582.914572865	1.0005417160555161	1.2743445513910123	-22.891153624847867
3341708.5427135676	0.999871176904262	0.7889138209879782	-28.750924874613876
3366834.1708542714	0.9995828175970942	0.6796669582827619	-28.653472419110184
3391959.7989949747	1.000421301407535	1.2051900940464702	-28.828839335859485
3417085.4271356785	0.9999811980895568	0.4378480370703501	-33.733751176363945
3442211.0552763822	0.99967320316941	0.8813465989022894	-32.29324344123925
3467336.683417085	1.000439493171766	1.0453183044253633	-34.89731064973219
3492462.3115577884	0.9996670673506965	0.18409597474027942	-37.87515506034377
3517587.939698492	1.0001410947975247	0.9975713998004746	-36.848092935412005
3542713.567839196	1.0000607378867055	0.7914048521500568	-40.619446701844865
3567839.1959798997	0.9998084521364069	0.3504892732417115	-41.71733524019443
3592964.824120603	1.0002770063632236	1.0267242999558124	-42.10236884438534
3618090.452261307	0.9996819781261597	0.5004332515005263	-45.7703002254289
3643216.0804020106	1.0003258214242263	0.5934996491281361	-45.78264945115952
3668341.7085427134	0.9996745818823091	0.9404344130237906	-47.671124637960496
3693467.336683417	1.0003181492765616	0.17930090068618923	-50.39353403984627
3718592.9648241205	0.9996931995470625	0.7683104562909223	-50.352586231250996
3743718.5929648243	1.000294236373982	0.785658512421942	-53.188468074733606
3768844.221105528	0.9997232575956333	0.12620710603594681	-54.747354953298775
3793969.849246231	1.0002551878556032	0.8546653147394041	-55.42422882174732
3819095.477386934	0.9997721295082987	0.560632213520353	-58.41875395186512
3844221.105527638	1.000183195082341	0.3832146971195016	-59.1585352705739
3869346.7336683418	0.9998712303519179	0.8431742826511321	-60.80039961715585
3894472.3618090455	1.0000630284328282	0.3156441994275807	-63.31223922864345
3919597.9899497484	1.0000139703289141	0.5903054202795192	-63.860543830901875
3944723.6180904517	0.9999172627736561	0.7586517674803348	-66.22889986000294
3969849.2462311555	1.0001467948086882	0.14171520544054358	-67.98867736479733
3994974.8743718592	0.9998096706802965	0.7018920497286778	-68.91116563123236
4020100.502512563	1.0002021283611375	0.6052520858155627	-71.51039685778791
4045226.1306532663	0.9998227814244698	0.25951858038090436	-72.65264257693802
4070351.75879397	1.0001190715827404	0.7523993647329623	-74.21292732516697
4095477.386934674	0.9999597926620747	0.4241430506052808	-76.56491705712169
4120603.0150753767	0.999953184877131	0.4451785452241344	-77.4809716148828
4145728.64321608	1.000116141371457	0.712243348743283	-79.59282122589516
4170854.271356784	0.9998445885149897	0.2692665578552492	-81.43996423567224
4195979.899497488	1.0001520663943602	0.5756992430716081	-82.5441179968416
4221105.52763819	0.9998936792901204	0.6219132882395118	-84.89077358271936
4246231.155778894	1.0000298928888596	0.2504754795145122	-86.26352013919143
4271356.783919598	1.0000513656462544	0.6499124901069648	-87.79591188746484
4296482.412060302	0.999890041663488	0.49502729580641625	-90.02100773947078
4321608.040201005	1.000130331120793	0.35755757410085603	-91.16637530327895
4346733.668341708	0.9998941917819144	0.6549960571020561	-93.1182215831573
4371859.296482412	1.000047934990494	0.36329651361767923	-94.99242939008074
4396984.924623116	1.0000248939087122	0.4866930978500981	-96.21664232477026
4422110.55276382	0.999916338205301	0.6075440728102405	-98.38469515376141
4447236.1809045235	1.00010966803098	0.31127980917983256	-99.8847020079242
4472361.809045227	0.9999082133549362	0.5637792148401071	-101.39775915420925
4497487.437185929	1.0000397004040522	0.523267698070664	-103.51422440238133
4522613.065326633	1.0000259996873622	0.3413357939196539	-104.79537803593337
4547738.693467336	0.9999244133176076	0.6001476134658944	-106.63023561795205
4572864.32160804	1.00009131445363	0.42687818374772296	-108.49571566525134
4597989.949748743	0.9999309739945769	0.43387239345028894	-109.78769089643367
4623115.577889447	1.0000211866031778	0.5875229180919173	-111.81653295888259
4648241.206030151	1.0000324873864674	0.3591972764885107	-113.37867156723105
4673366.834170855	0.9999302043579479	0.5096159774335741	-114.86462015284113
4698492.462311558	1.0000757809925314	0.5310280955524953	-116.88483793338038
4723618.090452262	0.99995171251628	0.35863196629543515	-118.23826838182937
4748743.718592966	1.0000009387636406	0.5553693177766496	-119.97635333414551
4773869.346733669	1.0000438425250728	0.47128191202400166	-121.81456656831698
4798994.974874373	0.9999340889622801	0.40250992986016604	-123.13450792776601
4824120.603015076	1.000056549740256	0.5646999613797267	-125.05022481036173
4849246.231155778	0.9999772847478436	0.40110484056566686	-126.63663084819652
4874371.859296482	0.999981915151038	0.46697966181244455	-128.08588281803745
4899497.487437186	1.0000475737343628	0.5373270735790489	-130.0253749662997
4924623.11557789	0.9999456815957029	0.3845212406538684	-131.41187843976635
4949748.743718593	1.000036824570087	0.5162754470400489	-133.0673805809492
4974874.371859296	0.999996312403536	0.4924046892008179	-134.877531362793
5000000.0	0.9999701303253675	0.39692343898462773	-136.20002201822092
