0.0	1.8341948675501876	81.5531844792722	0.0
50251.25628140703	1.7309451406073517	75.72135442799785	-0.002448580081717807
100502.51256281407	1.6426629289908639	70.1475407539794	-0.019268476541756997
150753.7688442211	1.5664456025982125	64.82965457159492	-0.06391691783592118
201005.02512562813	1.5000398787987819	59.79357754210283	-0.14924513381386983
251256.2814070352	1.4417286212325071	55.084487703428074	-0.287883267333168
301507.5376884422	1.3901980682820405	50.69306576388584	-0.4925400941701796
351758.79396984924	1.3444735362372913	46.62314255619553	-0.7764430432693191
402010.05025125627	1.3037986131414074	42.917670169954526	-1.1533707739714723
452261.30653266335	1.2675867488966275	39.584016145250914	-1.637764540481206
502512.56281407026	1.2353697255346063	36.62499028499945	-2.2445401014376984
552763.8190954773	1.2067391770678486	34.07519464209719	-2.9887054443109586
603015.0753768844	1.1813518639382903	31.941083699768917	-3.8849916760505954
653266.3316582914	1.1588852380411963	30.21239011680055	-4.947162650807189
703517.5879396986	1.139042813469535	28.89087670848327	-6.187495562907318
753768.8442211054	1.1215541276611274	27.94220317473782	-7.616134389449678
804020.1005025125	1.1061537488541604	27.31422309359352	-9.240536055990624
854271.3567839196	1.0926088949438177	26.970888615219447	-11.065117151624275
904522.6130653267	1.080696389324013	26.84643915037872	-13.090869651573064
954773.8693467338	1.070215936460214	26.866895157933804	-15.315332504134227
1005025.1256281405	1.0609943739348318	26.999321919200288	-17.732569480007484
1055276.3819095476	1.0528671412622244	27.198285260956528	-20.33336118050955
1105527.6381909545	1.0457032975651934	27.401233861504384	-23.105591433528325
1155778.8944723618	1.039381015122708	27.594978098798695	-26.034589054132685
1206030.1507537686	1.0337971807380038	27.772915138997465	-29.103747877528956
1256281.407035176	1.0288700557804922	27.891467691963797	-32.29503749027248
1306532.6633165828	1.024518468791104	27.942337554216166	-35.58957934961254
1356783.9195979896	1.0206855329800335	27.946064755633458	-38.968280920705446
1407035.1758793967	1.0173134764052454	27.879224774991165	-42.41224272770337
1457286.432160804	1.0143539416465017	27.72818451250792	-45.90328801390248
1507537.688442211	1.0117708507999628	27.523514522603392	-49.42427428970641
1557788.9447236178	1.0095196501202066	27.260649790684457	-52.95930497018584
1608040.201005025	1.0075739188369124	26.921098199476468	-56.493974994027454
1658291.457286432	1.0059001229540228	26.5341803024327	-60.015327437553196
1708542.7135678392	1.0044686467429822	26.1102132353967	-63.51190323388442
1758793.969849246	1.003259235933225	25.62976105831416	-66.97366754703768
1809045.226130653	1.002240355981646	25.114474341172322	-70.3918087605473
1859296.4824120603	1.0013957840198477	24.583501561345525	-73.75868255998506
1909547.738693467	1.0007017739315687	24.020869871167353	-77.06754553399234
1959798.9949748742	1.0001372755385167	23.43930781331008	-80.31237974033453
2010050.251256281	0.9996900807845716	22.859312059985587	-83.48774255448755
2060301.5075376884	0.9993365184503243	22.269769578661457	-86.58846245092221
2110552.763819095	0.9990680676930176	21.678515592090495	-89.60952092014442
2160804.0201005023	0.9988690086863697	21.103308170659336	-92.545796650211
2211055.276381909	0.998725420839873	20.535471492950037	-95.39180401169851
2261306.5326633165	0.998632696319577	19.98160433804944	-98.14153543504247
2311557.7889447236	0.9985748212775353	19.45679966723291	-100.78808568696186
2361809.04522613	0.9985494336478702	18.952696611204818	-103.32339202870112
2412060.301507538	0.9985479350169697	18.475503879117902	-105.73786485963997
2462311.557788945	0.9985623023100236	18.03775587556736	-108.01984489352478
2512562.814070352	0.998593506574114	17.629973994609667	-110.15512459942602
2562814.0703517585	0.9986307610861137	17.257914509870453	-112.12613108339202
2613065.3266331656	0.998676047006795	16.931583527059928	-113.9109816655116
2663316.582914572	0.9987254548624861	16.638556457141554	-115.48231577668544
2713567.83919598	0.9987738685072514	16.383192973885414	-116.80557633987209
2763819.095477387	0.9988258338039029	16.174185559927267	-117.83702540660795
2814070.3517587935	0.9988733757706302	15.9963216054848	-118.5210564004959
2864321.6080402015	0.9989202811766373	15.85140339568765	-118.78685677691924
2914572.864321608	0.9989650574927015	15.747062425508373	-118.5447853907135
2964824.120603015	0.9990037157882424	15.667517596060911	-117.68266972592507
3015075.376884422	0.9990425235975331	15.613270858103595	-116.06430514274737
3065326.633165829	0.9990742116063214	15.590353053535503	-113.53409029150707
3115577.8894472355	0.9991033259726456	15.583372591885398	-109.93567916588043
3165829.1457286435	0.9991298100240824	15.59365246129246	-105.15695823874172
3216080.40201005	0.9991492395117729	15.62639172133075	-99.20820692517503
3266331.658291457	0.9991689145926828	15.666613869550645	-92.31417175052403
3316582.914572864	0.9991822877615595	15.71653432143307	-84.94984970614065
3366834.1708542714	0.9991931914852358	15.781129483266131	-77.74081376457825
3417085.4271356785	0.9992028302256448	15.846272624696306	-71.25713419644696
3467336.683417085	0.9992062639384367	15.915345439528028	-65.84811718317711
3517587.939698492	0.9992111229675873	15.99251045296877	-61.618156487022205
3567839.195979899	0.9992110810189111	16.063539592915774	-58.502801195190905
3618090.452261307	0.9992093433321749	16.13458741815963	-56.35901484549566
3668341.7085427134	0.9992082447807511	16.21021849146639	-55.02654692416672
3718592.9648241205	0.9992017657537999	16.273986639185043	-54.357668633260786
3768844.221105527	0.9991978544090403	16.33444841345845	-54.227493475588474
3819095.477386935	0.9991909848721778	16.399450500801702	-54.53471375745557
3869346.7336683418	0.9991829400231265	16.450207023384927	-55.198545343455294
3919597.9899497484	0.9991770551017598	16.49505220687554	-56.155072396279806
3969849.2462311555	0.9991671239916742	16.54607445996902	-57.35359794355074
4020100.502512562	0.9991603524934571	16.58350305922687	-58.75369617784213
4070351.75879397	0.9991519969963718	16.613122347718853	-60.322928264520144
4120603.0150753767	0.9991429086591465	16.65085708519645	-62.034911327523524
4170854.2713567847	0.9991369739124268	16.677046959841963	-63.86801552881735
4221105.52763819	0.9991274879589229	16.693130923142075	-65.80425870424419
4271356.783919598	0.9991215932493615	16.71778764433802	-67.82845086458154
4321608.040201005	0.999114719447691	16.733865002799238	-69.92764721416201
4371859.296482412	0.9991076200611974	16.73898872156	-72.09057738791904
4422110.55276382	0.9991036763731934	16.750629345145565	-74.30730304143367
4472361.809045227	0.9990967421515894	16.75672413083135	-76.56894648726161
4522613.065326633	0.9990937661927246	16.75386481822721	-78.86738244448989
4572864.32160804	0.999089299966658	16.755318359962942	-81.19512583309303
4623115.577889447	0.999085284909863	16.752652837487812	-83.54514186384537
4673366.834170855	0.9990840439470889	16.745003524841973	-85.91069801571535
4723618.090452262	0.999079621748833	16.74126960549226	-88.2853235749545
4773869.346733669	0.9990793158574249	16.733593091647695	-90.66264206223066
4824120.603015076	0.9990771204413128	16.724492722016645	-93.03632226406371
4874371.859296482	0.9990755495985633	16.71976599620144	-95.40001213573542
4924623.11557789	0.9990763977840494	16.710256365848785	-97.74718741542397
4974874.371859296	0.9990739957323804	16.70188402436688	-100.07113025440789
5025125.628140704	0.9990758197038383	16.698493602507988	-102.36478097055341
5075376.884422111	0.9990750843689551	16.687931657475986	-104.6205938564786
5125628.140703517	0.9990750645582447	16.679566864715138	-106.83044795358566
5175879.396984925	0.9990772054409458	16.677945901806076	-108.98537810658127
5226130.653266331	0.9990757207977837	16.666928983799277	-111.07537931676639
5276381.909547739	0.9990783188000433	16.6572412839972	-113.08911735427682
5326633.165829146	0.9990782607161497	16.65653003541779	-115.01346791736417
5376884.422110554	0.9990789416239464	16.646603663089	-116.8330973729403
5427135.67839196	0.9990812601079554	16.636865382093575	-118.5297538783817
5477386.934673368	0.9990804111456661	16.6372137807714	-120.0813908951992
5527638.190954774	0.999083287162038	16.629843571541862	-121.46111263643218
5577889.447236181	0.9990831686272503	16.622228187412478	-122.63557488992836
5628140.703517589	0.9990840971479541	16.624899510430602	-123.56307118143901
5678391.959798995	0.9990861222104662	16.620968548036846	-124.1909499109471
5728643.216080403	0.9990851254369515	16.615950256458596	-124.45217530493666
5778894.472361809	0.9990877319427137	16.620320405321305	-124.26132149951981
5829145.728643216	0.999087173028836	16.619075794109456	-123.50982371068409
5879396.984924623	0.9990881410780629	16.615973361328056	-122.06188913927029
5929648.24120603	0.9990896029779085	16.619861496579848	-119.7540993233229
5979899.497487438	0.9990884708175646	16.61862359724664	-116.40510275211982
6030150.753768844	0.9990910226487963	16.616605094277755	-111.84856067149639
6080402.010050251	0.999089823072171	16.619546922798452	-106.00433583786223
6130653.266331658	0.9990906769683476	16.61681342515801	-98.98772783939178
6180904.522613065	0.9990916807827169	16.615351987344305	-91.20225689977175
6231155.778894473	0.9990901397020346	16.618671700955343	-83.30336414189362
6281407.03517588	0.9990923421958955	16.615732532235644	-75.98815317040473
6331658.291457287	0.9990908112747972	16.615473225029465	-69.7517272317011
6381909.547738695	0.9990915895413283	16.620157597886397	-64.79324366586833
6432160.8040201	0.9990922585364849	16.61806182138236	-61.08103547278208
6482412.060301508	0.9990906685392033	16.619555333399873	-58.46588398785579
6532663.316582914	0.9990928327743515	16.62572426334965	-56.76611953671203
6582914.572864322	0.999090998255531	16.623477283755626	-55.810871104334566
6633165.82914573	0.9990916610292886	16.6250183829057	-55.45539737891908
6683417.085427135	0.9990920824931552	16.631569002185596	-55.58300565953895
6733668.341708543	0.9990904079619782	16.628198150518898	-56.1014827231428
6783919.597989949	0.999092238937994	16.627902627481422	-56.93850340233979
6834170.854271357	0.9990904277926074	16.633148997177102	-58.037315456108054
6884422.1105527645	0.9990912763072131	16.628772788131467	-59.35303696894342
6934673.36683417	0.999091360576302	16.627409569194878	-60.84994982508491
6984924.623115577	0.9990900736848779	16.63165245737252	-62.49928490293496
7035175.879396984	0.9990918509270281	16.627007510856185	-64.27756471002081
7085427.135678392	0.9990898871216928	16.626271683477484	-66.16544929719
7135678.391959799	0.9990908953191713	16.63143072025236	-68.14670551156162
7185929.648241206	0.9990906994095244	16.62765153173625	-70.20754297611089
7236180.904522614	0.9990895558252142	16.627793611259683	-72.33608205806298
7286432.160804021	0.999091247002133	16.63398193373453	-74.52186036514452
7336683.417085427	0.999089239273036	16.631062601821437	-76.75558461751251
7386934.673366834	0.9990906749212126	16.63135611170459	-79.02882437542408
7437185.929648241	0.9990902611107705	16.636876610714612	-81.33379397602641
7487437.185929649	0.9990893474777616	16.633022872934138	-83.6632493247677
7537688.442211056	0.9990912022663595	16.63246104885075	-86.0102759955639
7587939.698492462	0.9990889810920084	16.636785562949978	-88.36822057370188
7638190.954773868	0.9990904820962668	16.63141235493229	-90.73060088628996
7688442.211055276	0.9990899708384061	16.62955920442977	-93.09095598830028
7738693.4673366835	0.9990891369666558	16.633433331027167	-95.44283270686776
7788944.723618091	0.9990908508848317	16.628544804205166	-97.77965091926605
7839195.979899497	0.9990888455674887	16.62678904572847	-100.09459878052243
7889447.236180903	0.9990905179441524	16.63085866881902	-102.38058381090435
7939698.492462311	0.9990899226077645	16.62777162940679	-104.63002997017327
7989949.7487437185	0.9990893074779709	16.627740730840433	-106.83477296235499
8040201.005025126	0.9990909638920544	16.63220279998765	-108.98587827780194
8090452.261306533	0.9990889171674994	16.629911827702816	-111.07334216149572
8140703.51758794	0.9990905286090858	16.630794134585425	-113.08587260855887
8190954.773869348	0.9990897567633811	16.634680128602803	-115.01044922827934
8241206.030150753	0.9990893993225697	16.631749138053998	-116.83181944302476
8291457.28643216	0.9990907378174149	16.632213276501297	-118.53191914684665
8341708.542713568	0.9990889365000246	16.634234065553553	-120.08893213341015
8391959.798994975	0.999090646934662	16.629757225045992	-121.47624226979846
8442211.05527638	0.9990899598868364	16.629172077676785	-122.66095872897367
8492462.311557788	0.9990894049342482	16.631319674335025	-123.60189478747422
8542713.567839196	0.9990910506422612	16.62644094466815	-124.24713024539389
8592964.824120604	0.9990891337622417	16.62568865933138	-124.53059525470468
8643216.08040201	0.9990903827698429	16.630054850377146	-124.36802623471878
8693467.336683417	0.9990902718583822	16.627461806491986	-123.65234937532018
8743718.592964824	0.999089136105857	16.626714547090558	-122.24934790516633
8793969.849246228	0.9990909560011227	16.631852790823054	-119.99693203761046
8844221.10552764	0.9990892394434469	16.631632591145003	-116.7138952124909
8894472.361809043	0.9990901097340671	16.63058840783385	-112.23089057326499
8944723.618090454	0.9990905728811081	16.633128893863944	-106.45917844287241
8994974.874371858	0.9990890613508676	16.632371954565446	-99.49854369922222
9045226.130653266	0.9990910678609455	16.63138708632132	-91.73449979522799
9095477.386934675	0.9990896061624635	16.631129071005272	-83.81286186693949
9145728.64321608	0.9990898308962577	16.628331074671873	-76.43729746487078
9195979.899497487	0.9990909217550277	16.628798817527844	-70.12070378422943
9246231.155778894	0.9990890023264297	16.628789567172916	-65.0795690331142
9296482.412060302	0.9990907346650104	16.624835321991316	-61.29260675184548
9346733.668341706	0.999089847458413	16.62808032268584	-58.61437753246741
9396984.924623117	0.9990893959453303	16.631160154503895	-56.86320926946798
9447236.18090452	0.9990909486153594	16.625751086077607	-55.86664484462846
9497487.437185932	0.9990889937083749	16.629892499111246	-55.47805650457802
9547738.693467334	0.9990905532617874	16.63689693576439	-55.579025451144794
9597989.949748745	0.9990902581880632	16.628942701207308	-56.07589746110171
9648241.206030149	0.9990892140155874	16.62907437921433	-56.895265075137964
9698492.462311557	0.9990912130135282	16.63889162256695	-57.97950113779644
9748743.718592964	0.9990892660213216	16.630277782652705	-59.28308126773187
9798994.974874372	0.9990901687762498	16.624005347513094	-60.76981346002863
9849246.23115578	0.9990906244936232	16.635025811198446	-62.41052285981735
9899497.487437183	0.9990889604200542	16.630145507737847	-64.18147762961505
9949748.743718592	0.9990909324688945	16.619918527610878	-66.06310513377424
10000000.0	0.9990894607994538	16.63101889480152	-68.03899261361212
