0.0	0.6324463836538645	45.56830572131399	0.0
50251.25628140703	0.6670807740827691	37.15264780668015	-0.009164979303670922
100502.51256281407	0.7030404177023646	30.323227569215625	-0.07294619117717331
150753.7688442211	0.7377297953052359	24.704654487187643	-0.24363198915569392
201005.02512562813	0.7698642741440407	20.047196592070517	-0.5680021688956619
251256.28140703513	0.7989218935656344	16.215604678436513	-1.0846404924761461
301507.5376884422	0.8247931368511475	13.106213041153683	-1.822191668825119
351758.79396984924	0.8476033589206896	10.706372657452471	-2.7988214971693606
402010.05025125627	0.8675790110363492	9.099655609717368	-4.0224154107120995
452261.30653266335	0.8849937002014042	8.337068091950295	-5.491675073877561
502512.56281407026	0.9001341942765012	8.360737817480059	-7.197556158103134
552763.8190954775	0.9132654865197452	8.973241432157174	-9.124986173885201
603015.0753768843	0.9246440401732797	9.92106958359873	-11.25463465998834
653266.3316582914	0.9344926020236097	11.024588912015977	-13.564502199654099
703517.5879396984	0.9430105735288317	12.171349329762748	-16.03144033270818
753768.8442211054	0.9503786530647818	13.286682384811787	-18.632271289417787
804020.1005025125	0.9567442254150283	14.339184448480074	-21.344766659078797
854271.3567839196	0.9622470593537458	15.317806710059013	-24.14830085286058
904522.6130653265	0.967000218836213	16.20611275279942	-27.024212328976805
954773.8693467338	0.9711039649077297	16.99458495185217	-29.95610073769707
1005025.1256281408	0.9746505116748094	17.693653571561814	-32.92976761882201
1055276.3819095476	0.9777093611156866	18.307414491153796	-35.93318076397886
1105527.638190955	0.9803530240726296	18.824662863659757	-38.95631535569962
1155778.8944723618	0.9826358469797083	19.25554090296522	-41.99085039973462
1206030.150753769	0.9846070018734041	19.618726080071465	-45.030026675359714
1256281.407035176	0.9863148548305709	19.90297141928039	-48.068316029030726
1306532.6633165828	0.9877903264166452	20.108581339637926	-51.10119999974058
1356783.91959799	0.9890725939809825	20.262287901817032	-54.1250072787116
1407035.1758793967	0.9901864251985475	20.358841496535245	-57.13662265457985
1457286.432160804	0.9911552944693172	20.388151915574053	-60.133412556667565
1507537.688442211	0.9920053294163753	20.378035035110408	-63.113044001454845
1557788.9447236182	0.9927468549136645	20.331812294059876	-66.07333630736916
1608040.201005025	0.9934020257229587	20.23270376430396	-69.01224788750231
1658291.4572864324	0.9939805111581915	20.10514936173696	-71.92770267690528
1708542.7135678392	0.994491763426487	19.960792635246374	-74.81757968143754
1758793.969849246	0.9949506310162454	19.780254750727764	-77.6796671333307
1809045.2261306534	0.9953575061094584	19.58100465101026	-80.51154618653459
1859296.4824120603	0.9957252022097107	19.380360459428942	-83.31063734985487
1909547.7386934676	0.996056259655536	19.160696953217958	-86.07409228896957
1959798.9949748742	0.9963535609508214	18.9315345894738	-88.79875598223954
2010050.2512562815	0.9966264838850096	18.710804953078444	-91.48117038751582
2060301.5075376884	0.996870786245939	18.484646684948398	-94.11742944904529
2110552.763819095	0.9970953838425225	18.25771262282587	-96.70317876436621
2160804.0201005023	0.9972999650071136	18.045165232166717	-99.23350525481919
2211055.27638191	0.9974844675848777	17.835901633745827	-101.70278055641946
2261306.5326633165	0.9976561583542114	17.632816968280558	-104.10459869238217
2311557.7889447236	0.9978094484665194	17.447657742259878	-106.43151202366316
2361809.045226131	0.9979514616002277	17.27127105596636	-108.67482420143124
2412060.301507538	0.9980806115319872	17.10654897708173	-110.82431728945184
2462311.557788945	0.9981963813814326	16.960923860898934	-112.86777098370104
2512562.814070352	0.9983047955636744	16.826271206850095	-114.79053301391066
2562814.0703517585	0.9983996795543025	16.70749336523812	-116.57479972613689
2613065.3266331656	0.9984878516350932	16.60779278216518	-118.19870111327299
2663316.582914573	0.998567210171327	16.51726187886471	-119.63521976555057
2713567.83919598	0.9986368376397456	16.443610705098006	-120.85054533251156
2763819.095477387	0.9987026056802129	16.388376479149343	-121.80210667888427
2814070.3517587944	0.9987580489335057	16.338193938389306	-122.43594805045413
2864321.6080402015	0.9988098985279111	16.30234716235478	-122.68326905460343
2914572.864321608	0.9988555653497038	16.28289434425461	-122.45649768084407
2964824.120603015	0.998894094767595	16.263859611238654	-121.64484505782912
3015075.376884422	0.9989314402030646	16.255450486541225	-120.11103113071609
3065326.633165829	0.9989603370376882	16.26108400267293	-117.6926913998004
3115577.8894472364	0.998987857788402	16.262918163895844	-114.21552669885995
3165829.1457286435	0.9990114272010885	16.271627627262106	-109.53154906757608
3216080.40201005	0.9990294680504568	16.293129500924337	-103.59499127396865
3266331.658291457	0.9990482213828314	16.308657254543082	-96.56800641789992
3316582.914572865	0.9990605052822472	16.327143490712	-88.89241931384906
3366834.1708542714	0.9990728197591308	16.356953108919548	-81.22346344771479
3417085.4271356785	0.9990828086517168	16.38064163692877	-74.2130695233276
3467336.683417085	0.9990887188562619	16.40434455866827	-68.29541867084788
3517587.939698492	0.9990966651478363	16.436509244028517	-63.62560212791664
3567839.1959798997	0.9990992771654277	16.46210026743194	-60.1536387394249
3618090.452261307	0.9991029776924374	16.48623746268944	-57.729739187750376
3668341.7085427134	0.9991055696218888	16.516014293389443	-56.17939639423766
3718592.9648241205	0.9991049755748564	16.538074868438148	-55.34049153611191
3768844.221105528	0.9991072041441164	16.55806466879574	-55.07611612453137
3819095.477386935	0.9991052762772293	16.581830053075787	-55.27579587483265
3869346.7336683418	0.9991051696657879	16.597555807467796	-55.85199629550964
3919597.9899497484	0.9991044244884679	16.61210354148547	-56.73586505988126
3969849.2462311555	0.9991015316239555	16.62936156285987	-57.87317785945971
4020100.502512563	0.9991017783544129	16.63847256914025	-59.22091191749261
4070351.75879397	0.9990982502908523	16.648672466466166	-60.74473075565884
4120603.0150753767	0.9990971082633431	16.662056802016018	-62.416873623681326
4170854.271356784	0.9990955668277264	16.666224097139114	-64.21463771673733
4221105.52763819	0.9990922405018996	16.672621265148443	-66.1192642111988
4271356.783919598	0.9990923316773928	16.683741658920262	-68.11495630335115
4321608.040201005	0.9990888949426354	16.684573580795277	-70.18828032268988
4371859.296482412	0.9990882850565075	16.68697748247113	-72.32761634838239
4422110.55276382	0.9990871577255286	16.694980540508457	-74.5227148312887
4472361.809045227	0.9990844857976109	16.69223639432628	-76.76445939407782
4522613.065326633	0.9990854976579324	16.690520712078467	-79.04454222372343
4572864.32160804	0.9990825914988036	16.695137943830353	-81.35529679927976
4623115.577889447	0.9990827118704645	16.689033511508626	-83.68956585669527
4673366.834170855	0.9990823910863645	16.683756280623403	-86.04049888979773
4723618.090452262	0.9990803316045888	16.68633889965123	-88.40151388560575
4773869.346733669	0.9990819826199222	16.679571151029783	-90.76616391426795
4824120.603015076	0.9990799245605733	16.67306386778618	-93.12802692649366
4874371.859296482	0.9990807352292387	16.67509796250426	-95.48068482775267
4924623.11557789	0.9990810856900418	16.669931745997346	-97.81756084298591
4974874.371859296	0.9990796990086732	16.664827180546165	-100.13186552820935
5025125.628140704	0.9990819655271906	16.667217482603885	-102.41650216434306
5075376.884422111	0.9990803206505009	16.663106412938287	-104.66387590462082
5125628.140703517	0.9990814166447917	16.659281043883468	-106.86581692599786
5175879.396984925	0.9990821135392233	16.661739732145126	-109.01333920467238
5226130.653266331	0.9990809474502408	16.657294370669383	-111.09639338436546
5276381.909547739	0.9990832259735541	16.65319543152319	-113.10362535195983
5326633.165829146	0.9990819085452665	16.654627498463547	-115.02190062003626
5376884.422110554	0.9990832194999896	16.64942224591451	-116.83586324379961
5427135.67839196	0.9990838828476177	16.64544736682481	-118.52728044652345
5477386.934673368	0.9990830170316661	16.646479697646907	-120.07412179696205
5527638.190954774	0.9990853189567381	16.6411531196201	-121.44953143126348
5577889.447236181	0.9990839035227684	16.63870277310203	-122.62025967700647
5628140.703517589	0.9990851643998028	16.641643405819593	-123.54471379633478
5678391.959798995	0.9990856814880538	16.637572876819778	-124.17045106962433
5728643.216080403	0.999084659210394	16.636654832740387	-124.43074655412028
5778894.472361809	0.9990868010706725	16.641749251805837	-124.240619014348
5829145.728643216	0.9990852518289127	16.639234886702397	-123.4921969884334
5879396.984924623	0.9990865819911917	16.63883691731811	-122.05064038529275
5929648.24120603	0.9990869371936449	16.643912501037804	-119.75382494944952
5979899.497487438	0.9990858269126757	16.641105139643773	-116.42194793450373
6030150.753768844	0.9990880733087555	16.640164052682422	-111.8899744405346
6080402.010050251	0.9990862168330434	16.6441370664064	-106.07779911616797
6130653.266331658	0.9990873389799959	16.63999370653422	-99.09780076135009
6180904.522613065	0.9990876575427207	16.638217742201956	-91.34696006092315
6231155.778894473	0.9990862448798504	16.641877297720875	-83.47296496568485
6281407.03517588	0.9990882980563748	16.637960785641596	-76.16848868184933
6331658.291457287	0.9990864860524595	16.636752287797453	-69.92968285302508
6381909.547738695	0.9990875222226903	16.64114616934822	-64.9600206340378
6432160.8040201	0.9990878421029851	16.63850367821405	-61.2323073652843
6482412.060301508	0.9990864235023639	16.639095352244578	-58.60044517694143
6532663.316582914	0.9990885448343343	16.64463278789721	-56.88446757874396
6582914.572864322	0.9990866296416935	16.64206988116331	-55.91426595871158
6633165.82914573	0.9990874856463817	16.64299341701421	-55.54532433458915
6683417.085427135	0.9990877980098152	16.648846241025787	-55.66091952589488
6733668.341708543	0.9990862745766146	16.64512808401497	-56.16870429346569
6783919.597989949	0.9990881560242705	16.64435114868758	-56.99618425574051
6834170.854271357	0.9990863891420682	16.649075895302662	-58.08644268637822
6884422.1105527645	0.9990873278278908	16.64430814019751	-59.394448399117
6934673.36683417	0.9990875080733743	16.642388996249036	-60.88435495921114
6984924.623115577	0.9990862572112316	16.646490151898657	-62.527283311805725
7035175.879396984	0.999088134126502	16.641733037002602	-64.29966523949638
7085427.135678392	0.9990863033432228	16.640193659035525	-66.18208546883302
7135678.391959799	0.9990872253124452	16.645571314294966	-68.15824532518145
7185929.648241206	0.9990873343054505	16.64232091637382	-70.21430480820376
7236180.904522614	0.999086032001803	16.641393523938355	-72.33833838289596
7286432.160804021	0.9990878559216931	16.647652421278842	-74.51984622462173
7336683.417085427	0.9990860255204126	16.645858566299342	-76.74950769313212
7386934.673366834	0.9990871503462834	16.644969331084514	-79.0188615510818
7437185.929648241	0.9990872314343437	16.649893719097786	-81.32010334582421
7487437.185929649	0.9990859824877076	16.64741588345871	-83.64597046942022
7537688.442211056	0.9990880311174696	16.64599023911903	-85.98952757618908
7587939.698492462	0.9990860338736521	16.649101970283077	-88.34411367797485
7638190.954773868	0.9990870800173294	16.644996628255083	-90.70322898399736
7688442.211055276	0.9990872527390314	16.64319497063129	-93.06040136978498
7738693.4673366835	0.9990858188670771	16.645921554419505	-95.40917316234132
7788944.723618091	0.999087808963596	16.64178975165231	-97.74294601962642
7839195.979899497	0.9990859454510814	16.641101359849305	-100.05490675036481
7889447.236180903	0.9990869837606017	16.64487461348609	-102.33795393933494
7939698.492462311	0.9990872859108725	16.641506919143357	-104.58449748682209
7989949.7487437185	0.9990858538442662	16.64261060320874	-106.78637810616665
8040201.005025126	0.9990880073602851	16.647979722033366	-108.93464596250394
8090452.261306533	0.9990861024208387	16.644178526293093	-111.01929601655225
8140703.51758794	0.9990869515877953	16.644896487306447	-113.02904273453017
8190954.773869348	0.9990873551743094	16.650903268098798	-114.95085295510773
8241206.030150753	0.9990857940651113	16.646011779450696	-116.76949557971876
8291457.28643216	0.9990877394782103	16.644322114219108	-118.46691738565885
8341708.542713568	0.9990860281669061	16.64945858487242	-120.0213211360157
8391959.798994975	0.9990869148412975	16.64427930710605	-121.40615406170181
8442211.05527638	0.9990872355646674	16.64122384227063	-122.58858084687407
8492462.311557788	0.9990859310171817	16.645871359216677	-123.5275391670235
8542713.567839196	0.9990878692240435	16.641798114724754	-124.17129092449844
8592964.824120604	0.9990861060676275	16.639273394014058	-124.45403231579363
8643216.08040201	0.9990869826878378	16.644697847514436	-124.29193886024218
8693467.336683417	0.999087194719629	16.642859737687875	-123.57857361181222
8743718.592964824	0.9990858671291979	16.64133867134095	-122.18068079023698
8793969.849246232	0.9990877102229351	16.64655837841844	-119.93752985646904
8844221.10552764	0.9990859212315137	16.646057933029276	-116.66965996977969
8894472.361809047	0.9990870390089139	16.64528110565896	-112.20953657183883
8944723.618090454	0.9990871396349342	16.648330285511346	-106.46930822955441
8994974.874371858	0.9990859141572724	16.646500888671163	-99.54698750869261
9045226.130653266	0.999087947478565	16.64606647339893	-91.82234936417349
9095477.386934672	0.9990859720768288	16.647271605403407	-83.93313600468834
9145728.64321608	0.9990870329664355	16.643201522573765	-76.57707137595264
9195979.899497487	0.9990871847223732	16.64327930491119	-70.26643260276647
9246231.155778894	0.9990857819005662	16.644698710292577	-65.22104786965905
9296482.412060302	0.9990877610601103	16.63996582164121	-61.423902437365804
9346733.66834171	0.9990858922330224	16.641677505979047	-58.73292143182168
9396984.924623117	0.9990869538124539	16.645042577557863	-56.968430446517864
9447236.180904524	0.9990872427320541	16.640234527663015	-55.95905809195918
9497487.437185932	0.9990858181894102	16.643357309484895	-55.558611522745075
9547738.693467338	0.9990879868275284	16.649185595294973	-55.64879088568783
9597989.949748745	0.9990860829313036	16.643319455647887	-56.13594720863663
9648241.206030153	0.9990869093589447	16.644916436344186	-56.94654276666128
9698492.462311557	0.9990873785023168	16.65200937887272	-58.02286373868656
9748743.718592964	0.9990857541872681	16.6451418772058	-59.31926899782082
9798994.974874372	0.999087735022395	16.643197205323574	-60.79944153546129
9849246.23115578	0.9990860763261288	16.649928630500717	-62.43415060440686
9899497.487437187	0.9990868243005535	16.643658802337665	-64.19955307083401
9949748.743718592	0.9990873444220323	16.639591300390773	-66.07602358933903
10000000.0	0.9990858885794546	16.646145857732776	-68.04710413145192
