0.0	1.9711029524641404	86.86901486383194	0.0
50251.25628140703	1.849496150713891	80.92542397056802	-0.002453039350683387
100502.51256281407	1.746014566942883	75.2188284004192	-0.019200898751231002
150753.7688442211	1.6571252918358428	69.75531380257046	-0.06334103785210339
201005.02512562813	1.580044351448611	64.56642908692803	-0.1470699693308182
251256.2814070352	1.5126251105369006	59.70046128829203	-0.2821060698050653
301507.53768844216	1.4532174437539787	55.148920866700955	-0.4800452153359831
351758.7939698492	1.4005926110612061	50.914718983008186	-0.7528768751091184
402010.05025125627	1.3538059214406293	47.038828508246226	-1.1131011222090406
452261.30653266323	1.312134846846011	43.52586447504564	-1.5739364235266944
502512.56281407026	1.2750138429028204	40.375652511696096	-2.1492322497827154
552763.8190954772	1.2419643105170184	37.620994380838106	-2.853178106588655
603015.0753768843	1.2125918415136183	35.26800296622739	-3.7000239177253746
653266.3316582914	1.186534051398265	33.30754930564772	-4.703451126103335
703517.5879396986	1.1634619165814655	31.745823975446935	-5.876093966032298
753768.8442211054	1.1430762886175836	30.555556942082127	-7.228906573906885
804020.1005025125	1.125084874698379	29.691935015045598	-8.770583744663412
854271.3567839196	1.1092292686371623	29.12657004629593	-10.507165025767966
904522.6130653267	1.0952612893745344	28.800025943364414	-12.44157314736293
954773.8693467338	1.0829563950679453	28.64153019650205	-14.573493698881418
1005025.1256281405	1.0721183610337344	28.619491581640354	-16.899249924329215
1055276.3819095476	1.0625607690387755	28.687553357817272	-19.411879011358415
1105527.638190955	1.0541324590154728	28.780467782438468	-22.10141122196836
1155778.8944723618	1.0466932616867832	28.88271086902017	-24.955106685430078
1206030.150753769	1.0401233679142898	28.984556035932016	-27.957986672950327
1256281.407035176	1.0343263908198816	29.038678802238472	-31.09327799336645
1306532.6633165828	1.0292081303296137	29.03465594759509	-34.342945180946316
1356783.91959799	1.0247002373240552	28.991017833516736	-37.68831102989141
1407035.1758793967	1.0207350675833773	28.881615120553928	-41.11047662277252
1457286.432160804	1.0172553797274335	28.69145768416286	-44.59088891095392
1507537.688442211	1.0142174712181133	28.45033417548937	-48.11170918310446
1557788.9447236182	1.011569938512388	28.152205096849414	-51.656094920603785
1608040.201005025	1.0092801869581065	27.77779085403731	-55.20852016323331
1658291.4572864324	1.007309290437572	27.356232571450615	-58.754804702733786
1708542.7135678392	1.0056225047137675	26.897263689087456	-62.282231974006116
1758793.969849246	1.004195087096513	26.381098739477242	-65.77952945015332
1809045.2261306534	1.0029912859982013	25.829391989771928	-69.23671208706851
1859296.4824120603	1.001990939148555	25.26115971729583	-72.64505824013912
1909547.7386934676	1.0011668767924562	24.660425957144952	-75.99685968956592
1959798.9949748742	1.0004946258787357	24.039977183985357	-79.28525861996074
2010050.2512562815	0.999959098786664	23.420305443350642	-82.50409613402283
2060301.5075376884	0.9995338877221622	22.79047540506996	-85.64760266190817
2110552.763819095	0.9992079216611509	22.158530026181875	-88.71027357688502
2160804.0201005023	0.9989634680912487	21.542292150921895	-91.68659681634179
2211055.27638191	0.9987844454013092	20.93322180481216	-94.57078186121221
2261306.5326633165	0.9986646694706417	20.338320884854326	-97.35658725874929
2311557.7889447236	0.9985866243190585	19.772996854121075	-100.03692861594085
2361809.045226131	0.9985465109137489	19.22883465005279	-102.60361096565443
2412060.301507538	0.9985348766647043	18.712479011183554	-105.04694142892117
2462311.557788945	0.9985425251548495	18.23719294408999	-107.35517793047025
2512562.814070352	0.9985697836128605	17.793272323255657	-109.5140411050426
2562814.0703517585	0.9986052529990048	17.38663670836808	-111.50588223417815
2613065.3266331656	0.9986502011891926	17.028387881967024	-113.30873651297394
2663316.582914573	0.9987005646270033	16.70586925354608	-114.89514258359344
2713567.83919598	0.9987506413302397	16.423073933417886	-116.23041953992478
2763819.095477387	0.9988048234545851	16.189880076920048	-117.27068721204274
2814070.3517587944	0.998855000030542	15.991002448799811	-117.96018139966944
2864321.6080402015	0.9989045670093889	15.827355532666198	-118.22795494334575
2914572.864321608	0.9989522049043207	15.707451129046213	-117.98432359083756
2964824.120603015	0.9989936020418041	15.615658052320272	-117.11730627265842
3015075.376884422	0.9990350317693283	15.551334516403319	-115.49140659462915
3065326.633165829	0.9990692904553024	15.520869143093979	-112.95269906013367
3115577.8894472364	0.9991006474061361	15.50918186888864	-109.3481255434661
3165829.1457286435	0.9991292970325415	15.516513018073748	-104.57099034539354
3216080.40201005	0.9991506046619911	15.547962761813825	-98.63862324853388
3266331.658291457	0.9991719076543938	15.588872659163863	-91.78173541902616
3316582.914572865	0.9991867864762525	15.64070705665633	-84.47564167451199
3366834.1708542714	0.9991988316766013	15.70807212333557	-77.33832219982509
3417085.4271356785	0.9992095121182398	15.777046712083068	-70.92803859811859
3467336.683417085	0.9992137328824345	15.850652648855169	-65.5844961560204
3517587.939698492	0.9992191520943287	15.932656981986693	-61.40781041828566
3567839.1959798997	0.9992195917151051	16.008841276870058	-58.33353075374079
3618090.452261307	0.9992180298806447	16.0853054825156	-56.220627375580264
3668341.7085427134	0.9992170682367433	16.166369018918854	-54.911252186653414
3718592.9648241205	0.9992105445611721	16.235399726961955	-54.25976562219516
3768844.221105528	0.9992064241679007	16.301026487927796	-54.14288950049766
3819095.477386935	0.9991993527184991	16.371133387534915	-54.46047959281967
3869346.7336683418	0.9991908734887999	16.426594757685162	-55.132574563095176
3919597.9899497484	0.9991845933768236	16.47575272128788	-56.095835111884014
3969849.2462311555	0.9991741800577938	16.531040614993145	-57.29996514242702
4020100.502512563	0.999166812856182	16.57232040022965	-58.70482285298045
4070351.75879397	0.9991579808936965	16.605136300931424	-60.27816926830428
4120603.0150753767	0.9991482294216799	16.646055122530974	-61.99376400003129
4170854.271356784	0.9991417526953528	16.675271032515	-63.83008211840615
4221105.52763819	0.9991317419170015	16.693238499018843	-65.76921551380534
4271356.783919598	0.9991250578988355	16.719880164904012	-67.7960309426689
4321608.040201005	0.9991180269995955	16.73880952982726	-69.89762731607684
4371859.296482412	0.9991099885478263	16.744243261611494	-72.06276177315553
4422110.55276382	0.9991057322265317	16.75606840583914	-74.28152613396466
4472361.809045227	0.9990985150785503	16.76487554369889	-76.54505872440483
4522613.065326633	0.9990944879239488	16.76158007589638	-78.84524791222799
4572864.32160804	0.9990904881703734	16.761343922634797	-81.17462813651586
4623115.577889447	0.9990854203702871	16.761153456082443	-83.52616565201222
4673366.834170855	0.999084186215387	16.753611838732265	-85.89314305530218
4723618.090452262	0.9990799023533673	16.747173271417825	-88.26909787379766
4773869.346733669	0.9990784358545134	16.74135009677964	-90.64765128014395
4824120.603015076	0.9990773267825085	16.733544751561745	-93.02249097757493
4874371.859296482	0.9990745325037372	16.726166923042815	-95.387259711855
4924623.11557789	0.9990755960059903	16.717002439511358	-97.73543909193768
4974874.371859296	0.9990736161261988	16.710241137136833	-100.06032576569615
5025125.628140704	0.999074010052191	16.705007730167587	-102.35484666504284
5075376.884422111	0.9990748918357217	16.69274856482938	-104.61147518629795
5125628.140703517	0.9990735797208646	16.684662538062	-106.82208937203553
5175879.396984925	0.999076217206521	16.682665958000246	-108.97771598077395
5226130.653266331	0.9990754623746781	16.669016829784056	-111.06837482415372
5276381.909547739	0.9990765470778554	16.65732551488965	-113.0827115602274
5326633.165829146	0.9990785662399045	16.658365162180008	-115.00761267827755
5376884.422110554	0.9990776019140526	16.64740488653019	-116.82775665759405
5427135.67839196	0.9990805498516054	16.633470334045246	-118.52486320681821
5477386.934673368	0.9990804536279807	16.637287395318474	-120.07691654515132
5527638.190954774	0.9990814149949031	16.632539697444276	-121.45700063578094
5577889.447236181	0.9990838189233577	16.618900172791967	-122.63175670784939
5628140.703517589	0.9990828482502608	16.62434375784882	-123.55950643969632
5678391.959798995	0.9990857663296009	16.626647161457175	-124.18753949829508
5728643.216080403	0.9990858005479509	16.61424492595835	-124.44883478131268
5778894.472361809	0.9990861842889169	16.617672809586487	-124.25794331697972
5829145.728643216	0.9990887023437849	16.624666346480428	-123.50621964021336
5879396.984924623	0.999087243558977	16.614468302852025	-122.05789138660212
5929648.24120603	0.999089499662709	16.61287048927261	-119.74941559638225
5979899.497487438	0.9990895823665238	16.620423935741364	-116.39940037676516
6030150.753768844	0.9990892371015279	16.61443017809137	-111.84151270575045
6080402.010050251	0.9990914460152089	16.60955812431953	-105.99558042226614
6130653.266331658	0.9990898843903775	16.615091249827387	-98.9772463222765
6180904.522613065	0.9990916250215779	16.614632872537687	-91.19032114394695
6231155.778894473	0.9990916819351833	16.610841074254637	-83.29066522694343
6281407.03517588	0.9990908738694405	16.61388780947594	-75.97555185913245
6331658.291457287	0.9990929344763536	16.61818619244636	-69.73981907601905
6381909.547738695	0.9990910915019737	16.61812646578676	-64.78246203820511
6432160.8040201	0.9990922501627669	16.6176484322043	-61.071454120384544
6482412.060301508	0.9990923481919582	16.62307458809579	-58.45747632241997
6532663.316582914	0.9990910669510513	16.6273319916842	-56.75881220054227
6582914.572864322	0.9990928671582143	16.622498610765316	-55.804495019495725
6633165.82914573	0.9990910872376989	16.62384351453342	-55.44987775548323
6683417.085427135	0.9990919674279802	16.631901134251713	-55.578218295094416
6733668.341708543	0.9990921345264427	16.625520062424396	-56.09732762382271
6783919.597989949	0.999090749281074	16.620330167925758	-56.93493762665781
6834170.854271357	0.9990925646510013	16.63087310400782	-58.03424075442247
6884422.1105527645	0.9990907715412672	16.62799199074091	-59.35042285439851
6934673.36683417	0.9990913401215679	16.61824524011515	-60.84775557183629
6984924.623115577	0.9990917235490776	16.629473991027858	-62.497451382236484
7035175.879396984	0.9990900384717262	16.632973701087476	-64.27609195417533
7085427.135678392	0.9990917921452175	16.621257835610812	-66.16429026953226
7135678.391959799	0.9990901461236887	16.63022622446158	-68.14584064380908
7185929.648241206	0.9990906119622184	16.639347613454657	-70.20697088297682
7236180.904522614	0.9990912337420411	16.627023952220462	-72.33576031187664
7286432.160804021	0.9990894971248072	16.62979358442258	-74.52179639645365
7336683.417085427	0.9990914934769871	16.64136222499275	-76.7557610996957
7386934.673366834	0.999089919382109	16.63083147530112	-79.02921786824768
7437185.929648241	0.9990901343267566	16.626288495597034	-81.33441888360042
7487437.185929649	0.9990911149729744	16.63664316792988	-83.664075856684
7537688.442211056	0.9990891134007962	16.63112622458143	-86.01130497125772
7587939.698492462	0.9990909752885129	16.623279097930745	-88.36945500435144
7638190.954773868	0.9990897456385742	16.630601036036513	-90.73201347511495
7688442.211055276	0.9990896503806412	16.631198774728905	-93.09256370464442
7738693.4673366835	0.9990909492884302	16.624973335022755	-95.44462038216678
7788944.723618091	0.9990889446412152	16.628747251277623	-97.78160838769442
7839195.979899497	0.9990908897232544	16.633282413552607	-100.09674266284834
7889447.236180903	0.9990899585118578	16.630684055512564	-102.38288814588712
7939698.492462311	0.9990895073748529	16.629735498334117	-104.63250587426442
7989949.7487437185	0.9990912010063177	16.633704735886987	-106.83742149255033
8040201.005025126	0.9990890136912066	16.635063588038445	-108.98867871191129
8090452.261306533	0.9990906477150829	16.62975220211159	-111.07631739238242
8140703.51758794	0.9990901072395771	16.628898788962893	-113.08900410196114
8190954.773869348	0.9990892980785041	16.63409812582928	-115.01373511627146
8241206.030150753	0.9990910545094577	16.62878507387174	-116.83527559988447
8291457.28643216	0.9990891230744416	16.622478880254153	-118.53551593917895
8341708.542713568	0.9990905694993598	16.630312109028473	-120.09268697796988
8391959.798994975	0.9990903791711319	16.629928134276838	-121.48014310075389
8442211.05527638	0.9990893534265212	16.620747029317187	-122.66497876284728
8492462.311557788	0.9990913068387768	16.628858771923205	-123.60604774194307
8542713.567839196	0.999089375897921	16.634481657182427	-124.25135488016451
8592964.824120604	0.9990904376213293	16.624167904306347	-124.53486768918073
8643216.08040201	0.9990906050887708	16.629160287040555	-124.37228525301244
8693467.336683417	0.9990892461598205	16.638619773063375	-123.65645798054219
8743718.592964824	0.9990911213959722	16.62800205881175	-122.25319681564889
8793969.849246228	0.9990894560280135	16.626891804451695	-120.0002409113987
8844221.10552764	0.999090272077092	16.63720588331534	-116.71635090150549
8894472.361809043	0.9990907081561184	16.628904260836176	-112.23207165466486
8944723.618090454	0.9990892976688586	16.622624146209443	-106.45854517064038
8994974.874371858	0.9990912451017093	16.631596420683827	-99.49578446339783
9045226.130653266	0.9990896978207363	16.628427324228543	-91.72947920190502
9095477.386934675	0.999090175314228	16.62153155617465	-83.80603063697761
9145728.64321608	0.999090910668534	16.62840363540159	-76.42937535520979
9195979.899497487	0.9990892134722087	16.629938218174953	-70.11242911503014
9246231.155778894	0.9990910464236284	16.625463031218853	-65.07157680042785
9296482.412060302	0.9990897182132156	16.62970940230158	-61.28516022719186
9346733.668341706	0.999089960190383	16.632679873471677	-58.60767662411374
9396984.924623117	0.9990909450493214	16.630427381691053	-56.85725977722231
9447236.18090452	0.9990891776622979	16.631050036979964	-55.861405370191214
9497487.437185932	0.9990911267012931	16.631883896223936	-55.47351168538666
9547738.693467334	0.9990899508387219	16.631518827484324	-55.575067423929134
9597989.949748745	0.9990898597027754	16.629734094847088	-56.07250085438435
9648241.206030149	0.9990911871815478	16.626858564623454	-56.89236632653264
9698492.462311557	0.9990891691787943	16.628697814318482	-57.97703534983727
9748743.718592964	0.9990908819822341	16.628699327447986	-59.28103999208662
9798994.974874372	0.9990900427715879	16.623509445682824	-60.76812800338218
9849246.23115578	0.9990895672390818	16.626713332664973	-62.409181108772174
9899497.487437183	0.9990911355215459	16.63102355179125	-64.18045680356575
9949748.743718592	0.9990891273650794	16.625583354458485	-66.06236132393299
10000000.0	0.9990908482270424	16.62804817066736	-68.03853572690797
