0.0	0.3173594042443242	170.25195885831147	0.0
50251.25628140703	0.14862819878932693	156.99653017915705	-0.1071436011357537
100502.51256281407	0.05837234622571498	74.12817629974762	-0.7328908144615073
150753.7688442211	0.15636219793399425	18.394361701712207	-2.004975747018798
201005.02512562813	0.26577917750168684	8.437628348889016	-3.7656708498489215
251256.28140703513	0.3627776823041949	4.311531857956503	-5.815185184174055
301507.5376884422	0.44732506224921903	2.4923290473909003	-8.013445013432166
351758.79396984924	0.52071664089013	2.7955113331858925	-10.281930249172621
402010.05025125627	0.5843231536395748	4.030912481098988	-12.58178097301138
452261.30653266335	0.6394095623628181	5.365082187454855	-14.895943410072427
502512.56281407026	0.6871048828669508	6.654275324000706	-17.21839936921712
552763.8190954775	0.7283925778085606	7.858686510394046	-19.548450433075992
603015.0753768843	0.764138970362299	8.976853656427082	-21.88771741851469
653266.3316582914	0.7950903125842049	10.02745924761333	-24.238636873478438
703517.5879396984	0.8218946057224009	11.006516400111853	-26.603777394331704
753768.8442211054	0.845117391854921	11.909471619515308	-28.985405384779238
804020.1005025125	0.86523841248546	12.7460584386531	-31.38540930024795
854271.3567839196	0.8826822755793703	13.519852827600403	-33.805218720491844
904522.6130653265	0.8978081005863069	14.227256483416426	-36.24577060817414
954773.8693467338	0.9109277588683921	14.867403351504377	-38.70761751757433
1005025.1256281408	0.9223153101875369	15.448281025274198	-41.19086749457142
1055276.3819095476	0.9321974068793604	15.97476232769042	-43.69527858198281
1105527.638190955	0.9407812370993676	16.437797952759777	-46.22030132678859
1155778.8944723618	0.9482375469344824	16.842596405621762	-48.76504133828416
1206030.150753769	0.9547157515137773	17.205094878535743	-51.328382187837235
1256281.407035176	0.9603505338250011	17.51431136448789	-53.90893447377126
1306532.6633165828	0.9652477002585763	17.76650330376568	-56.50506937975568
1356783.91959799	0.969510934136454	17.98490175613928	-59.11498355829768
1407035.1758793967	0.9732211202062324	18.163319085349723	-61.736621864221625
1457286.432160804	0.9764504410837783	18.28879670795913	-64.36776690456618
1507537.688442211	0.9792673362314684	18.38629026216997	-67.00601211633084
1557788.9447236182	0.9817191921215845	18.45740051933754	-69.64873412239679
1608040.201005025	0.9838604005832869	18.48301663177396	-72.29317196380664
1658291.4572864324	0.9857289384937576	18.48572533849354	-74.93634279806606
1708542.7135678392	0.9873590582218704	18.475350307029416	-77.5750849731019
1758793.969849246	0.9887873241885899	18.430323513053743	-80.20606606924618
1809045.2261306534	0.9900332654042504	18.366979288227004	-82.82570701336667
1859296.4824120603	0.9911264428339102	18.301307022368302	-85.4302508170407
1909547.7386934676	0.9920841405826618	18.21372613409139	-88.01568589063461
1959798.9949748742	0.992922177971944	18.112838309177643	-90.57771881321915
2010050.2512562815	0.9936612646528384	18.01588090537051	-93.11179215268496
2060301.5075376884	0.9943071143693186	17.907672472211015	-95.61295307930362
2110552.763819095	0.9948773295745091	17.79190435199292	-98.07585300182981
2160804.0201005023	0.9953792053559948	17.683355451409856	-100.49464931938745
2211055.27638191	0.9958193089599888	17.57052593918738	-102.86284949445647
2261306.5326633165	0.9962106762329396	17.455506773937348	-105.17325075254844
2311557.7889447236	0.9965527411123207	17.34965399612237	-107.41768386881957
2361809.045226131	0.996856973309952	17.244255944472805	-109.58680320416624
2412060.301507538	0.9971255600308954	17.141897060774717	-111.66982168287095
2462311.557788945	0.9973612382480084	17.049581406635838	-113.6540340642982
2512562.814070352	0.9975728416805778	16.96012710427883	-115.52439118189406
2562814.0703517585	0.9977566183926725	16.87877075635772	-117.26279441531331
2613065.3266331656	0.9979214622062397	16.808383894733723	-118.84718961941701
2663316.582914573	0.9980670613738103	16.740094466414604	-120.25050610436885
2713567.83919598	0.9981940261969645	16.682443572069314	-121.43903702683899
2763819.095477387	0.9983095375909067	16.636903559670678	-122.37050135182008
2814070.3517587944	0.9984082516023969	16.590967580831478	-122.99146482986205
2864321.6080402015	0.9984978501652139	16.554891407323318	-123.2339238164389
2914572.864321608	0.9985765604447996	16.53098735820627	-123.01141531907933
2964824.120603015	0.9986441176537323	16.503942986845274	-122.21456342958209
3015075.376884422	0.9987070613827654	16.48476762254704	-120.70765335167292
3065326.633165829	0.998758626655226	16.47731503887359	-118.32956212504213
3115577.8894472364	0.9988063035993797	16.464288366710957	-114.905778350914
3165829.1457286435	0.9988478738493842	16.456893383496702	-110.28455050470492
3216080.40201005	0.9988820584029553	16.461464140961517	-104.41013297461039
3266331.658291457	0.998915348302412	16.45968276895713	-97.42773826870504
3316582.914572865	0.9989407739358026	16.460794568576002	-89.76074882202731
3366834.1708542714	0.9989650094509891	16.473433231181282	-82.05576880022333
3417085.4271356785	0.9989858468239975	16.480473141161003	-74.97255515448362
3467336.683417085	0.9990016556055664	16.4882424800206	-68.96336890361128
3517587.939698492	0.9990186518721025	16.505303653706004	-64.20024849098706
3567839.1959798997	0.9990295520249135	16.5167701727285	-60.64326806113623
3618090.452261307	0.9990408490902906	16.527892319788307	-58.146377643578596
3668341.7085427134	0.9990504064345421	16.54579941379727	-56.53514590014049
3718592.9648241205	0.9990561977384085	16.557120718483283	-55.645997504568726
3768844.221105528	0.999064274110985	16.56756785138023	-55.340195201720775
3819095.477386935	0.9990676948488213	16.58300649674073	-55.505558128393275
3869346.7336683418	0.9990724699263772	16.59150103189587	-56.05312184444295
3919597.9899497484	0.9990761688973533	16.599903018172025	-56.91289164728575
3969849.2462311555	0.9990773096157664	16.61212024633443	-58.02974917052777
4020100.502512563	0.9990812033899205	16.617139643456877	-59.359976954237574
4070351.75879397	0.9990809593905595	16.624121294567896	-60.86869845937854
4120603.0150753767	0.9990827602723737	16.635172089706657	-62.527731081327126
4170854.271356784	0.9990838416597172	16.637752584981158	-64.31404021414461
4221105.52763819	0.9990828389957508	16.643199666486478	-66.20860369401227
4271356.783919598	0.9990849744917796	16.65399533600002	-68.19541389389705
4321608.040201005	0.9990833226293674	16.65502801877005	-70.26086665098805
4371859.296482412	0.9990842575624036	16.658052906477035	-72.3932028284913
4422110.55276382	0.9990844537703736	16.667060237198566	-74.58205817815944
4472361.809045227	0.9990829028375385	16.665632455683856	-76.81822081006275
4522613.065326633	0.9990848510615389	16.665468617148598	-79.09330276701043
4572864.32160804	0.9990827141067534	16.671825145881012	-81.3995696280384
4623115.577889447	0.9990834535084121	16.667591197148607	-83.72980611752048
4673366.834170855	0.999083617591284	16.664269092977474	-86.07711186473982
4723618.090452262	0.9990819243385478	16.668850820012302	-88.4348615818422
4773869.346733669	0.9990838375390313	16.664080994782903	-90.79657063869207
4824120.603015076	0.9990819512832174	16.659543799993248	-93.15578392703863
4874371.859296482	0.9990828563502876	16.663496660048093	-95.50605419550797
4924623.11557789	0.9990832356260855	16.66016734740258	-97.84077894515165
4974874.371859296	0.9990818232026222	16.656800255640007	-100.15314588845513
5025125.628140704	0.9990840195129923	16.66082005397756	-102.43603805583476
5075376.884422111	0.9990822689804834	16.65821865315135	-104.68184265336546
5125628.140703517	0.999083232158501	16.655770488134202	-106.88237393707564
5175879.396984925	0.9990837763195615	16.659471710138554	-109.02863190066218
5226130.653266331	0.9990824440022257	16.656139421129936	-111.11055494277515
5276381.909547739	0.9990845484644805	16.65301826312639	-113.11677839062939
5326633.165829146	0.9990830538903063	16.655291327749527	-115.03415886496144
5376884.422110554	0.9990841887522292	16.6508055542667	-116.84733314163455
5427135.67839196	0.9990846804490707	16.647431168756956	-118.53806290633715
5477386.934673368	0.9990836501633792	16.6489435063196	-120.08431401369333
5527638.190954774	0.9990857970387931	16.643994180079588	-121.45922891630653
5577889.447236181	0.9990842375984307	16.641827680452362	-122.6295586316002
5628140.703517589	0.9990853667260252	16.6449585645018	-123.55371384980981
5678391.959798995	0.9990857651134919	16.64099964679569	-124.17925859817578
5728643.216080403	0.9990846375679525	16.64012686957112	-124.43947858839826
5778894.472361809	0.9990866877230701	16.64520273723438	-124.24940760148806
5829145.728643216	0.9990850601525793	16.64261669011077	-123.50119343917785
5879396.984924623	0.9990863249633168	16.64210495284807	-122.06001743978497
5929648.24120603	0.9990866272323865	16.64702970215176	-119.76377244894006
5979899.497487438	0.9990854756886665	16.644042200638502	-116.43265296467474
6030150.753768844	0.9990876916717015	16.64289934769868	-111.90157193501044
6080402.010050251	0.9990858147168781	16.646654553448368	-106.09028286926699
6130653.266331658	0.9990869253385123	16.642283499442637	-99.11091784428282
6180904.522613065	0.9990872403535022	16.64027453376886	-91.36017709168814
6231155.778894473	0.9990858311060836	16.643700017819736	-83.48560444868635
6281407.03517588	0.9990878936782073	16.639553086128128	-76.17998262513824
6331658.291457287	0.9990860960986522	16.63812052834426	-69.93974344562375
6381909.547738695	0.9990871507919702	16.64229887026893	-64.96862903233175
6432160.8040201	0.9990874924418505	16.639452180472773	-61.23960380351078
6482412.060301508	0.9990860980457761	16.639852912731165	-58.60662637314564
6532663.316582914	0.9990882452759066	16.64521332040374	-56.88972786486875
6582914.572864322	0.9990863570144409	16.642487898863056	-55.918773640097854
6633165.82914573	0.9990872403749265	16.64326478981866	-55.549216841648246
6683417.085427135	0.9990875800013399	16.648987021601478	-55.66430625578743
6733668.341708543	0.9990860832845714	16.64515312850434	-56.171671610507566
6783919.597989949	0.9990879905146209	16.644275807453592	-56.99880041677225
6834170.854271357	0.9990862481736676	16.648915725414774	-58.08876197306267
6884422.1105527645	0.9990872099024031	16.64407661785935	-59.3965143676219
6934673.36683417	0.9990874115042705	16.64209912289215	-60.886202921769645
6984924.623115577	0.9990861801785507	16.64615513050676	-62.528942206431374
7035175.879396984	0.9990880747212937	16.641363952592723	-64.30115903831815
7085427.135678392	0.9990862596222895	16.639800414396557	-66.18343423722169
7135678.391959799	0.9990871953310703	16.64516380973711	-68.15946602526034
7185929.648241206	0.9990873161553967	16.64190739216502	-70.21541191202753
7236180.904522614	0.999086023843985	16.64098082515475	-72.33934434298108
7286432.160804021	0.9990878560050843	16.647247054047703	-74.5207618401995
7336683.417085427	0.9990860322085243	16.645465884667328	-76.75034239516201
7386934.673366834	0.9990871621298605	16.644593523590213	-79.01962362702007
7437185.929648241	0.9990872469418685	16.64953837627175	-81.32080011957181
7487437.185929649	0.999086000497242	16.647083757752362	-83.64660844516995
7537688.442211056	0.9990880505562629	16.645683324029918	-85.99011255644852
7587939.698492462	0.9990860538219697	16.648821644587425	-88.34465085727172
7638190.954773868	0.9990870997065401	16.644743597201323	-90.70372302834703
7688442.211055276	0.9990872715446737	16.64296950593484	-93.06085648314556
7738693.4673366835	0.9990858363062728	16.645723501410227	-95.4095931418991
7788944.723618091	0.9990878246838828	16.641618453340296	-97.7433343047985
7839195.979899497	0.9990859592214391	16.640955899246826	-100.055266463184
7889447.236180903	0.9990869954620304	16.644753879438998	-102.33828792082153
7939698.492462311	0.9990872955224479	16.641409520489727	-104.58480832975336
7989949.7487437185	0.9990858614335988	16.642534949152473	-106.78666818519667
8040201.005025126	0.9990880130694119	16.647924178789058	-108.93491746213559
8090452.261306533	0.9990861064533282	16.644141435679227	-111.01955095690559
8140703.51758794	0.9990869541984273	16.644876043590312	-113.02928299717483
8190954.773869348	0.9990873566548732	16.650897643698247	-114.9510803091076
8241206.030150753	0.999085794734074	16.646019310189413	-116.76971170791968
8291457.28643216	0.9990877396696807	16.64434109015169	-118.46712391452785
8341708.542713568	0.9990860282192758	16.649487261826764	-120.0215196673287
8391959.798994975	0.9990869150897506	16.644316185355194	-121.40634621016788
8442211.05527638	0.9990872363310502	16.641267480092218	-122.58876828418902
8492462.311557788	0.9990859326030805	16.645920272182895	-123.52772367473702
8542713.567839196	0.9990878719046148	16.641851052741547	-124.17147445935768
8592964.824120604	0.9990861100851209	16.639329244468705	-124.45421708864005
8643216.08040201	0.9990869882479212	16.644755483951656	-124.29212742179162
8693467.336683417	0.9990872019875666	16.642918204878363	-123.57876893956337
8743718.592964824	0.9990858762270023	16.641397163290605	-122.18088632975693
8793969.849246232	0.9990877212283864	16.646616117210364	-119.93774942993636
8844221.10552764	0.9990859341769397	16.64611425929294	-116.66989736146375
8894472.361809047	0.9990870538819278	16.64533548192648	-112.20979449959633
8944723.618090454	0.9990871563790673	16.648382235464698	-106.46958647795775
8994974.874371858	0.9990859326736816	16.646550022051127	-99.54728067272731
9045226.130653266	0.99908796762897	16.64611247285392	-91.82264603417555
9095477.386934672	0.9990859936857548	16.64731422015956	-83.93342154587364
9145728.64321608	0.9990870558250526	16.64324058019981	-76.57733335035257
9195979.899497487	0.99908720859266	16.64331467785404	-70.26666457173174
9246231.155778894	0.9990858065196612	16.644730316255377	-65.22124926999162
9296482.412060302	0.9990877861447162	16.639993638188773	-61.42407622414217
9346733.66834171	0.9990859174842697	16.641701546051713	-58.73307182577109
9396984.924623117	0.9990869789209263	16.64506287789894	-56.96856162875382
9447236.180904524	0.9990872673831055	16.640251160099737	-55.959173677207325
9497487.437185932	0.9990858420675565	16.643370386533068	-55.558714451574886
9547738.693467338	0.9990880096219482	16.64919524355015	-55.64888348688986
9597989.949748745	0.99908610434028	16.643325800630304	-56.13603130963244
9648241.206030153	0.9990869290946083	16.644919643333825	-56.94661980251709
9698492.462311557	0.9990873962946372	16.652009638760074	-58.02293484248924
9748743.718592964	0.9990857697883189	16.64513935658472	-59.31933507249829
9798994.974874372	0.9990877482101448	16.643192097418098	-60.79950330844492
9849246.23115578	0.9990860869071445	16.649921165462544	-62.43420866806991
9899497.487437187	0.9990868321131448	16.64364917475389	-64.19960791333493
9949748.743718592	0.9990873493386517	16.639579710297298	-66.07607561752519
10000000.0	0.9990858905083325	16.646132548390156	-68.04715368826598
