0.0	0.28734408126964883	120.95514650016464	0.0
50251.25628140703	0.23217683443132428	86.83957643768308	-0.022701307093889306
100502.51256281407	0.2612626011281848	54.572716343228294	-0.17454897021531218
150753.7688442211	0.33138291856255225	35.15915751344025	-0.5573853964767888
201005.02512562813	0.4091295559910821	24.061537813238324	-1.2324025149409756
251256.28140703513	0.4829012728854755	17.143000485936696	-2.2204745812071462
301507.5376884422	0.5494856569727001	12.491804384088207	-3.5114308405348655
351758.79396984924	0.6083684675845271	9.308462139076864	-5.076240352805912
402010.05025125627	0.6599292634522342	7.341676068132537	-6.877407542352964
452261.30653266335	0.7048420964740237	6.511960275848855	-8.87629200579029
502512.56281407026	0.7438517944061932	6.649694193854814	-11.03718899247514
552763.8190954775	0.7776720619915879	7.406187913894155	-13.329161271904953
603015.0753768843	0.8069694357067035	8.444705877813663	-15.726467395871458
653266.3316582914	0.832334385756067	9.58109676619098	-18.20817924339426
703517.5879396984	0.8542897162225124	10.720105835822524	-20.75759150865987
753768.8442211054	0.8732979437050787	11.807028429064164	-23.361422791556848
804020.1005025125	0.8897520674557445	12.825580031751862	-26.009180806147295
854271.3567839196	0.9040033793664929	13.77239712637829	-28.692565247006804
904522.6130653265	0.9163480583390696	14.636860262299907	-31.404932807582437
954773.8693467338	0.927043889693091	15.413126354628586	-34.140989616323154
1005025.1256281408	0.9363183484346687	16.112029585319117	-36.8963942629374
1055276.3819095476	0.9443576612337676	16.738174533113014	-39.667560276665796
1105527.638190955	0.9513341835383944	17.280518082830163	-42.45148021047307
1155778.8944723618	0.9573884025595724	17.747864486851128	-45.24550026435457
1206030.150753769	0.96264353364415	18.157877812024473	-48.047296779430056
1256281.407035176	0.9672115880407542	18.498333472850458	-50.85470909156271
1306532.6633165828	0.9711786292508432	18.76808759744243	-53.66567453923771
1356783.91959799	0.9746312584328471	18.99274265466996	-56.478221056169126
1407035.1758793967	0.9776354588147294	19.16563931701061	-59.29032536122179
1457286.432160804	0.9802504385018029	19.275359120805284	-62.09995587273258
1507537.688442211	0.9825333262744566	19.34900034013243	-64.90500639232584
1557788.9447236182	0.9845215819387991	19.388460508175605	-67.70323590141282
1608040.201005025	0.9862609240430757	19.375640472998704	-70.49232634994836
1658291.4572864324	0.9877816899391975	19.33467881375096	-73.26977540236668
1708542.7135678392	0.9891114124337987	19.276127181512948	-76.03292692891333
1758793.969849246	0.9902807370115808	19.179303237588524	-78.77896643567635
1809045.2261306534	0.9913039580206261	19.06155416189174	-81.50483418316888
1859296.4824120603	0.9922060225918622	18.93962804390661	-84.20728987891222
1909547.7386934676	0.9930001306054349	18.7948021169267	-86.8828267943699
1959798.9949748742	0.9936984981575072	18.636388167707366	-89.52764221632937
2010050.2512562815	0.9943186533787036	18.482183644963808	-92.13765176640734
2060301.5075376884	0.9948635037942793	18.31770489587434	-94.70835295151325
2110552.763819095	0.9953481857313204	18.147256294171886	-97.23482575551188
2160804.0201005023	0.9957778239191334	17.986013203433057	-99.71162952608896
2211055.27638191	0.996157088241275	17.822837472283325	-102.13264643826912
2261306.5326633165	0.9964973536605439	17.660338533032238	-104.49102051151668
2311557.7889447236	0.9967966077452041	17.510235939877553	-106.77889706192899
2361809.045226131	0.9970650655883371	17.36380174932398	-108.98721380068262
2412060.301507538	0.9973038245923563	17.22391496215572	-111.10543166285358
2462311.557788945	0.9975146853028509	17.097952873737878	-113.12105538050766
2512562.814070352	0.997705673392204	16.97843960277811	-115.01920594980683
2562814.0703517585	0.9978723449275866	16.870584448210202	-116.78190794961768
2613065.3266331656	0.9980230047318658	16.77759362322723	-118.38717982800777
2663316.582914573	0.9981568367989343	16.69020198058506	-119.80796456062578
2713567.83919598	0.9982740270296299	16.61662541880725	-121.01049992027892
2763819.095477387	0.9983813966253503	16.558537755616868	-121.9523719113592
2814070.3517587944	0.9984732987374326	16.503088339567714	-122.57992322300443
2864321.6080402015	0.9985571639152132	16.46006291569203	-122.8248331362169
2914572.864321608	0.9986310075110332	16.43178072799949	-122.60023899723346
2964824.120603015	0.9986943911349427	16.40266239238145	-121.79633428703087
3015075.376884422	0.9987537112586501	16.38327427927189	-120.27709157545473
3065326.633165829	0.9988020849007235	16.377322273197272	-117.88152437642599
3115577.8894472364	0.9988469085440244	16.367281570707448	-114.43635085806807
3165829.1457286435	0.9988858871416583	16.36402660723336	-109.79313443422338
3216080.40201005	0.9989176817948169	16.373689178432265	-103.90243113880477
3266331.658291457	0.9989487373291316	16.377744896725535	-96.91813584031556
3316582.914572865	0.998972047721428	16.385220619412664	-89.27089913735955
3366834.1708542714	0.9989942614446702	16.40457944848849	-81.60772581335218
3417085.4271356785	0.9990131512699657	16.418525139518763	-74.5805954919482
3467336.683417085	0.999027073883099	16.433242979266378	-68.63089851865391
3517587.939698492	0.9990422380416731	16.457188654650263	-63.92254576864258
3567839.1959798997	0.9990513555900783	16.475367842730673	-60.41199485268538
3618090.452261307	0.9990609189676257	16.492930899621122	-57.95281028623772
3668341.7085427134	0.9990687926435002	16.51694655189706	-56.37166154957833
3718592.9648241205	0.9990729527776454	16.534011031529957	-55.506454264949745
3768844.221105528	0.9990794545897982	16.549773153556345	-55.219822700465144
3819095.477386935	0.9990813612509397	16.570056182501048	-55.400700981311196
3869346.7336683418	0.9990846873037383	16.582951029455792	-55.96098157115024
3919597.9899497484	0.9990870066209449	16.595288972039526	-56.831312229626604
3969849.2462311555	0.9990868407103141	16.61094147938395	-57.9570524694901
4020100.502512563	0.9990895044718994	16.618952114102484	-59.29484058742929
4070351.75879397	0.9990881095641926	16.628501630558976	-60.810066361334904
4120603.0150753767	0.9990888405567101	16.641668030458046	-62.47474838264148
4170854.271356784	0.9990889342942039	16.645970034185027	-64.26600555243388
4221105.52763819	0.9990870263444658	16.652793167257908	-66.1649342008579
4271356.783919598	0.9990883385494367	16.664605588824642	-68.15561922843031
4321608.040201005	0.9990859441081419	16.66633981549748	-70.22452958408223
4371859.296482412	0.9990862151618073	16.669806895233197	-72.3599646272509
4422110.55276382	0.9990858237219667	16.679002247751946	-74.55160742906915
4472361.809045227	0.9990837581474217	16.677539505586196	-76.79028487135291
4522613.065326633	0.9990852611658604	16.67716423129358	-79.06764110351959
4572864.32160804	0.999082744492328	16.683151216978978	-81.3759685956287
4623115.577889447	0.9990831652939496	16.678414662255978	-83.70807485462647
4673366.834170855	0.9990830674667215	16.674488987615714	-86.05707897085803
4723618.090452262	0.999081164314201	16.678387354645132	-88.416372480021
4773869.346733669	0.9990829148956123	16.672876131295148	-90.77948538936022
4824120.603015076	0.9990809086538329	16.66755988419449	-93.139975427586
4874371.859296482	0.9990817316576307	16.67071234475469	-95.49140669513436
4924623.11557789	0.999082062307045	16.6665784026802	-97.8271867430225
4974874.371859296	0.9990806303296238	16.662416088592618	-100.14051225264896
5025125.628140704	0.9990828319570302	16.665659651654277	-102.42427425179582
5075376.884422111	0.9990811077343403	16.66231077184266	-104.67086707130946
5125628.140703517	0.9990821144962833	16.659153778096538	-106.87211132637127
5175879.396984925	0.9990827161281138	16.662190320766786	-109.01901261788906
5226130.653266331	0.9990814520692469	16.65823916823721	-111.10151427001372
5276381.909547739	0.9990836327161671	16.654550998637845	-113.10825585976504
5326633.165829146	0.9990822197573556	16.656313063943873	-115.026097566647
5376884.422110554	0.9990834394016036	16.65136802892394	-116.83967905118757
5427135.67839196	0.9990840170838445	16.64758748279989	-118.53076413450644
5477386.934673368	0.9990830723182982	16.648750375048238	-120.07732001852797
5527638.190954774	0.9990853027913532	16.64350145655252	-121.45248963149773
5577889.447236181	0.9990838238590264	16.641082229704356	-122.62302345882573
5628140.703517589	0.9990850294426487	16.644009875704096	-123.54733055530963
5678391.959798995	0.9990854994745267	16.639890704335787	-124.1729720598797
5728643.216080403	0.9990844382222805	16.638894988451998	-124.43322949858513
5778894.472361809	0.9990865489202548	16.643886021912447	-124.24313137228975
5829145.728643216	0.9990849759174578	16.641248434222263	-123.49481983894111
5879396.984924623	0.9990862892312986	16.64071242075803	-122.05347232654088
5929648.24120603	0.9990866339501	16.645638925232486	-119.75698413672318
5979899.497487438	0.9990855189375277	16.642675731475784	-116.42556763203605
6030150.753768844	0.999087765734858	16.641574960558344	-111.89418330951688
6080402.010050251	0.9990859141503187	16.645387643464435	-106.08267581092383
6130653.266331658	0.9990870450363946	16.641086608384143	-99.10330550116785
6180904.522613065	0.9990873755712264	16.639156974845406	-91.35288419019032
6231155.778894473	0.999085977503988	16.642668724845812	-83.47896596980198
6281407.03517588	0.9990880473343419	16.638612588186795	-76.17421542283412
6331658.291457287	0.9990862535120839	16.63727328819201	-69.93489396764058
6381909.547738695	0.9990873088950496	16.641545687174904	-64.96461586471317
6432160.8040201	0.9990876485805128	16.6387921110573	-61.23629049986556
6482412.060301508	0.9990862499738011	16.63928355802631	-58.60387334891501
6532663.316582914	0.9990883911376192	16.64473135668738	-56.88741543058071
6582914.572864322	0.9990864953147947	16.642089210662903	-55.91680705970875
6633165.82914573	0.9990873699644104	16.642944200766486	-55.54752377400557
6683417.085427135	0.9990877000410162	16.648738787482998	-55.662832154277645
6733668.341708543	0.9990861932182322	16.64497161984575	-56.17037534301243
6783919.597989949	0.9990880900435245	16.644154805669494	-56.99765073797547
6834170.854271357	0.9990863372185357	16.648848539116376	-58.087734877855546
6884422.1105527645	0.9990872885807992	16.64405725780165	-59.39559116428585
6934673.36683417	0.9990874800980497	16.642121562059977	-60.885368842314065
6984924.623115577	0.9990862391046057	16.64621291893159	-62.52818540895921
7035175.879396984	0.9990881245096441	16.641451516454186	-64.30046988547726
7085427.135678392	0.9990863008857309	16.63991261740464	-66.18280477333468
7135678.391959799	0.9990872287457642	16.64529523684269	-68.15888959419425
7185929.648241206	0.9990873424395322	16.642053382617075	-70.21488287364996
7236180.904522614	0.9990860437366343	16.641137398651246	-72.33885786169265
7286432.160804021	0.9990878702527468	16.647410173560985	-74.52031372472837
7336683.417085427	0.9990860415477855	16.64563204486835	-76.74992897692238
7386934.673366834	0.9990871672756645	16.6447598903608	-79.01924166835623
7437185.929648241	0.9990872485782752	16.64970229060963	-81.32044674112014
7487437.185929649	0.9990859992663491	16.647242944026736	-83.64628106854497
7537688.442211056	0.9990880470536729	16.64583600103605	-85.98980885863587
7587939.698492462	0.9990860485908543	16.648966304892383	-88.34436873556295
7638190.954773868	0.9990870932335927	16.644879055148465	-90.70346057126858
7688442.211055276	0.9990872642600074	16.643094906781936	-93.06061194663859
7738693.4673366835	0.9990858285808172	16.645838244818936	-95.40936492970937
7788944.723618091	0.9990878168308042	16.641722197392863	-97.74312095060547
7839195.979899497	0.9990859514978274	16.641048504647607	-100.05506661631227
7889447.236180903	0.9990869880705978	16.644835372009247	-102.33810033416349
7939698.492462311	0.9990872886155435	16.641480112683773	-104.58463184829631
7989949.7487437185	0.9990858551157239	16.642595010750686	-106.78650173524032
8040201.005025126	0.9990880074021397	16.647974162862166	-108.9347600410636
8090452.261306533	0.9990861014603554	16.644181855333784	-111.01940162349499
8140703.51758794	0.999086949868722	16.644907522863214	-113.02914086140956
8190954.773869348	0.9990873529486446	16.650920871172975	-114.95094452245905
8241206.030150753	0.9990857915872705	16.646034949861516	-116.76958145340693
8291457.28643216	0.999087736998865	16.644349864413844	-118.46699839440898
8341708.542713568	0.9990860259267274	16.649489940828285	-120.02139809014865
8391959.798994975	0.9990869130667994	16.644313444925782	-121.40622777493344
8442211.05527638	0.9990872344633622	16.641259995437217	-122.58865216331023
8492462.311557788	0.9990859307744553	16.645908778748947	-123.52760899485948
8542713.567839196	0.999087869999986	16.641836189153405	-124.17136027873597
8592964.824120604	0.9990861079946147	16.639311589619478	-124.45410237186442
8643216.08040201	0.9990869858691028	16.64473564421099	-124.29201102026227
8693467.336683417	0.9990871992280262	16.642896706492582	-123.57864958157501
8743718.592964824	0.9990858730068338	16.641374461818643	-122.18076265265762
8793969.849246232	0.9990877174810953	16.64659268119214	-119.9376200967365
8844221.10552764	0.9990859298516898	16.646090501334395	-116.6697613492484
8894472.361809047	0.9990870489436418	16.645311736647155	-112.20965165971569
8944723.618090454	0.9990871508089695	16.648358815197362	-106.46943837819354
8994974.874371858	0.9990859264699784	16.646527202888528	-99.54713135696903
9045226.130653266	0.9990879608059396	16.646090486541432	-91.82250179517854
9095477.386934672	0.9990859862739659	16.64729326956204	-83.93328903950501
9145728.64321608	0.9990870478703244	16.643220828660667	-76.57721705854892
9195979.899497487	0.9990872001546647	16.64329625110883	-70.2665656525674
9246231.155778894	0.999085797671193	16.64471331263962	-65.22116629952836
9296482.412060302	0.9990877769699775	16.639978129847254	-61.42400661725402
9346733.66834171	0.9990859080773854	16.641687584448505	-58.73301288471184
9396984.924623117	0.9990869693842823	16.645050495667157	-56.96851102337658
9447236.180904524	0.9990872578251153	16.64024036637814	-55.95912956024451
9497487.437185932	0.9990858326013746	16.643361166058433	-55.55867541353522
9547738.693467338	0.9990880003629162	16.64918756956058	-55.648848467621626
9597989.949748745	0.9990860954047487	16.643319643772415	-56.135999512775015
9648241.206030153	0.9990869205972853	16.644914955564925	-56.946590626174604
9698492.462311557	0.9990873883472794	16.652006356506067	-58.02290782799335
9748743.718592964	0.9990857624977084	16.645137421234104	-59.319309865701655
9798994.974874372	0.9990877416763867	16.6431914349208	-60.79947963137408
9849246.23115578	0.9990860812223163	16.649921682854195	-62.43418629922541
9899497.487437187	0.999086827359777	16.64365079456609	-64.19958667334076
9949748.743718592	0.999087345588214	16.639582353335044	-66.0760553593939
10000000.0	0.9990858878204827	16.646136114038576	-68.04713429001747
