0.0	1.9002638410987256	157.86458864521515	0.0
50251.25628140703	1.552710911018653	152.21167612015157	-0.013210440910686277
100502.51256281407	1.2607988977347182	145.33053668668657	-0.10092991659447922
150753.7688442211	1.0213811212205657	136.788732984411	-0.3223987241643825
201005.02512562813	0.8328282105929351	126.14474188157965	-0.7174799951877668
251256.28140703513	0.6947930259536862	113.15168189719947	-1.307643593651292
301507.5376884422	0.6066410250903489	98.1323788913764	-2.099580524004541
351758.79396984924	0.5643774471620276	82.39581001290273	-3.089965125383207
402010.05025125627	0.5586484788242756	67.76209742880414	-4.269482754054373
452261.30653266335	0.5770714728305593	55.41695268329614	-5.626131683785864
502512.56281407026	0.6085510647426768	45.585860001850314	-7.147333317371344
552763.8190954773	0.6453898948981535	37.98429239596788	-8.821052090484047
603015.0753768844	0.6830371466268264	32.18158412480124	-10.636447266820953
653266.3316582914	0.7190677980238309	27.79527402714408	-12.583844242797623
703517.5879396984	0.7523303543581484	24.560892119850077	-14.654655026386065
753768.8442211054	0.7823923971765265	22.26248933785472	-16.84109354578948
804020.1005025125	0.80919837959102	20.717423587584683	-19.13583894682036
854271.3567839196	0.8329011976695172	19.791610230129663	-21.531850941059723
904522.6130653265	0.8537401198937993	19.339283045481583	-24.022075558013384
954773.8693467338	0.8719913464240482	19.218858882623923	-26.599377849173678
1005025.1256281408	0.8879397937822852	19.34429684688461	-29.256442817103565
1055276.3819095476	0.9018474147743835	19.630219910136507	-31.985745148019017
1105527.638190955	0.9139669081865893	19.98585591040889	-34.779645317725446
1155778.8944723618	0.924519176727543	20.37932923084491	-37.63037081532388
1206030.150753769	0.9337024463112175	20.791466438679155	-40.53017074695705
1256281.407035176	0.9416980941402909	21.170589916183793	-43.47136653714219
1306532.6633165828	0.9486550732012669	21.50272609267932	-46.44641079545746
1356783.91959799	0.9547153910446884	21.80418055385969	-49.448024039976325
1407035.1758793967	0.9599954644734352	22.048585767349735	-52.46915705244705
1457286.432160804	0.9645976982139968	22.219473188329985	-55.50309512942828
1507537.688442211	0.9686180570156872	22.344754139771545	-58.543455283024734
1557788.9447236182	0.9721279016676174	22.41774649418201	-61.584145292278464
1608040.201005025	0.97520169584066	22.417717141654204	-64.61943461786632
1658291.4572864324	0.9778962453353345	22.371711264668143	-67.64384112481652
1708542.7135678392	0.9802602735697382	22.288050819671408	-70.65214752712721
1758793.969849246	0.9823440175381597	22.14536350470089	-73.63937021528132
1809045.2261306534	0.9841782155914979	21.96340551053058	-76.60064274802377
1859296.4824120603	0.9858010728603288	21.759555762574802	-79.53125363339186
1909547.7386934676	0.9872389052831343	21.516201047138264	-82.42651390998552
1959798.9949748742	0.9885128619547019	21.244499331782084	-85.28170637906467
2010050.2512562815	0.9896498260998204	20.96349065624325	-88.09205753829427
2060301.5075376884	0.9906600157608504	20.66074284614498	-90.85256414956608
2110552.763819095	0.9915638329914447	20.342800740745524	-93.55797826357558
2160804.0201005023	0.992373104027267	20.02618646881045	-96.20265169947417
2211055.27638191	0.9930953640640068	19.701261315882146	-98.78036862634946
2261306.5326633165	0.9937467703078359	19.373621639079506	-101.28425522095941
2311557.7889447236	0.9943286034591107	19.05739565260124	-103.70647801003159
2361809.045226131	0.9948527115378093	18.743654214051638	-106.03803926978958
2412060.301507538	0.9953245383430427	18.437962930902675	-108.26845757472174
2462311.557788945	0.9957461493001641	18.152178608462027	-110.38527774980831
2512562.814070352	0.9961285478558385	17.87694333480794	-112.37363423805667
2562814.0703517585	0.9964691879014078	17.61807945285283	-114.21548579814178
2613065.3266331656	0.9967764578784726	17.385320229031475	-115.88872441689658
2663316.582914573	0.9970530885124621	17.167107543931102	-117.36606929167084
2713567.83919598	0.9972984537581003	16.968883252868046	-118.6134258858251
2763819.095477387	0.9975216655522646	16.79972647885894	-119.58798885696224
2814070.3517587944	0.9977184957918204	16.64579390563686	-120.23565624253618
2864321.6080402015	0.9978955968548199	16.510801307240573	-120.4877803542422
2914572.864321608	0.9980544222325558	16.40347375756111	-120.25757076022458
2964824.120603015	0.998193087508453	16.309584939205408	-119.43622094682058
3015075.376884422	0.9983198664283078	16.231853478017072	-117.89074466469675
3065326.633165829	0.9984291121241544	16.177767262876248	-115.46694017051287
3115577.8894472364	0.9985268914853592	16.133226089509453	-112.00459110709765
3165829.1457286435	0.9986141745211461	16.101647980588677	-107.3769075551234
3216080.40201005	0.9986877706379631	16.08967916760069	-101.5633032909833
3266331.658291457	0.9987558286452777	16.08294821146299	-94.74358967684978
3316582.914572865	0.9988123058521682	16.08532442111721	-87.35187399678333
3366834.1708542714	0.998862238634583	16.103127447029237	-80.00355041615661
3417085.4271356785	0.9989066726469589	16.122240021672834	-73.29762187885792
3467336.683417085	0.9989416963882276	16.146889709865626	-67.63090163363229
3517587.939698492	0.9989752277892813	16.18242923693317	-63.14771741198802
3567839.1959798997	0.9990007618990372	16.214607341525603	-59.805591872126634
3618090.452261307	0.9990228322640985	16.24942505485277	-57.46860187863215
3668341.7085427134	0.9990427906971896	16.292090386548953	-55.97540204896682
3718592.9648241205	0.999055767361677	16.326839145332873	-55.17393240860472
3768844.221105528	0.9990697321548765	16.361386025779417	-54.93432363879101
3819095.477386935	0.9990784249561321	16.402785488672922	-55.15075437417839
3869346.7336683418	0.9990855131302235	16.43413133458312	-55.73869465137074
3919597.9899497484	0.9990924411026234	16.463303256312592	-56.631236845955414
3969849.2462311555	0.9990944993634457	16.499233478940255	-57.77536276445189
4020100.502512563	0.9990988828709004	16.52492094500972	-59.128826430414506
4070351.75879397	0.9990994787881169	16.547647212589304	-60.65777865418023
4120603.0150753767	0.9990997758346161	16.57768417533227	-62.33474095734315
4170854.271356784	0.9991010171567872	16.597741292428942	-64.13720313498871
4221105.52763819	0.999098375869063	16.613519664508555	-66.04650156474732
4271356.783919598	0.9990989190521582	16.63697694089522	-68.04688999714439
4321608.040201005	0.9990966049612802	16.651533180100138	-70.12497026035548
4371859.296482412	0.9990947527990114	16.660136659517676	-72.26911352564514
4422110.552763818	0.9990943479423523	16.675220293577347	-74.46907143621148
4472361.809045227	0.9990907524742412	16.683147984736706	-76.71571629653265
4522613.065326633	0.9990908817968746	16.68534597632427	-79.00071312784787
4572864.321608041	0.9990882527961826	16.69247222987883	-81.31639131635241
4623115.577889447	0.9990864911193883	16.693694581743824	-83.65556688601785
4673366.834170853	0.9990865015693545	16.69135234470666	-86.01137247550942
4723618.090452262	0.9990832246322926	16.69367734633197	-88.37722090082805
4773869.346733667	0.9990839076245814	16.690852693671886	-90.74663807040291
4824120.603015076	0.999082090560778	16.686836310690722	-93.11320150089989
4874371.859296482	0.9990810316000046	16.68756193817546	-95.47048264689569
4924623.11557789	0.9990819629076999	16.682957781682	-97.8118884610663
4974874.371859295	0.9990795695362902	16.679241238991775	-100.13063900613753
5025125.628140704	0.9990812589379755	16.680335652112593	-102.41962099777469
5075376.884422109	0.9990803112610711	16.67386567632064	-104.67124018713447
5125628.140703517	0.9990799022801691	16.66928408925344	-106.87733327101155
5175879.396984925	0.9990817463470346	16.67114464964187	-109.02889636048536
5226130.653266331	0.9990798225482563	16.66294542552897	-111.11589316917824
5276381.909547739	0.999081867348116	16.655670498993448	-113.12695975682985
5326633.165829144	0.999081590703369	16.657664294467	-115.04894693350948
5376884.422110554	0.9990814642571552	16.649543250105165	-116.86650459671799
5427135.678391959	0.999083594787541	16.640633006757724	-118.56136046886544
5477386.934673368	0.9990822100010992	16.643178815408206	-120.1114608668823
5527638.190954774	0.9990844606124117	16.637376360107123	-121.48990464341524
5577889.447236179	0.9990844375068209	16.62913621225311	-122.66334119451429
5628140.703517589	0.9990844345117014	16.633293085172557	-123.59007931538164
5678391.959798994	0.9990866469956036	16.631231222298595	-124.21747236588993
5728643.216080403	0.9990852103367817	16.624426964099825	-124.47850582855797
5778894.472361809	0.9990872593524937	16.62892256879557	-124.28779043852602
5829145.728643216	0.9990871742141756	16.62977478734445	-123.53677743298685
5879396.984924623	0.999087077777975	16.624340310317805	-122.08971818753325
5929648.24120603	0.9990890353786184	16.626653421511843	-119.78319169405049
5979899.497487436	0.9990875884410199	16.62742790961098	-116.43577321066934
6030150.753768844	0.9990896464159793	16.623503044418168	-111.8809481739452
6080402.010050252	0.9990892718355858	16.62374137220669	-106.03813222840397
6130653.266331658	0.9990891272437648	16.622665440711586	-99.02203068549767
6180904.522613065	0.999090932040657	16.620630700478486	-91.2355740129534
6231155.778894471	0.9990891455032326	16.62125435846823	-83.33405177985703
6281407.03517588	0.9990909635996034	16.619222111766614	-76.01509661679991
6331658.291457285	0.9990903814849227	16.619745582657576	-69.77455244206874
6381909.547738695	0.9990900139990432	16.622719248478436	-64.81223941657284
6432160.8040201	0.9990916684118987	16.62017454566237	-61.09677380018871
6482412.060301506	0.999089738109855	16.62260153678143	-58.478970593945064
6532663.316582914	0.9990916436027459	16.62846884257017	-56.77712106649449
6582914.57286432	0.9990908956250886	16.624325170013837	-55.820214430710834
6633165.82914573	0.9990903859326761	16.625445084418917	-55.463432637795755
6683417.085427135	0.9990921036413462	16.63322998892811	-55.59000319942055
6733668.341708543	0.999089882917714	16.627622822376637	-56.107630424726615
6783919.597989949	0.9990915503211202	16.62493376548448	-56.94397082959826
6834170.854271357	0.999090797978844	16.632948947837026	-58.042217094821865
6884422.110552763	0.9990901720874074	16.6277876651444	-59.35746460344199
6934673.36683417	0.9990917066513199	16.622416587586947	-60.85399100835754
6984924.623115579	0.9990896968433594	16.63030793888916	-62.50298905079474
7035175.879396984	0.9990913801090817	16.627540794403856	-64.2809892431429
7085427.135678392	0.999090586193393	16.621839843371266	-66.1686387473294
7135678.391959798	0.999090074483784	16.62990875630899	-68.1496857891414
7185929.648241206	0.9990915392703448	16.630366498782276	-70.21035564139983
7236180.904522612	0.999089478898993	16.625264438680066	-72.33874642750297
7286432.160804021	0.9990910647940245	16.631907483136683	-74.52439747704076
7336683.417085427	0.9990901601840645	16.634212830480553	-76.75802279374922
7386934.673366833	0.9990898308221532	16.62997407641414	-79.03117022114985
7437185.929648241	0.999091087319198	16.633173542900614	-81.33606967663609
7487437.185929647	0.9990892236466171	16.634263299867097	-83.66546946637854
7537688.442211056	0.9990910443232249	16.631166161626528	-86.01244467405768
7587939.698492462	0.9990899549103863	16.631745352304566	-88.37035973517304
7638190.95477387	0.9990898220569383	16.63027464519609	-90.73271306408922
7688442.211055276	0.9990910619616823	16.628733896376048	-93.09304995490014
7738693.4673366835	0.9990890642779825	16.629485617259927	-95.44492496529331
7788944.723618089	0.9990908568554818	16.626693137260833	-97.7817373242304
7839195.979899497	0.9990897242752381	16.627395545363807	-100.09669500332774
7889447.236180905	0.9990896385824278	16.630367044841663	-102.38269583405324
7939698.492462311	0.9990908988505538	16.62679985776603	-104.6321552514225
7989949.7487437185	0.9990889436695165	16.62897823153439	-106.83693003892715
8040201.005025124	0.9990909997835784	16.634689138548385	-108.98806184564482
8090452.261306533	0.9990898164687066	16.629531738371103	-111.07555854877147
8140703.517587938	0.9990896870453083	16.629990251869053	-113.08813540313828
8190954.773869348	0.9990911012655479	16.637356583255052	-115.01274708751494
8241206.030150753	0.9990889571387459	16.631037416903187	-116.8341693372844
8291457.286432162	0.999090818552182	16.627628738851104	-118.53432097571616
8341708.5427135695	0.9990896918655187	16.634961376312702	-120.09137898674746
8391959.798994977	0.9990897443538782	16.629526685528052	-121.47875138484522
8442211.05527638	0.9990907548698181	16.624972916959393	-122.66351482355174
8492462.311557788	0.9990891130920055	16.63099789885508	-123.60449813898103
8542713.567839196	0.9990911308281738	16.627229508734928	-124.2497762569817
8592964.824120604	0.9990894391206364	16.624221456586124	-124.53325803915158
8643216.08040201	0.9990903313260593	16.629774951531473	-124.37068450027103
8693467.336683417	0.9990903783438926	16.62733334629854	-123.65495359264236
8743718.592964824	0.9990893091122502	16.62659817293258	-122.25182572477333
8793969.849246232	0.9990910518151455	16.631751188506755	-119.99916721426376
8844221.10552764	0.9990890717490163	16.629378286613267	-116.71573181551616
8894472.361809047	0.9990908565025837	16.630220549385164	-112.2321000382768
8944723.618090454	0.9990900146965072	16.634464594789137	-106.4595081109582
8994974.874371858	0.9990897071271426	16.630185203590067	-99.49779552384645
9045226.130653266	0.9990911556269176	16.631038524689366	-91.73258297091304
9095477.386934672	0.9990890155759478	16.634747012899403	-83.80998881989652
9145728.64321608	0.9990909804080952	16.628780606388244	-76.43378438475648
9195979.899497487	0.9990896121885109	16.62825822332348	-70.11694564943885
9246231.155778894	0.9990899589150577	16.631742819857006	-65.07588059634736
9296482.412060302	0.9990907347061535	16.62679086588297	-61.28912594036279
9346733.66834171	0.9990892039246576	16.625821119644307	-58.61123892468471
9396984.924623117	0.9990912148893126	16.62864460392307	-56.86040327264918
9447236.180904524	0.9990894328375646	16.626401894279404	-55.864170802628806
9497487.437185932	0.9990904175420863	16.627095612619296	-55.4759179106246
9547738.693467338	0.9990903466817893	16.62867085851354	-55.57715520310519
9597989.949748745	0.9990893638863091	16.6283686233187	-56.07430510124163
9648241.206030153	0.9990910446789585	16.631359696670525	-56.89391227095223
9698492.462311557	0.9990890755296276	16.63048818754531	-57.97835191492444
9748743.718592964	0.9990909029989904	16.630132992558032	-59.28214823328401
9798994.974874372	0.9990899512114082	16.635418308945606	-60.76904794566357
9849246.23115578	0.9990897595630542	16.631088044794865	-62.40992588821373
9899497.487437187	0.9990910863293456	16.62812929748756	-64.18104453686706
9949748.743718592	0.9990889960903497	16.636175891592938	-66.06280096580998
10000000.0	0.999091003070204	16.63028913028595	-68.038834906204
