0.0	0.03752703772968591	175.85995594931208	0.0
50251.25628140703	0.10033510540176056	0.7362988050821372	-0.9954371781310486
100502.51256281407	0.21978138217367155	1.2232319514928753	-3.1743099546965965
150753.7688442211	0.32336234931866126	2.529873961780942	-5.358371768530153
201005.02512562813	0.4131406699723407	3.705549051319876	-7.4818139081718735
251256.28140703513	0.4909336676847544	4.796598074102133	-9.574382353209648
301507.5376884422	0.5583248692210973	5.849496460724272	-11.656481438210797
351758.79396984924	0.6167015081932905	6.878175630527574	-13.74038384339327
402010.05025125627	0.6672661038935542	7.854529123467324	-15.834014797042851
452261.30653266335	0.7110650705961963	8.789953667023703	-17.942891053196032
502512.56281407026	0.7490106689668109	9.699687704306887	-20.070984266761716
552763.8190954775	0.7818856747422571	10.560871652985742	-22.22133120767738
603015.0753768843	0.8103776951795854	11.371266732157856	-24.396189330057414
653266.3316582914	0.835074958596289	12.145247705383222	-26.597222752184166
703517.5879396984	0.8564876344584845	12.871587020733422	-28.82565584326781
753768.8442211054	0.8750617813145809	13.54325815073823	-31.082226066471645
804020.1005025125	0.8911734356901665	14.168413882143568	-33.367351795145396
854271.3567839196	0.9051581632188208	14.74604433721828	-35.68111401761506
904522.6130653265	0.9172981797760487	15.271997848352706	-38.02326632963071
954773.8693467338	0.9278393442211932	15.746137110269078	-40.39335774210213
1005025.1256281408	0.9369991120305263	16.173072373863853	-42.790643356331515
1055276.3819095476	0.9449553516316123	16.557222300614843	-45.214181516180986
1105527.638190955	0.9518735762433506	16.891372831764016	-47.66284730219192
1155778.8944723618	0.9578886052909092	17.178164620623992	-50.13527645569435
1206030.150753769	0.9631190227314003	17.432396733942298	-52.629978699228175
1256281.407035176	0.967673056910303	17.645199660991423	-55.14526065301728
1306532.6633165828	0.9716336427959446	17.811265441161652	-57.67925352553722
1356783.91959799	0.975084873206741	17.952033325403637	-60.22996303415193
1407035.1758793967	0.9780906754368706	18.06295559727357	-62.79517999971273
1457286.432160804	0.9807086189636227	18.130469357358386	-65.37256603645575
1507537.688442211	0.9829945648536406	18.177609737988455	-67.95961458817084
1557788.9447236182	0.9849849751647896	18.20676603111947	-70.55362050292962
1608040.201005025	0.9867248642276273	18.198749599506453	-73.15175384590682
1658291.4572864324	0.9882440735411966	18.174530247388933	-75.75097036650833
1708542.7135678392	0.9895698282541137	18.14394035870577	-78.34805383958368
1758793.969849246	0.9907326473178731	18.085422534319786	-80.93961960134288
1809045.2261306534	0.9917468060389104	18.0141572842956	-83.52203824271608
1859296.4824120603	0.9926373584450087	17.94565970400234	-86.09150276078239
1909547.7386934676	0.9934176872259416	17.860190397764466	-88.64395061067488
1959798.9949748742	0.9941002440130362	17.765618489512335	-91.17503697576707
2010050.2512562815	0.9947028491908375	17.678569664951663	-93.68015144173613
2060301.5075376884	0.9952287093324264	17.58348388767731	-96.15428775230534
2110552.763819095	0.9956932792586677	17.483554055598876	-98.59204324841524
2160804.0201005023	0.9961019986609926	17.393022882481795	-100.98752146030829
2211055.27638191	0.9964598324335645	17.299928405317118	-103.33417740388926
2261306.5326633165	0.9967784424126634	17.205938783433325	-105.62475740119332
2311557.7889447236	0.9970560690561495	17.12196525335272	-107.8510451434976
2361809.045226131	0.9973031566727056	17.03892198465447	-110.00365205171266
2412060.301507538	0.9975210045472258	16.95903395049961	-112.07175393777331
2462311.557788945	0.9977115793719289	16.888900986541795	-114.04261616698687
2512562.814070352	0.9978830503986326	16.821136231018322	-115.90116817841441
2562814.0703517585	0.9980310854476957	16.760753814434363	-117.62930053476049
2613065.3266331656	0.9981640756384358	16.710245187757774	-119.20495882423663
2663316.582914573	0.9982812705644769	16.660674356028267	-120.60108272999949
2713567.83919598	0.9983828966337333	16.620554369545243	-121.78398552196924
2763819.095477387	0.9984757999650068	16.591038915207875	-122.71140925819903
2814070.3517587944	0.9985543417728384	16.559613697741465	-123.32993511799987
2864321.6080402015	0.9986259453572983	16.536674585843755	-123.57154150528852
2914572.864321608	0.9986886096474875	16.524337730594908	-123.34966531192757
2964824.120603015	0.9987418681193703	16.50728993797163	-122.5546593304229
3015075.376884422	0.9987920817155305	16.49675749085064	-121.05020507574153
3065326.633165829	0.9988323265620279	16.496542265787383	-118.67398796558224
3115577.8894472364	0.9988699514165601	16.4893595322101	-115.24937147123974
3165829.1457286435	0.9989026113122063	16.48662644343445	-110.62127834240046
3216080.40201005	0.9989289141151244	16.49473564640725	-104.72976697052364
3266331.658291457	0.9989552488733903	16.4954100920683	-97.71669866604891
3316582.914572865	0.9989745542163586	16.49806030953619	-90.00595828121918
3366834.1708542714	0.9989934214036053	16.511429612241155	-82.25014164059405
3417085.4271356785	0.9990095669775466	16.51846302338279	-75.11777136789665
3467336.683417085	0.9990212924033313	16.52560413961801	-69.06769146665214
3517587.939698492	0.99903475135148	16.54152331433349	-64.27409592738016
3567839.1959798997	0.9990426034855872	16.55141780061764	-60.69599318859768
3618090.452261307	0.999051290092611	16.560621352798215	-58.185087932038414
3668341.7085427134	0.9990586268924089	16.57634669448101	-56.56477732465118
3718592.9648241205	0.9990625443742503	16.5852945551992	-55.66981258691971
3768844.221105528	0.999069053809194	16.593241136058364	-55.360291803325154
3819095.477386935	0.9990711781555255	16.60611520363118	-55.523263564531746
3869346.7336683418	0.9990748943178642	16.612024129999103	-56.06926584212686
3919597.9899497484	0.9990777413975596	16.61786449668258	-56.92798670330922
3969849.2462311555	0.9990782098227061	16.627596273397835	-58.0441069123538
4020100.502512563	0.9990815858228331	16.630221331679742	-59.373782362730466
4070351.75879397	0.9990809558751635	16.634919880160385	-60.88205739750596
4120603.0150753767	0.999082482328569	16.643843784529906	-62.54070046009201
4170854.271356784	0.9990833823674994	16.644452209538645	-64.3266473354101
4221105.52763819	0.9990822751400861	16.648076766814246	-66.22085860814268
4271356.783919598	0.99908436833251	16.657234105676515	-68.2073171999304
4321608.040201005	0.9990827235439393	16.656808037287206	-70.27241450663918
4371859.296482412	0.9990837037867221	16.658531380556166	-72.40439000741459
4422110.55276382	0.9990839737259994	16.66641341737576	-74.59287994304064
4472361.809045227	0.9990825165665458	16.664033734163176	-76.82867400555648
4522613.065326633	0.999084571500047	16.66306418264979	-79.10338636050885
4572864.32160804	0.9990825481251792	16.66876421260187	-81.40928496202048
4623115.577889447	0.999083403061691	16.664019939264293	-83.73915691994718
4673366.834170855	0.9990836805772625	16.6603099804503	-86.08610414172679
4723618.090452262	0.9990820954325262	16.66461837638721	-88.44350344053012
4773869.346733669	0.9990841089981498	16.659684189630166	-90.80487205199641
4824120.603015076	0.9990823135071164	16.655074276758278	-93.16375650128379
4874371.859296482	0.9990832985192204	16.6590338713286	-95.5137109223364
4924623.11557789	0.9990837461687386	16.655782484981533	-97.8481339738667
4974874.371859296	0.9990823901784014	16.652552702055555	-100.16021431539129
5025125.628140704	0.9990846310244117	16.6567579589014	-102.4428357322643
5075376.884422111	0.9990829133957454	16.65438112946048	-104.68838603073516
5125628.140703517	0.9990838983748699	16.652187990987183	-106.88867992657377
5175879.396984925	0.999084453948655	16.656166156197845	-109.03471777743748
5226130.653266331	0.999083123465378	16.653125594792105	-111.11643827430524
5276381.909547739	0.9990852211344822	16.650304214807097	-113.12247699264384
5326633.165829146	0.999083712114881	16.652878514486737	-115.03969080097256
5376884.422110554	0.9990848258914529	16.648691596359974	-116.85271673302032
5427135.67839196	0.9990852908952411	16.645609192657957	-118.54331678220883
5477386.934673368	0.9990842292912133	16.647401067454425	-120.08945717219702
5527638.190954774	0.9990863411980101	16.64271790359767	-121.46428077888345
5577889.447236181	0.9990847440490463	16.640802521407757	-122.63453908836928
5628140.703517589	0.9990858335733283	16.64416473091021	-123.55864320068636
5678391.959798995	0.9990861912560561	16.640417898105824	-124.18415732641868
5728643.216080403	0.9990850226024769	16.639739026996537	-124.44436676133414
5778894.472361809	0.9990870318796754	16.644987209323865	-124.25430355263278
5829145.728643216	0.9990853642153505	16.64255258856143	-123.5061111705408
5879396.984924623	0.9990865901812569	16.64217406648383	-122.06496173320598
5929648.24120603	0.9990868552566778	16.64721220885191	-119.76873035760376
5979899.497487438	0.9990856684885387	16.644318740099585	-116.43758045187373
6030150.753768844	0.9990878514664263	16.643253528276446	-111.90637671220216
6080402.010050251	0.9990859439169065	16.64707011921889	-106.09481187802058
6130653.266331658	0.9990870264748336	16.64274475619123	-99.11496947212886
6180904.522613065	0.9990873160320314	16.640768236646842	-91.3635582290091
6231155.778894473	0.9990858839555452	16.64421404743851	-83.4882139274982
6281407.03517588	0.9990879263031565	16.64007614632394	-76.18185464006167
6331658.291457287	0.9990861110508712	16.63864309612559	-69.94101330089168
6381909.547738695	0.9990871505302611	16.642812862590976	-64.96946263785273
6432160.8040201	0.9990874793102473	16.63995056816577	-61.24014687232314
6482412.060301508	0.9990860742537139	16.64032987558472	-58.60698693932196
6532663.316582914	0.9990882128766825	16.64566424686148	-56.88997879421056
6582914.572864322	0.9990863179004345	16.6429091998159	-55.918961435909196
6633165.82914573	0.9990871962652882	16.643653815030955	-55.54937014241449
6683417.085427135	0.9990875324388837	16.649342036170626	-55.6644422088575
6733668.341708543	0.9990860336381993	16.645473101340485	-56.17180016597998
6783919.597989949	0.9990879399769568	16.64456042431048	-56.99892708770791
6834170.854271357	0.9990861977702203	16.649165397857296	-58.08888957193791
6884422.1105527645	0.9990871604963498	16.644292057993034	-59.3966440866862
6934673.36683417	0.9990873638042869	16.642281489238936	-60.88633501007502
6984924.623115577	0.9990861347519856	16.6463062289371	-62.52907638684522
7035175.879396984	0.9990880320014368	16.641485591839434	-64.3012947607752
7085427.135678392	0.9990862199222892	16.639894494423782	-66.18357083205768
7135678.391959799	0.9990871588560853	16.64523275708325	-68.15960279520387
7185929.648241206	0.9990872830131475	16.64195352097364	-70.21554819016315
7236180.904522614	0.999085994059825	16.641006276305948	-72.33947952566854
7286432.160804021	0.9990878295316438	16.647254350198505	-74.52089540158295
7336683.417085427	0.9990860089382001	16.645457436449014	-76.75047388986403
7386934.673366834	0.9990871419068655	16.64457137495304	-79.0197526888662
7437185.929648241	0.9990872295713529	16.64950472075241	-81.32092645932447
7487437.185929649	0.9990859857560681	16.64704075130245	-83.64673184708387
7537688.442211056	0.9990880382014958	16.645632800492383	-85.9902328726848
7587939.698492462	0.9990860435987245	16.64876538997327	-88.34476800010133
7638190.954773868	0.9990870913563084	16.644683295763954	-90.70383696072072
7688442.211055276	0.9990872648104537	16.642906559246615	-93.06096721241578
7738693.4673366835	0.9990858309387056	16.64565919420595	-95.40970071624484
7788944.723618091	0.9990878204461374	16.641554000670844	-97.74343880926014
7839195.979899497	0.9990859558921077	16.64089232963221	-100.05536801418546
7889447.236180903	0.999086992839055	16.644692031361828	-102.33838665976597
7939698.492462311	0.9990872934247613	16.641350085322554	-104.5849044182091
7989949.7487437185	0.9990858597025513	16.64247850043875	-106.78676180285974
8040201.005025126	0.9990880115702445	16.647871197570577	-108.93500880744186
8090452.261306533	0.9990861050749582	16.644092309685114	-111.01964024604835
8140703.51758794	0.9990869528532771	16.644831032795178	-113.02937046017796
8190954.773869348	0.9990873552784326	16.65085687502912	-114.9511661874156
8241206.030150753	0.9990857932831673	16.645982841235796	-116.76979625502418
8291457.28643216	0.9990877381217458	16.644308933352164	-118.46720739925338
8341708.542713568	0.9990860265700408	16.649459373317278	-120.02160237747017
8391959.798994975	0.9990869133514888	16.64429248648689	-121.40642845149503
8442211.05527638	0.9990872345307246	16.641247811456022	-122.58885037866372
8492462.311557788	0.9990859307794691	16.645904382030228	-123.52780595864445
8542713.567839196	0.9990878701065906	16.64183871885167	-124.17155728198608
8592964.824120604	0.9990861083691399	16.639320271991227	-124.45430080485282
8643216.08040201	0.9990869866757319	16.64474961308354	-124.29221237113096
8693467.336683417	0.9990872006238826	16.642915162061357	-123.57885539346714
8743718.592964824	0.9990858751375387	16.641396678101973	-122.18097439756706
8793969.849246232	0.9990877204778373	16.646617880432625	-119.93783889563466
8844221.10552764	0.999085933826892	16.646117998270675	-116.66998742769037
8894472.361809047	0.9990870539892572	16.64534097871311	-112.20988344153491
8944723.618090454	0.9990871569946072	16.64838923677591	-106.4696713536135
8994974.874371858	0.9990859338407683	16.64655825337749	-99.5473574748764
9045226.130653266	0.9990879693822933	16.6461216931766	-91.82271072867508
9095477.386934672	0.9990859960505716	16.647324209562058	-83.93347174090393
9145728.64321608	0.9990870588167555	16.643251140450012	-76.57736931597749
9195979.899497487	0.9990872122158958	16.64332563453301	-70.2666887204316
9246231.155778894	0.9990858107680359	16.644741493131942	-65.2212647896064
9296482.412060302	0.9990877910010795	16.6400048596438	-61.42408600936323
9346733.66834171	0.9990859229209443	16.64171266039946	-58.733078064271844
9396984.924623117	0.9990869848999328	16.64507376162162	-56.96856581490677
9447236.180904524	0.9990872738564238	16.6402617068572	-55.95917677696556
9497487.437185932	0.9990858489784584	16.643380498943824	-55.558717069377636
9547738.693467338	0.9990880169049309	16.649204832390268	-55.6488859915485
9597989.949748745	0.9990861119228326	16.64333478617629	-56.13603391741167
9648241.206030153	0.9990869368977062	16.644927960560192	-56.94662263139979
9698492.462311557	0.9990874042343264	16.652017238506804	-58.02293795128705
9748743.718592964	0.9990857777767373	16.64514619913389	-59.31933848672564
9798994.974874372	0.9990877561564905	16.643198158513755	-60.79950703557159
9849246.23115578	0.9990860947194972	16.6499264352357	-62.43421270448899
9899497.487437187	0.9990868396994956	16.643653635010356	-64.19961224661625
9949748.743718592	0.9990873566082638	16.639583343468505	-66.07608022987272
10000000.0	0.9990858973730531	16.64613536246863	-68.0471585614245
