0.0	1.4780188498987723	39.01855901594639	0.0
50251.25628140703	1.4226843308448296	35.429036295482746	-0.002509358887963203
100502.51256281407	1.37276293920374	31.966391372083837	-0.020973675051004045
150753.76884422114	1.3278933606762602	28.629850484049282	-0.07374538444258505
201005.02512562813	1.2877317963661994	25.462096808863382	-0.1818993010425091
251256.28140703513	1.251945618587714	22.53849375199352	-0.3689912758304589
301507.5376884423	1.220189022142645	19.893455654305757	-0.6604402394399621
351758.7939698492	1.1921350161505142	17.585887624184483	-1.082739172627385
402010.05025125627	1.1674467769443342	15.71901789946098	-1.6621463823456444
452261.30653266335	1.1457976128984808	14.359501011675949	-2.423383828533121
502512.56281407026	1.1268771018434227	13.547387286502714	-3.388155278066459
552763.8190954773	1.110375306827262	13.290912885448797	-4.5738085380203355
603015.0753768844	1.0960153208386412	13.510784951206267	-5.992319299804858
653266.3316582914	1.0835300434262896	14.08844027553606	-7.649523976216565
703517.5879396984	1.0726774554140286	14.905945098754074	-9.544953519522632
753768.8442211054	1.0632460025175134	15.844082925842779	-11.671950520482573
804020.1005025125	1.0550356294731766	16.8205115762611	-14.018292124171367
854271.3567839196	1.0478834423592078	17.790186178159715	-16.567103061075922
904522.6130653265	1.0416390789170529	18.707105680294166	-19.297895899906223
954773.8693467338	1.0361750841195536	19.538632832891544	-22.187871475363224
1005025.1256281408	1.0313886171705335	20.28499882443088	-25.21301406849125
1055276.3819095476	1.0271812260691469	20.940614147585077	-28.34922639066872
1105527.638190955	1.0234822866509228	21.48570665536361	-31.573264122256543
1155778.8944723618	1.020223870452286	21.92968673094328	-34.86335605762883
1206030.150753769	1.0173501834902239	22.289858150379022	-38.1997959989147
1256281.407035176	1.01482039330776	22.55190314505791	-41.565124414192844
1306532.6633165828	1.0125883892712768	22.717756349049395	-44.94423488407127
1356783.91959799	1.0106272098513298	22.815815176169927	-48.32436837463882
1407035.1758793967	1.0089046805584483	22.840440483106022	-51.69484325309435
1457286.432160804	1.007394404150885	22.78334975040594	-55.046925101334125
1507537.688442211	1.0060795262583175	22.674456508833867	-58.37351002871413
1557788.9447236182	1.0049324274590372	22.518175684802326	-61.66882326792618
1608040.201005025	1.0039419440029913	22.299606179150018	-64.92823950625626
1658291.4572864324	1.0030886144517508	22.04475385453341	-68.14793236935184
1708542.7135678392	1.0023557246945984	21.76682937773241	-71.32472056959728
1758793.969849246	1.0017353401440772	21.4485622059467	-74.45587497384129
1809045.2261306534	1.0012074343944066	21.10849053407917	-77.53888249694477
1859296.4824120603	1.0007666713607215	20.76523140458583	-80.57139794164631
1909547.7386934676	1.0003997595094578	20.403288435865534	-83.55103973792615
1959798.9949748742	1.0000951986399444	20.033224765445603	-86.47529287789258
2010050.2512562815	0.9998499674752334	19.67377136225069	-89.3414526897238
2060301.5075376884	0.9996487319540044	19.312723471001444	-92.14643127108033
2110552.763819095	0.999490584989987	18.956026538488643	-94.88673081091589
2160804.0201005023	0.999366827201622	18.61946327554996	-97.55829503789396
2211055.27638191	0.9992697486224488	18.292672761269806	-100.15633607634112
2261306.5326633165	0.9992001978472083	17.97984055509335	-102.6752548111185
2311557.7889447236	0.999146892747402	17.693503679556656	-105.1083554246743
2361809.045226131	0.9991119439550115	17.42427806733509	-107.44763436049207
2412060.301507538	0.9990896341708282	17.17580763051975	-109.68348878785247
2462311.557788945	0.9990756300185839	16.956486207033176	-111.80422526735197
2512562.814070352	0.9990728589604158	16.757263392269618	-113.79562049883265
2562814.0703517585	0.9990724175617324	16.582913823614675	-115.64017843027422
2613065.3266331656	0.9990787202944736	16.437487724716043	-117.31620089435849
2663316.582914573	0.9990877518645773	16.309941738390595	-118.79667601869726
2713567.83919598	0.9990967936371747	16.20705002720203	-120.04759458955094
2763819.095477387	0.9991102984439231	16.130791927133238	-121.02594001458392
2814070.3517587944	0.9991205613288942	16.066822164927274	-121.67700005849642
2864321.6080402015	0.9991331862811298	16.023106519921896	-121.93084533299572
2914572.864321608	0.9991447698262835	16.00165203410321	-121.69835076972373
2964824.120603015	0.9991535029589776	15.98572401993472	-120.8667617110486
3015075.376884422	0.9991647296287232	15.98433491806209	-119.29663622715842
3065326.633165829	0.9991706406296397	16.000475823287168	-116.82392335200893
3115577.8894472364	0.9991777818140428	16.015730743024204	-113.27470043910526
3165829.1457286435	0.9991832746055559	16.03989783807837	-108.50633300904757
3216080.40201005	0.9991851145986465	16.078356247899272	-102.48696924389614
3266331.658291457	0.9991893184676955	16.111971522914683	-95.4019385644444
3316582.914572865	0.999188503220225	16.149094674008783	-87.71755175656963
3366834.1708542714	0.9991888338027318	16.197595362313287	-80.09951299129465
3417085.4271356785	0.9991880370893597	16.239868274469675	-73.18822699284199
3467336.683417085	0.9991839544664911	16.281751561674866	-67.393522002396
3517587.939698492	0.9991827848230856	16.331266510559463	-62.84834532631018
3567839.1959798997	0.99917707694192	16.373249445958702	-59.489836574550466
3618090.452261307	0.9991729158760049	16.41286843821955	-57.1635276749208
3668341.7085427134	0.9991685189887772	16.45699870038126	-55.69491722797483
3718592.9648241205	0.9991612233570379	16.49189937246647	-54.923818943613554
3768844.221105528	0.9991573675481978	16.523539198179662	-54.71572021429013
3819095.477386935	0.9991499377604065	16.558078988373456	-54.962372937219385
3869346.7336683418	0.9991444442206799	16.582857067320933	-55.57810438953124
3919597.9899497484	0.9991391796096462	16.60497418927795	-56.49555699878937
3969849.2462311555	0.9991317846264935	16.629534667549727	-57.66167200354224
4020100.502512563	0.9991280631359752	16.644441415746662	-59.034336499108505
4070351.75879397	0.9991211028984741	16.658542361640528	-60.579924393708396
4120603.0150753767	0.999116419859991	16.676105860407105	-62.27122479127273
4170854.271356783	0.9991122605717745	16.68365013842702	-64.08597436491046
4221105.52763819	0.9991060910907111	16.690865221869846	-66.00575963572719
4271356.783919598	0.9991038020578811	16.70346777654	-68.0150585116462
4321608.040201005	0.9990986671443953	16.70646417990721	-70.10066728034008
4371859.296482412	0.9990955877987805	16.70712883051728	-72.25114276411526
4422110.55276382	0.9990935437689564	16.71385647261962	-74.45638914576672
4472361.809045227	0.9990891589292528	16.71254138556617	-76.70741793455217
4522613.065326633	0.9990888782885559	16.7079096486822	-78.99601810575497
4572864.32160804	0.9990857422997145	16.708805133789298	-81.31462194039833
4623115.577889447	0.9990841072656855	16.70350911946778	-83.65614145913428
4673366.834170855	0.9990841399942154	16.695951187092675	-86.013789993933
4723618.090452262	0.9990811178089236	16.693773429980855	-88.38105167249721
4773869.346733669	0.9990821158686591	16.687045425230842	-90.75151538517396
4824120.603015076	0.9990807614332825	16.679944808547916	-93.11881331472529
4874371.859296482	0.9990799883197694	16.677852273379518	-95.47656462170505
4924623.11557789	0.9990814597648706	16.671313984151936	-97.81821703378571
4974874.371859296	0.9990794960314171	16.666529398373132	-100.1370291402236
5025125.628140704	0.9990813791298175	16.66644513883848	-102.42591607101076
5075376.884422111	0.999081192323396	16.659080803844123	-104.67731313015187
5125628.140703517	0.9990807131650727	16.654524715988153	-106.88308165342632
5175879.396984925	0.9990831446322366	16.6567012265183	-109.03423390428792
5226130.653266331	0.9990815290078062	16.648177817714448	-111.12075863143708
5276381.909547739	0.9990833650841999	16.640975731596004	-113.1313023733726
5326633.165829146	0.9990839471484878	16.644699966877027	-115.05273137196394
5376884.422110554	0.9990831969868698	16.63725378150229	-116.86971571013682
5427135.67839196	0.9990857702644876	16.62790464566282	-118.56398562095664
5477386.934673368	0.99908453151161	16.633247964976505	-120.11351353721068
5527638.190954774	0.9990860343828558	16.629829492349906	-121.49141111819257
5577889.447236181	0.999087023301293	16.62041203701793	-122.66434253103502
5628140.703517589	0.9990859925366413	16.62724832053276	-123.59066186652181
5678391.959798995	0.99908860539861	16.62926594196365	-124.2177415722809
5728643.216080403	0.9990873835331452	16.620481028040313	-124.47863534887178
5778894.472361809	0.9990882432100444	16.625880658118845	-124.2880380133907
5829145.728643216	0.9990894943103585	16.63174591980919	-123.53749270794023
5879396.984924623	0.999087933213987	16.62406086915631	-122.09144726948212
5929648.24120603	0.9990901307611018	16.62474454875361	-119.78666540069658
5979899.497487438	0.9990890937322875	16.630699193516833	-116.44198655714402
6030150.753768844	0.9990893892537523	16.625629626525953	-111.89113564453491
6080402.010050251	0.9990906804993346	16.622620878765005	-106.05347692074974
6130653.266331658	0.9990890259783545	16.626348238203892	-99.0432958794157
6180904.522613065	0.9990909842080018	16.625400691280014	-91.2623844210955
6231155.778894473	0.9990900588714223	16.622734664749718	-83.36477893606813
6281407.03517588	0.9990898759545829	16.62424956699176	-76.04741203843037
6331658.291457287	0.9990912884963692	16.627494157532848	-69.80625488677454
6381909.547738695	0.9990893427138436	16.628058403760665	-64.84192532398475
6432160.8040201	0.9990909297715199	16.626641010143086	-61.12370800478281
6482412.060301508	0.9990901820993862	16.63124939911269	-58.502967877191196
6532663.316582914	0.9990896330337399	16.63584565362007	-56.79828015621222
6582914.572864322	0.9990910809578161	16.630478370090714	-55.838713906316485
6633165.82914573	0.9990891616861463	16.63142733497118	-55.47954515302238
6683417.085427135	0.9990906770832179	16.63953176774058	-55.60394869352276
6733668.341708543	0.9990900974951151	16.632480617016707	-56.11962080647953
6783919.597989949	0.9990893286800162	16.627075207120733	-56.95421119916236
6834170.854271357	0.9990909752965929	16.637398285850118	-58.05084092842408
6884422.1105527645	0.9990889398385728	16.633430298123088	-59.3646250936674
6934673.36683417	0.999090164226257	16.623512530957257	-60.859797841731435
6984924.623115577	0.9990898923472963	16.634597934469987	-62.50752465449435
7035175.879396984	0.999088765927444	16.6368218992476	-64.28435596056818
7085427.135678392	0.9990905233088921	16.625092701181746	-66.17088534867639
7135678.391959799	0.9990885834727096	16.634387074138754	-68.15087717503292
7185929.648241206	0.9990897593925605	16.642451344642513	-70.21055001843195
7236180.904522614	0.9990897911342087	16.63030012407127	-72.3379669803318
7286432.160804021	0.9990884764719794	16.633868083954106	-74.52270052939858
7336683.417085427	0.9990905500801156	16.64465128918077	-76.75543062167783
7386934.673366834	0.9990885751648445	16.634244347913846	-79.02770533142301
7437185.929648241	0.9990894289879985	16.630595360460283	-81.33177402982615
7487437.185929649	0.9990898491924098	16.640233258484024	-83.66034446656182
7537688.442211056	0.9990881813111674	16.63455974141533	-86.00652173742213
7587939.698492462	0.9990901912727731	16.627397629213434	-88.36365790495964
7638190.954773868	0.9990885295493759	16.63393666761532	-90.72523169056126
7688442.211055276	0.9990891077608445	16.634227810670044	-93.08482327127068
7738693.4673366835	0.9990898889954127	16.628570720024975	-95.43594921387397
7788944.723618091	0.9990881321562114	16.63162421601033	-97.77202396017374
7839195.979899497	0.9990902777686622	16.636071993635454	-100.08626645897984
7889447.236180903	0.999088793307619	16.634244525477012	-102.37153728881991
7939698.492462311	0.9990889973334337	16.632735169079385	-104.62029160648756
7989949.7487437185	0.9990901433310034	16.63692529643616	-106.82436082574725
8040201.005025126	0.9990881302022455	16.63932652089129	-108.97477914837363
8090452.261306533	0.999090025478558	16.633441433886446	-111.06158939707323
8140703.51758794	0.9990888942669062	16.6327302214234	-113.07345977397357
8190954.773869348	0.9990887824013901	16.63902130180255	-114.9973797513125
8241206.030150753	0.9990900718619712	16.632906762387407	-116.81812567883588
8291457.28643216	0.9990882172552152	16.62629005961132	-118.51758606908865
8341708.542713568	0.9990900813801574	16.63534291655144	-120.0739993977164
8391959.798994975	0.9990890239723527	16.633859954637987	-121.46074147252733
8442211.05527638	0.9990890016167069	16.623615747944687	-122.64491325624276
8492462.311557788	0.9990901072584579	16.63337930331821	-123.58541432499206
8542713.567839196	0.9990882688037753	16.637831812514165	-124.23029904279052
8592964.824120604	0.9990901071248948	16.626076096067088	-124.51359904018933
8643216.08040201	0.9990887210747091	16.63337048373625	-124.3511637220843
8693467.336683417	0.9990891843942636	16.642457444384647	-123.63599797835025
8743718.592964824	0.9990898852167546	16.63070793454577	-122.23419871264657
8793969.849246232	0.9990883074303557	16.63219664523287	-119.98390928402516
8844221.10552764	0.9990904240476557	16.642747101210762	-116.70433835726331
8894472.361809047	0.9990886262958957	16.6336364540716	-112.22660793356904
8944723.618090454	0.999089415558081	16.629119003415113	-106.46205478586425
8994974.874371858	0.9990898307106877	16.637506359527933	-99.51018469356187
9045226.130653266	0.9990882681589717	16.633625902290916	-91.75508596839522
9095477.386934672	0.9990902838721216	16.627203682975587	-83.84076004498154
9145728.64321608	0.9990884275410118	16.631627295698554	-76.46958147883785
9195979.899497487	0.9990895105576508	16.6332054984489	-70.15421563800348
9246231.155778894	0.9990896995923141	16.629437759153625	-65.11205871521177
9296482.412060302	0.9990884183585432	16.62972784661677	-61.3227013745863
9346733.66834171	0.9990904802255328	16.634532602269243	-58.64151276704729
9396984.924623117	0.9990884839829671	16.635467818581095	-56.887294329456914
9447236.180904524	0.999089628604881	16.631203656157993	-55.88776771068807
9497487.437185932	0.9990895548703626	16.63503383120305	-55.49647344074258
9547738.693467338	0.9990884687692309	16.64093245671123	-55.59497095020522
9597989.949748745	0.9990902130324041	16.632919352023382	-56.089611750423025
9648241.206030153	0.9990883522209235	16.631385617876973	-56.906986434906926
9698492.462311557	0.9990898195030672	16.641224107885346	-57.989404737229016
9748743.718592964	0.999089356808132	16.63340034240444	-59.29134870173938
9798994.974874372	0.9990887366410038	16.62556394062558	-60.77658723945923
9849246.23115578	0.9990903336007309	16.63725241220959	-62.41591974038673
9899497.487437187	0.9990883269797975	16.633982684326174	-64.18561324363826
9949748.743718592	0.9990899297092397	16.622677485292364	-66.06606193841098
10000000.0	0.9990891249554262	16.634089060591663	-68.0408505732026
