0.0	0.35673283669283773	49.470548236381994	0.0
50251.25628140703	0.41963365191917507	35.22092860630391	-0.017210094335200193
100502.51256281407	0.4862733790807579	25.777209528269218	-0.1346369774967756
150753.7688442211	0.5495512523291695	19.149285185176087	-0.43908013120348205
201005.02512562813	0.6070163778203804	14.259305809469717	-0.9937537133434371
251256.28140703513	0.6581059872990561	10.58898802059774	-1.8342654861952266
301507.5376884422	0.7030107762265626	7.893529705128626	-2.9704541838730965
351758.79396984924	0.7422271476919918	6.179678872701165	-4.392031801499641
402010.05025125627	0.776339886300008	5.584658170630659	-6.075259451482402
452261.30653266335	0.8059414741878387	5.980182705521129	-7.989210318266585
502512.56281407026	0.8315946795750851	6.961096536114919	-10.100503214992129
552763.8190954775	0.8538021430300164	8.172409719163083	-12.376560387807025
603015.0753768843	0.8730228053166879	9.426592087433061	-14.78750681282974
653266.3316582914	0.8896531963633759	10.654447574485413	-17.307053421443577
703517.5879396984	0.9040413451040095	11.817174111072362	-19.91282456074928
753768.8442211054	0.9164950599527141	12.890464461372765	-22.586136731696556
804020.1005025125	0.9272710539735203	13.874247323307834	-25.311718254881406
854271.3567839196	0.9366024074381608	14.771600490756809	-28.07724632711191
904522.6130653265	0.9446823962525455	15.577213881002374	-30.872842813611953
954773.8693467338	0.9516799299923259	16.289439470351528	-33.6907273822456
1005025.1256281408	0.9577459152732498	16.919754090065535	-36.5247213927104
1055276.3819095476	0.9630003036951191	17.474481780907016	-39.36996330293653
1105527.638190955	0.9675586286280368	17.945223037764418	-42.22262424908375
1155778.8944723618	0.9715122284855067	18.340537196238685	-45.07958718925403
1206030.150753769	0.9749419908239392	18.678528825224674	-47.93834842634122
1256281.407035176	0.9779234847294637	18.949266151099337	-50.79677070587551
1306532.6633165828	0.980511151000661	19.15146080360629	-53.65296763658365
1356783.91959799	0.982764388670925	19.31031023322674	-56.50524839421645
1407035.1758793967	0.9847255347404011	19.420985812878158	-59.3519364088555
1457286.432160804	0.9864333165309629	19.47231362505355	-62.19139036158852
1507537.688442211	0.9879271346620077	19.490572554740492	-65.02191139739843
1557788.9447236182	0.9892289669327873	19.478816117652446	-67.84167025673715
1608040.201005025	0.9903711492278314	19.419456598718682	-70.64875449330721
1658291.4572864324	0.9913723336401793	19.335783149141623	-73.44105049753455
1708542.7135678392	0.9922498873834903	19.238817531976498	-76.2162724659583
1758793.969849246	0.9930256390578042	19.108403696902563	-78.97195196710007
1809045.2261306534	0.993706169780155	18.96123729788318	-81.70535006483077
1859296.4824120603	0.9943097517015328	18.814004132203355	-84.41352232478553
1909547.7386934676	0.9948437637018842	18.648296326812	-87.0932310517806
1959798.9949748742	0.9953153612103243	18.473050847388123	-89.74091830080775
2010050.2512562815	0.9957376923282292	18.305737570386356	-92.35272012164802
2060301.5075376884	0.9961098431756265	18.131853777512553	-94.92433151032161
2110552.763819095	0.9964436507789828	17.95550293686714	-97.45100920302946
2160804.0201005023	0.9967413725410874	17.791509035773124	-99.92746912664391
2211055.27638191	0.9970051916580815	17.62844067860873	-102.34773241671449
2261306.5326633165	0.997244336356245	17.468711377004738	-104.70506555887769
2311557.7889447236	0.9974549264732291	17.323740298066184	-106.99172152301773
2361809.045226131	0.9976455662241251	17.18440101308051	-109.19873257474876
2412060.301507538	0.9978159550028377	17.05331623411448	-111.31564197712845
2462311.557788945	0.9979666822660779	16.93758251222141	-113.33002606585262
2512562.814070352	0.9981047270030824	16.829365496238648	-115.22706679113907
2562814.0703517585	0.998224734726672	16.73360907929351	-116.98883925183442
2613065.3266331656	0.9983342237935869	16.653230180640218	-118.59340058987675
2663316.582914573	0.9984316940319807	16.578708054480572	-120.01371740537813
2713567.83919598	0.9985167378147944	16.51807465909404	-121.21603060337561
2763819.095477387	0.9985956615145986	16.472719421059857	-122.15789737653377
2814070.3517587944	0.9986623693009554	16.429621172293515	-122.78558181479282
2864321.6080402015	0.9987239027060043	16.398511476025806	-123.03060328024684
2914572.864321608	0.9987779370521276	16.381481807572428	-122.80580631410761
2964824.120603015	0.9988237383739399	16.36282906456271	-122.00087848044045
3015075.376884422	0.9988674453158863	16.3531698876546	-120.47895312325703
3065326.633165829	0.9989019491065488	16.356084390373777	-118.07772468061432
3115577.8894472364	0.9989344498770759	16.353961435543408	-114.62200600707723
3165829.1457286435	0.9989624796477328	16.35777209335574	-109.96101934059718
3216080.40201005	0.9989845485826131	16.373628054948387	-104.04335581141069
3266331.658291457	0.9990069687360584	16.38296374485609	-97.0230438876049
3316582.914572865	0.9990226168862194	16.394900890524866	-89.3346735443553
3366834.1708542714	0.9990380387703327	16.417955179801627	-81.63229993722291
3417085.4271356785	0.9990509155160529	16.43483913845581	-74.57431741019406
3467336.683417085	0.9990595230787982	16.451809081705132	-68.60462448158717
3517587.939698492	0.9990699981892096	16.477398365631913	-63.88590239943982
3567839.1959798997	0.9990749881640505	16.496662545780683	-60.371805272822535
3618090.452261307	0.9990809281622005	16.514804538398398	-57.913219415982866
3668341.7085427134	0.9990856306266581	16.538962007101023	-56.33487483153125
3718592.9648241205	0.9990870252059377	16.55579811186511	-55.473457543107344
3768844.221105528	0.9990911249900195	16.571008064950654	-55.19089936482091
3819095.477386935	0.9990909547663736	16.590468215120598	-55.375758224861265
3869346.7336683418	0.9990924945735071	16.602329073351136	-55.9397418898941
3919597.9899497484	0.9990932865307132	16.613463890003768	-56.813421343861464
3969849.2462311555	0.999091823425464	16.627787167693768	-57.94213775763279
4020100.502512563	0.9990933939704305	16.634383089539067	-59.28254113856748
4070351.75879397	0.9990910857760356	16.64246360714846	-60.80004743975276
4120603.0150753767	0.9990910617365256	16.654144715938934	-62.4667070410102
4170854.271356784	0.9990905387668668	16.65696804821219	-64.25967170768926
4221105.52763819	0.9990881343980781	16.662333716001243	-66.1600693788331
4271356.783919598	0.9990890541717338	16.67274270167043	-68.15201412069456
4321608.040201005	0.9990863564089912	16.673140921619456	-70.2220013026927
4371859.296482412	0.9990863999889992	16.67533797855339	-72.35835384113633
4422110.55276382	0.9990858449357153	16.683352761405736	-74.55077565825115
4472361.809045227	0.9990836688917099	16.680808892533282	-76.79011203925982
4522613.065326633	0.9990851051381747	16.679441189409484	-79.06802327751282
4572864.32160804	0.9990825569415295	16.684535625528007	-81.37681602996882
4623115.577889447	0.9990829741245013	16.679013634138734	-83.70931023841167
4673366.834170855	0.9990828941719517	16.674396725877045	-86.05863588111438
4723618.090452262	0.9990810248029673	16.6776981759451	-88.418194049651
4773869.346733669	0.9990828203711662	16.67168739976978	-90.78152310554012
4824120.603015076	0.9990808662758435	16.665958234001565	-93.14218809895497
4874371.859296482	0.9990817452311974	16.668777700829825	-95.49375953658388
4924623.11557789	0.9990821329014954	16.664388732818146	-97.82965056277033
4974874.371859296	0.999080756758836	16.660041941411624	-100.14306275215517
5025125.628140704	0.9990830113110614	16.663163073963347	-102.42689139343398
5075376.884422111	0.9990813357653938	16.659747850680738	-104.67353453175011
5125628.140703517	0.9990823859814119	16.65657511445018	-106.8748160125128
5175879.396984925	0.9990830252176319	16.659639289518555	-109.02174423713215
5226130.653266331	0.9990817925151617	16.655751859383326	-111.10426495799798
5276381.909547739	0.999083998131661	16.652158521636736	-113.11101984277974
5326633.165829146	0.9990826037973639	16.654040904359338	-115.02887086544791
5376884.422110554	0.9990838359030402	16.64923554489323	-116.8424592044937
5427135.67839196	0.9990844202142114	16.64560956946975	-118.53354993541004
5477386.934673368	0.9990834766450775	16.646937217866387	-120.08011124579745
5527638.190954774	0.9990857033631186	16.64185927705422	-121.45528673942829
5577889.447236181	0.9990842162554057	16.63961411023746	-122.62582719758589
5628140.703517589	0.999085409787642	16.64271469797593	-123.55014143427326
5678391.959798995	0.9990858644641364	16.63876519762323	-124.17578955759554
5728643.216080403	0.9990847851115936	16.637934647454852	-124.43605083623484
5778894.472361809	0.9990868755096554	16.64308283518651	-124.24594956032557
5829145.728643216	0.9990852805369288	16.640593122225084	-123.49762060535971
5879396.984924623	0.9990865706986964	16.640196151449477	-122.05622936466155
5929648.24120603	0.9990868915431301	16.645250559997514	-119.75965227237242
5979899.497487438	0.9990857523515538	16.642403182287595	-116.42807440315978
6030150.753768844	0.9990879750348908	16.641407422269236	-111.89642238122445
6080402.010050251	0.9990860997353603	16.64531342396795	-106.08451155000563
6130653.266331658	0.9990872075871885	16.641093422456432	-99.10460259103942
6180904.522613065	0.9990875160086231	16.639233931984187	-91.35356458179203
6231155.778894473	0.9990860969497084	16.64280521066101	-83.47905927216237
6281407.03517588	0.9990881470629881	16.638797887960028	-76.17385276489091
6331658.291457287	0.9990863349192465	16.63749777415858	-69.93424716949404
6381909.547738695	0.9990873734587028	16.64180062518551	-64.96383645028715
6432160.8040201	0.9990876978268644	16.639069218327254	-61.235483783449276
6482412.060301508	0.9990862854523658	16.639575306455605	-58.603100991807445
6532663.316582914	0.9990884143899749	16.64503118227063	-56.88670811161207
6582914.572864322	0.9990865078548865	16.642391346817337	-55.91617652563322
6633165.82914573	0.9990873732591319	16.643243473425226	-55.54697128386087
6683417.085427135	0.9990876954906226	16.649030810206256	-55.662353663284115
6733668.341708543	0.9990861821478951	16.645252849664043	-56.16996445191938
6783919.597989949	0.9990880736887137	16.644422251619172	-56.99730029001873
6834170.854271357	0.9990863167193128	16.64909982101611	-58.08743778028205
6884422.1105527645	0.9990872649770336	16.644290632925426	-59.39534077745751
6934673.36683417	0.9990874543241256	16.642335767834677	-60.88515914188607
6984924.623115577	0.9990862119910557	16.646407228696084	-62.528011025745116
7035175.879396984	0.9990880967825587	16.64162557900272	-64.30032608464795
7085427.135678392	0.9990862731690555	16.640066378458943	-66.18268740647622
7135678.391959799	0.9990872015663553	16.645429118938196	-68.158795039222
7185929.648241206	0.9990873162298802	16.64216799779562	-70.21480797588725
7236180.904522614	0.9990860188421877	16.641233438688946	-72.3387998782094
7286432.160804021	0.9990878469378077	16.647488724701596	-74.5202702732318
7336683.417085427	0.9990860200016285	16.64569430657019	-76.7498979904926
7386934.673366834	0.999087147621184	16.64480695508299	-79.01922135435979
7437185.929648241	0.9990872308780974	16.649735489072988	-81.32043554637302
7487437.185929649	0.9990859835307018	16.647263704220602	-83.64627764957335
7537688.442211056	0.9990880332482954	16.645845585049983	-85.98981205548218
7587939.698492462	0.9990860366427801	16.64896605028526	-88.34437754914921
7638190.954773868	0.9990870830396237	16.644870347885377	-90.7034741427059
7688442.211055276	0.9990872556923491	16.643078962344276	-93.06062953952365
7738693.4673366835	0.9990858214927887	16.645816232722343	-95.40938591526229
7788944.723618091	0.9990878110640263	16.6416952949288	-97.74314479476459
7839195.979899497	0.9990859468859753	16.64101777227064	-100.0550928684064
7889447.236180903	0.9990869844445944	16.644801757960778	-102.33812861612972
7939698.492462311	0.9990872858077989	16.641444497823862	-104.58466184519273
7989949.7487437185	0.999085852963632	16.642558192958212	-106.78653318729509
8040201.005025126	0.9990880057511727	16.64793684174565	-108.93479273711623
8090452.261306533	0.9990861001665268	16.644144647146852	-111.01943539523278
8140703.51758794	0.9990869488007771	16.64487097692109	-113.02917557764246
8190954.773869348	0.9990873519897581	16.65088544324408	-114.95098008343642
8241206.030150753	0.9990857906359334	16.646001000140465	-116.76961778571214
8291457.28643216	0.9990877359697954	16.64431769745582	-118.46703544661689
8341708.542713568	0.9990860247509291	16.64945980477753	-120.02143582851612
8391959.798994975	0.9990869116918426	16.644285527123905	-121.40626617772425
8442211.05527638	0.9990872328531264	16.641234425280935	-122.58869121291747
8492462.311557788	0.9990859289080122	16.645885616422692	-123.52764866658491
8542713.567839196	0.9990878678711298	16.64181546006539	-124.17140052521128
8592964.824120604	0.9990861056106997	16.639293300456835	-124.45414309976732
8643216.08040201	0.9990869832497685	16.64471975288973	-124.29205205308577
8693467.336683417	0.9990871964039361	16.64288314940913	-123.57869060042921
8743718.592964824	0.9990858700180255	16.641363163400566	-122.18080310491803
8793969.849246232	0.9990877143758524	16.6465835160368	-119.93765906676664
8844221.10552764	0.9990859266841277	16.646083336430806	-116.66979740212565
8894472.361809047	0.9990870457726966	16.645306462791645	-112.20968272369635
8944723.618090454	0.9990871476970096	16.648355296206653	-106.46946184087498
8994974.874371858	0.9990859234806833	16.646525282519615	-99.54714463755076
9045226.130653266	0.999087958003281	16.64609002219568	-91.82250343883105
9095477.386934672	0.9990859837205044	16.647294110761393	-83.93327969086081
9145728.64321608	0.9990870456259244	16.643222822425255	-76.57719934189377
9195979.899497487	0.9990871982754467	16.643299265191835	-70.26654297459399
9246231.155778894	0.9990857962084069	16.644717216833453	-65.22114164188717
9296482.412060302	0.9990877759686726	16.639982785435553	-61.423982026395834
9346733.66834171	0.9990859075761256	16.64169285955702	-58.732989531281376
9396984.924623117	0.999086969414059	16.645056272152598	-56.968489462391545
9447236.180904524	0.9990872584090138	16.640246536092263	-55.95910997607103
9497487.437185932	0.9990858337540115	16.643367626617543	-55.55865779016756
9547738.693467338	0.9990880020904751	16.649194225282656	-55.648832691813645
9597989.949748745	0.9990860977043876	16.64332640510547	-56.13598543093218
9648241.206030153	0.9990869234577567	16.644921735796583	-56.94657807407948
9698492.462311557	0.999087391748698	16.652013078241033	-58.02289664590535
9748743.718592964	0.9990857664120117	16.64514401982648	-59.319299905714004
9798994.974874372	0.9990877460676097	16.643197851741846	-60.799470760696316
9849246.23115578	0.9990860860471471	16.649927864066477	-62.434178400470884
9899497.487437187	0.9990868325681663	16.64365668972311	-64.19957964314652
9949748.743718592	0.9990873511243952	16.639587915128953	-66.0760491066527
10000000.0	0.9990858936231424	16.64614130553625	-68.04712873466057
