0.0	0.09969608145494568	58.62274005604718	-156.12546734922682
75376.88442211057	0.11158766769172089	50.28208767869725	139.62577737406997
150753.7688442211	0.12293577878568059	41.987061943226394	71.59214853155356
226130.65326633165	0.13945206753578257	36.82255159451514	96.39981949979196
301507.5376884422	0.1549825878618679	32.75181082651632	5.55019375086541
376884.4221105528	0.16939391033323137	28.987915152676514	124.81080529852731
452261.3065326633	0.18643837456197498	26.226094680552617	-162.2779240766776
527638.1909547739	0.20067156465613614	23.957787020982853	-90.73970522004271
603015.0753768844	0.2175451024679988	21.780741993488657	-140.36941411387727
678391.9597989949	0.2326923999103437	20.02643364027863	-110.63383167175986
753768.8442211056	0.24701481397465858	18.558138050282743	-143.39413523367938
829145.7286432161	0.2619135679033604	17.176255829530717	16.157734133039867
904522.6130653266	0.27775259375854067	16.10836902777376	-48.31007399054256
979899.4974874372	0.29187873001114567	15.087936316741361	14.975970005814919
1055276.381909548	0.3081966375278705	14.141265854318158	-121.64564467927744
1130653.2663316582	0.3213782194752826	13.383189341562096	-23.751215507349453
1206030.150753769	0.3345550001105001	12.783101633801957	55.47192775687772
1281407.0351758793	0.35021190508924993	12.096366073294732	-105.31811525844721
1356783.91959799	0.3640417644786955	11.474971404668537	16.427412311963046
1432160.8040201003	0.3768823702779913	10.95424249849885	-112.56575230832648
1507537.6884422114	0.38861033912044335	10.48900206219757	72.81136892470604
1582914.5728643213	0.4026818717743526	10.053136423691983	75.48560643519292
1658291.4572864324	0.4133571583854697	9.672445854812096	132.48651821619774
1733668.3417085425	0.4268798335322458	9.270189249740362	132.8728530249915
1809045.2261306534	0.4400777581043813	8.91081836385569	-21.222542943974176
1884422.1105527636	0.45175391922164054	8.574561918148685	-60.18863633147193
1959798.9949748747	0.4611734333976251	8.32021718913253	-64.39953237081055
2035175.879396985	0.4734769261191624	8.01269446499552	-107.01654173115593
2110552.763819096	0.4836319856821141	7.7545135408558865	105.21082857523758
2185929.648241206	0.496773099821566	7.474620638731268	151.28146110002572
2261306.5326633165	0.5055170305792666	7.3226920925934085	-12.197295985866523
2336683.4170854273	0.516788502889913	7.110596876574104	-81.03057861753233
2412060.301507538	0.5251751904896816	6.903014580826182	-110.27449549584149
2487437.1859296476	0.5359799204706239	6.697428769508135	-142.3751797620254
2562814.0703517585	0.5475296799226343	6.484535176161812	142.52267206378733
2638190.9547738694	0.5573629182376276	6.323020812177332	-11.405339900289572
2713567.83919598	0.5665536444489526	6.1426478778632925	81.75522442428813
2788944.7236180906	0.5747732642670053	5.994539914603939	30.75812143138121
2864321.6080402015	0.5833473625328719	5.833568626921701	166.72370686267436
2939698.4924623114	0.5916696342962574	5.674764635402304	102.46359919310746
3015075.3768844227	0.5991651278317788	5.5549869146185715	172.72523142181592
3090452.2613065327	0.6102108169892201	5.416420828511397	-6.007398684636999
3165829.1457286435	0.6193651659981033	5.2716777413073395	-95.241928720049
3241206.030150754	0.6251761785003016	5.157632749670347	-116.1604163523822
3316582.914572865	0.6316516201924605	5.055267958421647	-87.60124787931252
3391959.7989949747	0.6419822333007082	4.922119207794476	-28.039946522786146
3467336.683417086	0.6474494780846282	4.816812955683122	46.164890771911374
3542713.567839196	0.6544015877359062	4.722862189494913	118.61700320204191
3618090.452261307	0.6656189425731119	4.597764493792481	174.906973427854
3693467.336683417	0.6704529459770115	4.501826288431888	-159.60219177062947
3768844.221105528	0.6787901658449966	4.404689799392768	-178.3073306769754
3844221.105527639	0.6847326484777551	4.329020186163146	106.37432303881829
3919597.9899497484	0.6895971056272604	4.247177953632662	-37.14691942606226
3994974.8743718592	0.7002295898483574	4.149449224948594	99.0544719641041
4070351.75879397	0.7040396489333547	4.062911354318268	145.16452142875195
4145728.643216081	0.7089646218218362	3.9973694501237964	90.68570378320523
4221105.527638192	0.7146514861350495	3.9238970857714732	-73.1555731283708
4296482.412060302	0.7230764479467058	3.8617189411050163	3.416086897399256
4371859.296482412	0.7257560690013788	3.7891918959787168	-47.533234438789904
4447236.1809045235	0.7340509326961703	3.6920215209650666	125.56980755307924
4522613.065326633	0.7426938525859108	3.6249882764918957	155.29634839214685
4597989.949748743	0.7475942052784648	3.5756681016088807	33.94667824240507
4673366.834170855	0.7513425704467926	3.506024381019879	114.88753385845682
4748743.718592966	0.7584437250856355	3.449435674112678	31.42987755047598
4824120.603015076	0.7641241685161074	3.371118579569066	136.81406735844158
4899497.487437186	0.7693685637911305	3.3286306871915037	65.30286089546486
4974874.371859296	0.7704467943759894	3.264449700151624	171.02176094026632
5050251.256281408	0.7791347530208554	3.2175491779349943	88.47889542574032
5125628.140703519	0.7808056871134657	3.1573158729136916	172.47001875706897
5201005.025125629	0.7867060522798729	3.1174108557249864	58.159744250729766
5276381.909547739	0.7867553580055989	3.072110178922352	100.27308457998856
5351758.79396985	0.795405558070069	3.0153032321131343	-64.74541174752368
5427135.67839196	0.8023407669983643	2.9541373617682734	-82.14724497718143
5502512.562814072	0.8055887628680383	2.917364656202955	43.66303125872681
5577889.447236181	0.8070741726573075	2.879388108783469	-49.744757250958315
5653266.331658292	0.813353247985607	2.833103311954334	-7.47549378375475
5728643.216080403	0.8122411403838022	2.7775070127859927	167.23908778741716
5804020.100502512	0.8155813168495045	2.7377475706722585	110.90074203413717
5879396.984924623	0.827025853103386	2.6837086921889597	-179.11495816252238
5954773.869346734	0.8224379234879401	2.6800844994322244	13.208638709844532
6030150.753768845	0.8285235528187879	2.6280594410955187	-33.82496323388969
6105527.638190956	0.8342841413363056	2.5858253881579296	35.22626687844059
6180904.522613065	0.8419023848121632	2.5282396498951645	-140.66006520864877
6256281.407035177	0.8450216886925385	2.4900051752268104	154.8663831868467
6331658.291457287	0.8411147464623714	2.4624004096281125	-159.96981914270992
6407035.175879398	0.8460544911967175	2.437636856148182	-7.767251202267373
6482412.060301508	0.8555557871715921	2.390904551049792	-110.25669743116293
6557788.944723618	0.8585351413521514	2.3467228888351332	-109.95762212860254
6633165.82914573	0.8597274976914504	2.331790994122918	-8.694959718011344
6708542.713567839	0.8555720025448069	2.2901494665105275	-168.12487331621503
6783919.597989949	0.859235215409791	2.2623513139107705	129.44674162236714
6859296.482412061	0.8602230425696186	2.23001045159267	163.9238222152623
6934673.366834172	0.8632438437700443	2.2061324734837697	-67.05614067259222
7010050.251256282	0.8768129682091319	2.1562998250042744	154.11455192383673
7085427.135678392	0.8755834358699061	2.1358805860644137	107.13336131638088
7160804.020100503	0.8817072568710265	2.095140392594439	151.59152836465717
7236180.904522614	0.8852003098917274	2.079119346223258	-74.12165649218953
7311557.788944725	0.8755546541285056	2.048176986478731	147.49040748966348
7386934.673366834	0.8881776536685857	2.0212902532434516	97.24386123606287
7462311.557788945	0.8926470688655656	1.977728118886216	134.16464904050045
7537688.442211056	0.8945733740486331	1.9643340603986599	-102.421768956628
7613065.326633166	0.8906447568765021	1.9412204422981463	105.13747145338058
7688442.211055276	0.8878794887063312	1.9324821020889622	38.82086464128337
7763819.095477387	0.9003533741918028	1.8950773405584	57.1716232064501
7839195.979899499	0.8919797765204794	1.8655854158037002	159.37207927175925
7914572.864321609	0.9053246609038781	1.847734316245362	-13.738861774478105
7989949.7487437185	0.8973255982898025	1.8309567537025262	-103.81457901498291
8065326.63316583	0.9115257800136441	1.7831760181360254	-109.67496118161056
8140703.51758794	0.9056351678178353	1.782672298613529	-32.04474635459608
8216080.4020100515	0.9001229772725647	1.7557932137118424	129.63169011209774
8291457.286432162	0.9019860611829383	1.7524218633142041	16.176139603921452
8366834.170854273	0.9188922496011815	1.7110625005113136	-13.500518675037267
8442211.055276385	0.9208863086681013	1.6971599417509322	41.74508035462313
8517587.939698495	0.910102420528327	1.6620287192571686	-176.61496874942242
8592964.824120604	0.9258257852820108	1.6503393815304164	49.78792376071694
8668341.708542714	0.9096523681090739	1.6470482724168467	4.129699745505788
8743718.592964824	0.9211168803815648	1.6129432768950849	45.47628814968013
8819095.477386937	0.9189615268077116	1.5704265218629794	175.22033687508127
8894472.361809047	0.9330729966015774	1.5633079860181642	34.98517735848202
8969849.246231157	0.9217362268571636	1.5662596865042868	-14.314468454860819
9045226.130653266	0.9162856238180567	1.5413149811523172	27.473823997560583
9120603.015075376	0.9186904298802838	1.5031439081114801	163.29557821580298
9195979.899497487	0.9304744398121619	1.495483447149008	33.05345901369921
9271356.783919599	0.9414046996529579	1.47097916436086	0.5778394000892565
9346733.66834171	0.929038506126844	1.4569814261648004	64.72178567259198
9422110.55276382	0.9447700600241659	1.4163007708942374	-129.31247143529575
9497487.437185932	0.9414039261471597	1.404867569660108	137.81266336921274
9572864.321608042	0.9425231470710961	1.3904662780683517	148.9363855861534
9648241.206030153	0.9485148876267225	1.3728347303612485	-92.6626925405664
9723618.090452261	0.9430555528736827	1.358332432225203	133.92578729876877
9798994.974874372	0.9323108267487914	1.3554496712168693	111.68113017202616
9874371.859296482	0.9386935201276877	1.327972072782302	-154.42204631677205
9949748.743718592	0.9458243708225791	1.3312579504187405	55.49975382751305
10025125.628140705	0.955537534469455	1.3042263762177961	27.74643277183377
10100502.512562815	0.9401077769329936	1.2822561209372279	122.1632945888977
10175879.396984925	0.9319996850548797	1.2968309483492073	-13.323907532107546
10251256.281407038	0.9375776233157471	1.27634186875333	-17.925811787624976
10326633.165829148	0.9595271710952747	1.2261105140963575	111.45705131446591
10402010.050251259	0.9342619464469989	1.2452744393131254	23.5356388414836
10477386.934673367	0.9358164006100712	1.2203495664097972	79.34096973418346
10552763.819095477	0.9633532134333838	1.1925720447435104	-72.05383725975581
10628140.703517588	0.9630780098483753	1.1848127342762522	-68.98854885000866
10703517.5879397	0.9443417701507827	1.1743804090211596	94.99681076393915
10778894.47236181	0.9527046887839573	1.1635618038534863	68.7249612866126
10854271.35678392	0.9626800565746912	1.1322296697259524	-141.28206848626226
10929648.24120603	0.9703285409262213	1.1105515294637165	-169.50794709924156
11005025.12562814	0.9565934687948559	1.127664546309879	-5.3288899099232285
11080402.01005025	0.941314835016535	1.1266083054536782	2.0881194773977625
11155778.894472362	0.9547409293893648	1.0821971349268187	-139.2742617736487
11231155.778894473	0.9761012495931201	1.0747169795288085	-57.60189824075733
11306532.663316583	0.9553624368880811	1.0614198983890544	-97.33167904555043
11381909.547738696	0.9801014091971713	1.0396443041915455	112.2899414084322
11457286.432160806	0.9603975726214441	1.02673403557868	-125.47759363734625
11532663.316582916	0.9797073616350717	1.0246122580231023	-72.54021982374819
11608040.201005025	0.9772397703413308	1.0181614963120142	-65.80024676127668
11683417.085427135	0.9623778436777989	1.012880569806368	-73.765272254367
11758793.969849246	0.9724324775952082	0.999385604338227	-57.66918606868409
11834170.854271358	0.9658349333802094	1.0016403687764337	26.228562919020007
11909547.738693468	0.9653230445110973	0.9691784927445726	-107.0372094320473
11984924.623115579	0.9706308318577288	0.9815859546064688	-3.4471218378906348
12060301.50753769	0.968002743305	0.9414381832014187	140.25375710108779
12135678.391959801	0.9883718026634807	0.9491554678438953	8.60821174867974
12211055.276381912	1.0544544599172798	0.9048553976095206	69.5141102583299
12286432.16080402	1.0534151188364451	0.8902801704501089	-76.06770280988833
12361809.04522613	1.0245236706609104	0.8908328932289004	-112.65538402896162
12437185.929648241	1.0226962280748004	0.8989964704426249	59.02255412041169
12512562.814070353	1.0520891798521386	0.8661325369272438	-78.1881449793527
12587939.698492464	0.9836556766792186	0.886580728125645	-49.40989836393744
12663316.582914574	0.9718768551499047	0.8673324883863942	-133.20959670355447
12738693.467336686	1.0406259658111925	0.8429847529931563	90.28116022891003
12814070.351758797	0.9584833202067131	0.8721289062037992	-47.017768531915586
12889447.236180907	0.9625064782044912	0.8461794374938548	-154.7747927187731
12964824.120603016	0.9556364661232033	0.8312086669331561	166.75233136186395
13040201.005025126	0.9943387986565864	0.8151775789009681	-135.11930420457435
13115577.889447236	0.9884142559078967	0.8284572200863788	43.01778354979303
13190954.773869349	1.0301288299966587	0.8053252503258093	7.76542500135432
13266331.65829146	1.0324961626103746	0.7743972123497646	137.50703032908243
13341708.54271357	1.0357205659995075	0.7685236089701892	91.95721188695904
13417085.427135678	0.999363801732822	0.7744411901751111	-108.02988381197851
13492462.311557788	1.0446121334626675	0.755940420913674	-88.99416279164997
13567839.195979899	1.0162465824212474	0.7490701993792367	163.80704168762125
13643216.080402011	0.9576677764262856	0.7746065479500233	-51.10011571178189
13718592.964824121	0.9561354292478215	0.7683709627946675	-1.3785307746107816
13793969.849246232	1.028869323755647	0.727250969356523	-32.54716262162859
13869346.733668344	1.0419254542893956	0.7094377447299804	-132.02665499283873
13944723.618090454	1.0332233859124251	0.7187985432808216	72.08296680244892
14020100.502512565	0.957703609511681	0.72346270657284	-126.6617891560481
14095477.386934673	0.9785160456903257	0.7205358558633573	1.775733095441242
14170854.271356784	1.0009812921613814	0.6976910950771587	108.39086508553231
14246231.155778894	1.0000174595995042	0.6804277901612545	-153.04374551404968
14321608.040201006	1.0371814486507849	0.6567840405528943	-119.63886328752133
14396984.924623117	1.0038548619429912	0.6727619281010088	-82.86567327777001
14472361.809045227	1.0337328084991928	0.665748475944687	-23.243947969672007
14547738.69346734	0.9906415622947373	0.6681716955898428	64.73073214093417
14623115.57788945	0.9873920132673762	0.6464886657589528	-162.93509574257632
14698492.46231156	1.0373057650461048	0.6459728871999157	17.43182628862932
14773869.346733669	1.037044153526356	0.6261914675037301	-102.42701424979255
14849246.23115578	0.9838428185082766	0.6266874390757808	-156.27383837639124
14924623.11557789	0.9841557935541031	0.6279935230572206	-134.9807769077987
15000000.000000002	0.9788837960858133	0.6354027541734684	-30.213334103177335
