0.0	1.8044029045963197	43.81430725536158	91.8222004867292
75376.88442211057	1.7900142878482277	43.64704335619819	-113.28671158660822
150753.7688442211	1.776485032377655	43.51523723043998	-44.88094770316589
226130.65326633165	1.7636637835702798	43.32721743746275	-63.460300158615546
301507.5376884422	1.7494430199153364	43.11081847420838	-169.62327453257353
376884.4221105528	1.7367286693887427	42.974419213265385	-3.7718208358105745
452261.3065326633	1.7239109581026484	42.7715117767651	73.43991747377528
527638.190954774	1.7121297921286096	42.58896013374662	61.74627700421884
603015.0753768845	1.6984021031539205	42.432727653890396	-39.48317594492065
678391.959798995	1.6873489092070972	42.199075986652325	129.22025205193853
753768.8442211057	1.6741002416074495	42.018652149110096	-152.40438193040544
829145.7286432162	1.663393689262503	41.813669568245516	-164.93701211443272
904522.6130653267	1.6509369460360066	41.65603115742052	91.18927899395193
979899.4974874373	1.6394242936260863	41.455257321863826	-104.24315303308668
1055276.3819095478	1.6294800121771837	41.2520515013872	-31.768182830076405
1130653.2663316582	1.6171761732627108	41.0673818061394	-51.77876477302411
1206030.150753769	1.6064951779348964	40.84078221355767	-164.51739961527946
1281407.0351758793	1.5966888404200257	40.68323030331082	-10.301298962652366
1356783.91959799	1.5861230698635937	40.45392336642894	50.40315087642568
1432160.8040201003	1.5752941771058442	40.27702592158492	17.52159007440653
1507537.6884422114	1.5640978771574143	40.04053612349245	-109.27156755725989
1582914.5728643213	1.555035552960583	39.85510822328295	29.517098670913267
1658291.4572864324	1.5448836602197518	39.62757056770754	74.06720094382358
1733668.3417085425	1.533894884938583	39.448672814811204	23.879901388216943
1809045.2261306534	1.5246159269650845	39.20588355988217	-121.10962393002252
1884422.1105527636	1.5146703201263403	39.031381114736135	-1.1541728446862685
1959798.9949748747	1.5069905709977987	38.78229033685623	23.566756098478074
2035175.879396985	1.4964948894254433	38.58954827908909	-46.843212678323894
2110552.763819096	1.4891327051196999	38.32534390769318	147.12347699826012
2185929.648241206	1.4803952255099038	38.13419829260742	-114.42270988623662
2261306.5326633165	1.4711451851986312	37.92177930900422	-111.63157466878302
2336683.4170854273	1.4607778141919652	37.70540402074178	155.51914748968113
2412060.301507538	1.4538815097935724	37.48755269628675	-32.826457801357044
2487437.1859296476	1.4466538514891985	37.274917692916105	43.178917888982845
2562814.0703517585	1.435596996494375	37.09287638551863	23.687186741432452
2638190.9547738694	1.4293443188563584	36.8175517536204	-91.34478990814198
2713567.83919598	1.4206153013476108	36.62823599659262	58.15154748856317
2788944.7236180906	1.4126708726441033	36.37825492946538	112.43915322729679
2864321.6080402015	1.4065150647569955	36.13654997897943	71.45457083695158
2939698.4924623114	1.3985573149546775	35.93056929417605	-64.56681586996775
3015075.3768844227	1.391290388005237	35.69378178330742	64.50426988455675
3090452.2613065327	1.3821561138105853	35.485660521565414	98.80356362102377
3165829.1457286435	1.3750979086234203	35.27707767674823	38.76345488166831
3241206.030150754	1.3680085571108744	35.03733299867824	-115.51230415349028
3316582.914572865	1.3613065410863734	34.83337902429968	-3.926427222191454
3391959.7989949747	1.355947117400253	34.56838704996705	14.185788217438192
3467336.683417086	1.3493269145886795	34.36141552504457	-61.25302114171924
3542713.567839196	1.3443687740955674	34.08523131190593	130.34566998006622
3618090.452261307	1.3374958614597572	33.85529134566785	-130.6640993559
3693467.336683417	1.3293381513842522	33.64719736464658	-124.03516964824634
3768844.221105528	1.325351689915195	33.37104454970584	150.69733944769212
3844221.105527639	1.3162085693426966	33.216351168958504	-25.914519901088216
3919597.9899497484	1.3127452210388058	32.972133886495136	66.28139975022629
3994974.8743718592	1.3044935675280955	32.75676258043005	68.0495627227078
4070351.75879397	1.3001098098309285	32.518461524359665	-20.00839094217566
4145728.643216081	1.2949341617857726	32.25061109236	162.212910815385
4221105.527638192	1.2863185216026882	32.056635275679355	-104.46882769736264
4296482.412060302	1.2845075805827997	31.770534756413987	-99.51028410431499
4371859.296482412	1.275106284956373	31.59561446270562	177.54516413437645
4447236.1809045235	1.2719806376190963	31.371655757100058	7.547897029075522
4522613.065326633	1.269216540689462	31.091335282241424	110.98560580710338
4597989.949748743	1.2641041044855614	30.856578220694594	128.47418399444365
4673366.834170855	1.2589464130182855	30.629759929091843	60.914534956181534
4748743.718592966	1.2540182506698878	30.40906877162731	-91.21172446829452
4824120.603015076	1.2494183983416995	30.16744982414433	32.883827605544006
4899497.487437186	1.2411980202647572	29.99810799719723	74.0255453942151
4974874.371859296	1.237155783309212	29.7449453807889	32.74363600038871
5050251.256281408	1.2302106374781985	29.544890389500793	-89.7322784081457
5125628.140703519	1.2291174969905707	29.28861323963768	67.02828238065608
5201005.025125629	1.2228850940034153	29.054941782278284	144.03675343117575
5276381.909547739	1.2183369754043623	28.82727700109923	141.8909355376368
5351758.79396985	1.213374330672711	28.62984458704152	61.95967072705363
5427135.67839196	1.2079912698009494	28.410330801816418	-95.2405233693691
5502512.562814072	1.2038985980807093	28.202958640961604	31.20734583627713
5577889.447236181	1.2058542103693397	27.881556691086036	82.46536230645147
5653266.331658292	1.199787608346346	27.69696585478674	59.232192554925355
5728643.216080403	1.1936504877985057	27.513409493367753	-37.13862166530079
5804020.100502512	1.193666190646294	27.223808099572338	154.0115594181094
5879396.984924623	1.1851384781026584	27.05852140481831	-86.06005179380931
5954773.869346734	1.1800486629225366	26.87587976732335	-36.422549878421286
6030150.753768845	1.1838667510364282	26.570019274351584	-55.98641500941105
6105527.638190956	1.1798551695048332	26.320641869171315	-143.61312701390867
6180904.522613065	1.170781045088177	26.180614952479935	61.52210150233876
6256281.407035177	1.172720207992355	25.87876290518845	-158.91972089128123
6331658.291457287	1.169174324164859	25.695989985893977	-84.02811446059334
6407035.175879398	1.1645152084592185	25.490179220765604	-72.85555763841347
6482412.060301508	1.1563923210684162	25.3232921835374	-123.8116803734069
6557788.944723618	1.1546244324088184	25.079356642989318	124.277979821587
6633165.82914573	1.156905193944078	24.81247891559604	-47.685224619798625
6708542.713567839	1.1459816476001716	24.691734115871235	81.9898042443911
6783919.597989949	1.1468026745101032	24.4296696986376	154.53663269798096
6859296.482412061	1.1441721885255898	24.21565524126332	170.86224197131222
6934673.366834172	1.13681624659445	24.045391025336286	132.9903960331613
7010050.251256282	1.1420774029752345	23.761554273951692	41.947263198895556
7085427.135678392	1.1319127683986774	23.630850695982232	-100.99395775690478
7160804.020100503	1.1374832674142459	23.331202351830395	65.83760763904647
7236180.904522614	1.1323609412831748	23.13533121092591	-175.86704435877968
7311557.788944725	1.126914892381746	22.982283748782628	-105.31453152048611
7386934.673366834	1.1306628564876031	22.730590578773686	-80.22097915934054
7462311.557788945	1.1173224692980321	22.631832109773207	-99.38423180061241
7537688.442211056	1.1250203197741535	22.29637873490823	-161.30880254986525
7613065.326633166	1.120627175894939	22.1318451464751	96.01514762358242
7688442.211055276	1.1170418803607487	21.947276931767117	-45.9757609919633
7763819.095477387	1.1175882240587143	21.702768658823526	134.2527891263487
7839195.979899499	1.11458464600985	21.526977161107098	-81.24332456453642
7914572.864321609	1.1044583395770227	21.4320061390267	28.902109251411655
7989949.7487437185	1.1113221206667936	21.116736812021912	107.32008084146742
8065326.63316583	1.1077766535860623	20.945684100016784	155.20587817820817
8140703.51758794	1.095259281578108	20.84659707129237	174.438648172481
8216080.4020100515	1.1059024674829978	20.543199943135818	167.52049482250405
8291457.286432159	1.101096202226779	20.37219288851512	135.7951124535676
8366834.170854273	1.1001894113583635	20.17567934837009	82.00156123539364
8442211.05527638	1.0878137078823158	20.104917674807123	8.222349486432822
8517587.939698495	1.0948364291981154	19.826870274336187	-84.00850810421855
8592964.824120604	1.08309232007957	19.714994171499253	168.2218678808601
8668341.708542714	1.0875351382822886	19.49701522580293	47.27361428544745
8743718.592964824	1.0792277470415703	19.369153580310027	-85.26130559843838
8819095.477386933	1.0789610197529549	19.15069226387406	134.08723645962812
8894472.361809047	1.0747755351623076	19.01797782038726	-13.000975611214532
8969849.246231154	1.083948734439163	18.738746373612596	-163.00235804227054
9045226.130653266	1.070718649935267	18.666104169966335	45.768184963796
9120603.015075376	1.0731420468729862	18.449179154923232	-103.33655069243981
9195979.899497487	1.0784788954393967	18.199811872415246	113.22208125404849
9271356.783919599	1.0664385088895916	18.135465919161152	-22.967922583564633
9346733.66834171	1.0634433079375152	17.957207402318673	-147.52027093478534
9422110.55276382	1.0640026435777015	17.765180056565082	101.87107640359694
9497487.437185928	1.078163480703515	17.4894343545765	9.34428517853708
9572864.321608042	1.0634998958720097	17.43150746668193	-61.50297645872769
9648241.206030149	1.0778195789678053	17.113504920100585	-108.10620261235329
9723618.090452261	1.0692952188912281	17.00661315881351	-125.52772374732092
9798994.974874372	1.0633331492081213	16.89268235634977	-110.51813497382527
9874371.859296482	1.0584981959365527	16.758951335783202	-59.249441672303554
9949748.74371859	1.0666664386238198	16.516076595783947	34.33835662307091
10025125.628140705	1.0495415225530023	16.461984510760253	173.15437344731004
10100502.512562815	1.0494152030304402	16.312159736218454	2.7175917474890303
10175879.396984925	1.0667397916197559	16.006169155143954	-111.96787775282263
10251256.281407034	1.0603246931392258	15.877391644326723	-166.1560750894977
10326633.165829148	1.06388984975002	15.700702644676188	-152.99694723871423
10402010.050251255	1.0603422535794145	15.552496182975558	-67.1121677260638
10477386.934673367	1.039746381723188	15.546888929669931	98.43550841535884
10552763.819095477	1.040055233029075	15.397202924759462	-10.588110137214384
10628140.703517588	1.0363449308320722	15.25823556798919	-25.541814805138344
10703517.587939696	1.0370875031774038	15.092419795000005	60.74011290855246
10778894.47236181	1.0632148549880185	14.739929203451393	-103.20381952333496
10854271.356783917	1.0476458620157336	14.684802748824085	-147.38936273640536
10929648.24120603	1.0428920594273865	14.593596973375318	-62.49674501701544
11005025.125628144	1.037646311189582	14.454683510647701	162.22583271317924
11080402.01005025	1.028625210963078	14.362999915621902	-178.8783384838954
11155778.894472362	1.028590323322657	14.238080948142576	7.055521612640501
11231155.778894473	1.040146876933847	14.012837290920105	15.24196106521123
11306532.663316583	1.055911602362013	13.754411515951933	-137.30229037191356
11381909.547738692	1.0384802221616996	13.717301314766027	-67.65572309179635
11457286.432160806	1.057178647996244	13.45906313340713	-114.75506948443905
11532663.316582913	1.0211070962139475	13.54006233668096	112.09301105694766
11608040.201005025	1.0204177215639332	13.409305274500282	-71.98854794078149
11683417.085427135	1.0150561679023966	13.30145193449966	97.48025434659506
11758793.969849246	1.01291056316423	13.18693138576074	-40.463066433213555
11834170.854271354	1.0333260166913631	12.916031427995394	-42.89510114198422
11909547.738693468	1.0443728982366267	12.683957717900185	-142.62440671096442
11984924.623115579	1.006035246252682	12.79840494830143	-104.20939187570201
12060301.507537687	1.0170836332955309	12.587365646388445	-137.0488903247096
12135678.391959801	1.0009493646237082	12.581793535127508	41.10802847736636
12211055.276381908	0.9853269587013342	12.525969352354503	-107.77229646188601
12286432.16080402	1.0532563524323253	11.979345817287438	-143.14126480654483
12361809.04522613	0.9914009281661048	12.209638485401086	-130.35615155517968
12437185.929648241	1.0208469378699843	11.906281525216142	80.7004647545111
12512562.81407035	1.0192196742220139	11.786692133587406	-135.6420900294505
12587939.698492464	0.9962602129866347	11.803798813132357	9.559909886877595
12663316.58291457	1.0340390236094834	11.45655515194197	-155.6235191102843
12738693.467336686	1.0097720550605416	11.460425896384862	131.1780141244034
12814070.351758793	0.9744149814384502	11.552762174700733	-176.94380515128242
12889447.236180907	0.9934654176734123	11.326156954227809	26.524880677980683
12964824.120603016	1.0024623003367232	11.145675201153729	47.51941005856326
13040201.005025126	1.0469315636329717	10.778462222725906	-92.36250669398125
13115577.889447236	1.0283535890004034	10.765555598904887	-13.012456078416642
13190954.773869345	0.9909155190188828	10.848817433501013	-58.123038420726964
13266331.65829146	1.041778905163522	10.46320522938117	148.4788655700631
13341708.542713566	1.0157501013157255	10.475584622369805	-96.77457674361753
13417085.427135678	1.0146026010186378	10.382103249596177	-60.69443853227694
13492462.311557788	0.9812491561681608	10.435919372262191	-90.63588267456298
13567839.195979899	1.0094024793336516	10.16972151242641	-175.07157553562334
13643216.080402011	1.0459461369826506	9.90498276232149	58.956496822886294
13718592.964824121	0.9578927856066385	10.231044467925013	-97.8596872946135
13793969.849246232	0.9863984806618376	9.970116280895937	84.11597626766478
13869346.73366834	0.9568196946991788	10.011680986192852	-104.7773953982063
13944723.618090454	1.0205535460875526	9.585067002396029	65.03610268669024
14020100.502512561	0.9584882512604213	9.786818033290603	-117.43032865949516
14095477.386934673	0.9761651118722842	9.595569456625572	76.74306682226309
14170854.271356784	0.9840938586220033	9.458337505387778	-64.84832102185268
14246231.155778894	0.961566901234414	9.458823097846174	-172.8489430064508
14321608.040201003	1.0056156076337328	9.158133286226143	120.38070026174648
14396984.924623117	1.0335302148723038	8.934963064142329	102.02144542455744
14472361.809045224	1.033533360441056	8.843871386969356	139.23036967632677
14547738.69346734	0.9638152700832683	9.047357339919113	-121.23207062943389
14623115.577889446	1.0077949672307762	8.760224450865337	48.43520209306403
14698492.46231156	1.0067616771020875	8.669567372702208	-65.444674740826
14773869.346733669	1.0396852500020675	8.442820467457315	-96.15434279640337
14849246.23115578	0.9612159234396416	8.6771289983588	-61.44153003443728
14924623.11557789	1.0063975061238033	8.39454333964116	61.44007907541365
14999999.999999998	1.0387451026710233	8.16773204874088	-73.43260358870697
