0.0	0.7667308629225142	119.7458536176558	18.108592583353726
75376.88442211057	0.7472099532832822	118.05200317509905	36.48365832371848
150753.7688442211	0.7271623328558885	116.36406182958531	46.920352312666466
226130.65326633165	0.7096284618098023	114.61988293741838	-22.49714181944381
301507.5376884422	0.6918960303319567	112.75875437002034	112.04343754848765
376884.4221105528	0.6758625732671454	110.84517353394828	11.672500581909588
452261.3065326633	0.6598978162990263	108.98354042579076	-45.165974909971226
527638.1909547739	0.6461688829535059	106.97097044185365	-141.75299048617313
603015.0753768844	0.6320802670519311	105.00497828009105	-1.290325027305789
678391.9597989949	0.6205645836613921	103.00085235526164	-66.01505375467686
753768.8442211056	0.6092839956488691	100.88996025993858	-56.03994348841061
829145.7286432161	0.5996260948565281	98.71066722589765	-47.991967449173046
904522.6130653266	0.589962887053803	96.73962602354574	-114.74087333594281
979899.4974874372	0.5815645364505132	94.40495563251156	29.287168773069293
1055276.381909548	0.5728292841682685	92.09774117746372	-69.00274978755985
1130653.2663316582	0.5669748825768789	90.12871547154828	-158.60191274792606
1206030.150753769	0.5617505136855346	88.33816099516808	33.88329068291554
1281407.0351758793	0.556769908879183	86.76398277287015	170.88204134249273
1356783.91959799	0.5528309944223749	84.91190521952997	-138.04780015017636
1432160.8040201003	0.5482484297132674	82.5786721358829	-176.40105879709807
1507537.6884422114	0.5461996442112873	80.55268564402031	-169.4213005115676
1582914.5728643213	0.543190236555538	78.43154069585391	-106.75759248724208
1658291.4572864324	0.5432518856722088	76.33872902940607	31.521110508434095
1733668.3417085425	0.5411346932968456	74.3032848604831	-76.95601927081324
1809045.2261306534	0.5418086190568043	72.40337697864385	-29.05833659605184
1884422.1105527636	0.5418760058285086	70.3301626995728	-134.26157131475267
1959798.9949748747	0.5433184377944953	68.40935863238474	23.913878784994477
2035175.879396985	0.5435996866420161	66.56721410316274	146.35194702998504
2110552.763819096	0.5467825128796514	64.84059203172708	-62.873343443147185
2185929.648241206	0.547794562739672	62.964174792284545	-178.12802913917443
2261306.5326633165	0.5518568015062263	61.2145806755176	-132.32333563741682
2336683.4170854273	0.556254667861267	59.546636561798884	141.08787342535237
2412060.301507538	0.5599916511287198	57.93631297850045	-11.80259750897335
2487437.1859296476	0.5619011518409575	56.49936606980316	-166.8340108709958
2562814.0703517585	0.5676931591209768	54.85732031444393	98.00893531073191
2638190.9547738694	0.5726035303552142	53.399286274350345	122.44859368380605
2713567.83919598	0.5746205153230901	52.09243483214259	-36.82463717533651
2788944.7236180906	0.5797554475558025	50.79229650435428	33.37192872400464
2864321.6080402015	0.5847933732740006	49.48354609100251	23.832359405050052
2939698.4924623114	0.5904177506603039	48.18122873177166	-18.430928015286963
3015075.3768844227	0.5965403712332342	46.85108747061365	-49.942310542400556
3090452.2613065327	0.6024144415244527	45.68493063257287	-29.906503932070677
3165829.1457286435	0.6084241708782365	44.55525990330317	79.07987969085934
3241206.030150754	0.6136182362835192	43.44845686719871	-48.27104261267037
3316582.914572865	0.6187601037541317	42.40171060481075	-20.50944547013879
3391959.7989949747	0.6223783421262912	41.42702364399842	-168.47625031782115
3467336.683417086	0.6283034918543579	40.490446598485946	-105.8748069196483
3542713.567839196	0.6347124865571849	39.47427307811721	-168.85254663285622
3618090.452261307	0.6400222326613519	38.58172087829864	24.6818918867423
3693467.336683417	0.6479447715918314	37.68985714402926	134.39316004959042
3768844.221105528	0.6532426662706465	36.83948851178546	178.19570901832233
3844221.105527639	0.6565166870489193	36.0601762467437	172.41958663120823
3919597.9899497484	0.6650102326408449	35.20667375709771	131.38127616433258
3994974.8743718592	0.6704393650171766	34.445972455690956	68.67601798074114
4070351.75879397	0.6766417497015109	33.71008985371486	-3.682288867027756
4145728.643216081	0.6820400136437561	32.99681806738792	-75.99557742297064
4221105.527638192	0.6883631287330281	32.28166954455103	-138.4275387936578
4296482.412060302	0.6929169858755875	31.635713097016307	177.29570887248394
4371859.296482412	0.6953967119390067	31.100273078340216	158.4370487788058
4447236.1809045235	0.7028990425832126	30.388196515252222	171.74292909568942
4522613.065326633	0.7100058110323313	29.760350775176228	-136.47695280561172
4597989.949748743	0.7143448576289381	29.20678611396941	-41.540001214959624
4673366.834170855	0.7209707397751849	28.59494620973529	101.00344725821506
4748743.718592966	0.7235824470616737	28.122904054565648	-64.44885422828409
4824120.603015076	0.7313116940367588	27.507310955121312	-174.33310334558232
4899497.487437186	0.7354086647513168	26.99600218866843	133.88648753202074
4974874.371859296	0.7415729844683139	26.48030947743671	143.43427555812843
5050251.256281408	0.7461662005811482	26.003447372161943	-143.91362988466418
5125628.140703519	0.7485909755865573	25.567110007585576	-6.003875659100414
5201005.025125629	0.7562290261377144	25.046836326890713	-161.09086340442812
5276381.909547739	0.7563055464853915	24.692382829727926	111.89479770621531
5351758.79396985	0.7617408380267697	24.251593823204622	94.31219589857135
5427135.67839196	0.7646640172326478	23.811790776965502	146.91243512624766
5502512.562814072	0.7716002900850482	23.37055195705031	-89.54064742031636
5577889.447236181	0.7736924167472617	22.99693343926753	105.68023888045177
5653266.331658292	0.7816216876807314	22.594730719523458	12.769017136779162
5728643.216080403	0.7881968744733681	22.172903211301485	-7.640454437366564
5804020.100502512	0.7925594911525736	21.800122208439337	44.057861411392985
5879396.984924623	0.7951526768543377	21.44869273209684	168.50355304949952
5954773.869346734	0.7989233595933386	21.13248139510257	5.1598010496527635
6030150.753768845	0.7980209781746251	20.819716812733017	-85.83501287377462
6105527.638190956	0.8018765402580357	20.479949289335416	-104.6495314840852
6180904.522613065	0.805840389728347	20.187262667039406	-51.60142071474956
6256281.407035177	0.8146163968287694	19.790810214634618	73.11005644570872
6331658.291457287	0.8132059938862818	19.547176204165236	-90.45788703989058
6407035.175879398	0.8166394285998452	19.20270173526881	176.65426630546125
6482412.060301508	0.8278889637106317	18.82907922092616	154.57824024120453
6557788.944723618	0.8235776356556748	18.620864492124102	-157.04100083227556
6633165.82914573	0.834969369850151	18.271393991844505	-38.936593438320784
6708542.713567839	0.8357712598125455	18.005754142788195	148.71938524470116
6783919.597989949	0.8339407530058521	17.832304929645694	45.730536128812716
6859296.482412061	0.8372727342874784	17.555013889373015	11.470612518342369
6934673.366834172	0.8489268468850931	17.205687626137735	45.683153023197484
7010050.251256282	0.8522691613579375	16.928084704953726	147.86593680459958
7085427.135678392	0.8459356420088582	16.784238733381514	-42.122401630379876
7160804.020100503	0.8525643325810812	16.501098835257178	-164.67161690703537
7236180.904522614	0.861363650725424	16.196199586604997	139.62500120367545
7311557.788944725	0.8558811148049046	16.046444410367407	151.02727815481694
7386934.673366834	0.8601079096902243	15.796861314652388	-131.3277169855185
7462311.557788945	0.8672582029443163	15.574621900613682	13.268633232609238
7537688.442211056	0.8721665180760165	15.308440806424478	-136.1364151707508
7613065.326633166	0.8655185976536535	15.18251313872713	140.44451559863984
7688442.211055276	0.8784808002108933	14.875019446319925	123.2576221387489
7763819.095477387	0.8761093090783569	14.700938159973662	171.70296415819212
7839195.979899499	0.8845770133083455	14.47353543622909	-73.26082734591604
7914572.864321609	0.8756556905191757	14.37781724746121	107.5308840562632
7989949.7487437185	0.8823974617313997	14.13555418458879	-5.379754481844843
8065326.63316583	0.887839679822932	13.912317989809369	-52.340038153367416
8140703.51758794	0.8951011304579516	13.700705068756562	-32.24874857698163
8216080.4020100515	0.8957413209806686	13.532825728738734	54.30332253103737
8291457.286432162	0.8951894818646469	13.3477741099873	-151.2796846202374
8366834.170854273	0.8920364236962166	13.23073656196638	69.78557057915148
8442211.055276385	0.8997041058266713	13.035787996110201	-0.3933064752458574
8517587.939698495	0.9070181403620311	12.81409470293144	-1.8369008501518955
8592964.824120604	0.89480501301054	12.745446923721202	65.700249771039
8668341.708542714	0.8981492294190705	12.558640526372239	-156.54704945054027
8743718.592964824	0.9092765614414045	12.351470095550432	52.38249623838581
8819095.477386937	0.9118853597889891	12.191922577962025	-27.18542399602429
8894472.361809047	0.9062819786033481	12.08133106899361	-34.10647139427652
8969849.246231157	0.9102624585345453	11.916738406382553	32.616451923059024
9045226.130653266	0.9056502195988055	11.7895476164194	174.1845980618877
9120603.015075376	0.906836984528659	11.648800134089914	32.43120350060647
9195979.899497487	0.9118809418561401	11.499234999903155	-31.41246896196696
9271356.783919599	0.9179782369636286	11.32306922273028	-16.23313219691653
9346733.66834171	0.9222997121277161	11.151034875337961	79.76012858552394
9422110.55276382	0.9307165104518789	10.96673286896763	-101.54496404656437
9497487.437185932	0.915746907706446	10.92021011480566	161.44475222687026
9572864.321608042	0.9235880090589621	10.75865426800359	151.96342889123213
9648241.206030153	0.9263910930606062	10.625678907508762	-129.42589797587956
9723618.090452261	0.9337362467197603	10.47459030755494	41.69262348270336
9798994.974874372	0.9391732224144602	10.317933132454918	-54.07696115841643
9874371.859296482	0.9413600641054632	10.19209807508634	-52.64790328807541
9949748.743718592	0.9408078396050211	10.093692427614805	49.081627583464616
10025125.628140705	0.9259958768498932	10.03784305478932	-106.37302599148094
10100502.512562815	0.9331195398210557	9.878062784027053	-154.96838242065633
10175879.396984925	0.9317911590434913	9.779077596694714	-93.26117898652107
10251256.281407038	0.9469904622493225	9.597376443585167	82.3054441043947
10326633.165829148	0.9528498984683474	9.476498805230882	17.82645429526984
10402010.050251259	0.9387244951485917	9.424866520046786	76.63277177876066
10477386.934673367	0.9516280526886687	9.261778246224024	-95.14183677883196
10552763.819095477	0.9576766851258861	9.118676309308638	-132.20841897858105
10628140.703517588	0.943340190301989	9.104641990205634	-29.494591856963243
10703517.5879397	0.9611562862934958	8.900955607383821	-138.3431456258966
10778894.47236181	0.9622603830455017	8.802330754215417	-93.22771796914931
10854271.35678392	0.9563183641245996	8.72979943240627	115.08144837411045
10929648.24120603	0.9601751413745152	8.62241064439901	134.3788693290088
11005025.12562814	0.966567285661534	8.50831772777649	-25.50309948770231
11080402.01005025	0.9594065597940471	8.44757065412814	7.799981210540175
11155778.894472362	0.9528020617479823	8.369429331331661	-115.19472392373024
11231155.778894473	0.971975606344234	8.212305161867027	-20.93509939451462
11306532.663316583	0.9433642686254273	8.234826351598999	-51.94193480186329
11381909.547738696	0.9722567618066775	8.010658863190786	168.0024850549054
11457286.432160806	0.9550181193396698	8.01039477449652	-60.120324646153804
11532663.316582916	0.9427441948644492	7.991078404968488	9.688582612341818
11608040.201005025	0.9603519083671073	7.826407161651213	45.56063388600121
11683417.085427135	0.9794387856366299	7.656166347767234	85.93858394615252
11758793.969849246	0.9823723239337585	7.547392126228655	174.07488526440608
11834170.854271358	0.9842957191611547	7.492333590269033	12.290502964869797
11909547.738693468	0.9871975592919354	7.391586020496331	44.48979492794347
11984924.623115579	0.9901672225129882	7.307045366005055	37.787885596439665
12060301.50753769	0.974735026986741	7.260904747537999	-143.51112090391325
12135678.391959801	0.9719815926664201	7.220073986445084	40.976902422923544
12211055.276381912	1.0444144825463837	6.893383553706472	-82.8163160125348
12286432.16080402	1.0350593843924925	6.846630887288884	-93.5588771233239
12361809.04522613	1.0427800806782699	6.746818983553274	-136.2192159657125
12437185.929648241	1.0269249225107113	6.73507290957677	134.8290819765
12512562.814070353	0.9902686012407911	6.776789295605198	169.58934380306238
12587939.698492464	0.9619695868769249	6.831917003660339	68.94629250744566
12663316.582914574	1.0310757065192557	6.512913143929461	-92.82736605232093
12738693.467336686	1.0060740269496011	6.530704965193403	95.10070334790714
12814070.351758797	0.9913215981360084	6.519091437375018	-41.0713901084878
12889447.236180907	1.0097137349056629	6.381333420563914	-107.30122181989113
12964824.120603016	0.9678667890681729	6.453302251537579	-72.96186739142686
13040201.005025126	0.9926833629552931	6.307787608694344	89.40546657178777
13115577.889447236	0.983525666679252	6.283976219998621	42.505422355738624
13190954.773869349	0.9569116474952747	6.283616759783255	168.72813463702985
13266331.65829146	0.9794019928868855	6.1496566766062	125.46435471930788
13341708.54271357	1.0453496494030685	5.9082776608257905	-68.69391914535281
13417085.427135678	1.0276413372696458	5.893842894898266	-37.832842305178445
13492462.311557788	1.019679255918888	5.84515008590024	-124.6693239453908
13567839.195979899	0.9876141536335722	5.88825863053632	43.215750166897365
13643216.080402011	1.0226164528495065	5.7208023373199675	120.49202334393551
13718592.964824121	1.03979022776477	5.616334621780199	120.0964467413542
13793969.849246232	1.026122242883926	5.600820759990603	54.06385054467693
13869346.733668344	1.0342355736861264	5.525683416431448	-64.85244402197729
13944723.618090454	0.9630187341431029	5.65827456515619	134.00995749069733
14020100.502512565	0.9668853968149788	5.594880146093667	-57.12291655033012
14095477.386934673	0.9574951406254644	5.568511528549726	90.10377439745513
14170854.271356784	1.0096081709780511	5.3501651255789575	-132.29497401904257
14246231.155778894	0.9854933936083913	5.372047408927085	5.041370006369219
14321608.040201006	1.0220980618015876	5.205021967330242	150.79268782559973
14396984.924623117	0.9688826247308497	5.302089541340893	-43.973684761904714
14472361.809045227	0.9769161603927838	5.221040264765563	111.7603072742572
14547738.69346734	1.0069235304974447	5.0933355544996965	-78.76125379655592
14623115.57788945	0.9876734524712185	5.0828084515983045	135.99471620352892
14698492.46231156	0.9810449004064111	5.063470561650341	45.583848245442454
14773869.346733669	0.9619418305605614	5.0598322363040795	16.80128996705361
14849246.23115578	0.9629021160629839	4.999342152727207	57.813082810651004
14924623.11557789	0.9852785057491752	4.8872142831519625	175.99579850926722
15000000.000000002	0.9633296837918128	4.901581638329861	19.08498791065974
