0.0	0.09969553329322478	80.8066018183364	-150.24881113792338
75376.88442211057	0.10292595124957245	68.87840549071645	50.07790974433666
150753.7688442211	0.10808169449675757	57.98915129583514	61.62453845625815
226130.65326633165	0.11989850543013099	49.74784549273386	-172.05241309491825
301507.5376884422	0.13591279855081073	43.96000608062611	-115.9650843844826
376884.4221105528	0.15019630873067552	38.80882136286677	-123.04670181133628
452261.3065326633	0.1625246128243892	34.11617646363068	155.036515117223
527638.1909547739	0.17876227667556277	30.479833384609258	156.2714692362433
603015.0753768844	0.19307804160579511	27.663214625529402	-112.00007627249126
678391.9597989949	0.20900836602539313	25.300897249535858	5.934021212536168
753768.8442211056	0.22373805223080362	23.39713506645121	-117.33533824838943
829145.7286432161	0.23917508740199947	21.672122267699184	-113.57657212833777
904522.6130653266	0.2550196544740385	19.85543217079211	8.012539165443023
979899.4974874372	0.27010956469527186	18.553536347020906	-114.19543735846833
1055276.381909548	0.28535375289632114	17.445082977019176	-94.75162170887155
1130653.2663316582	0.2987978012302077	16.338961729017598	118.42445663420642
1206030.150753769	0.3133057500296514	15.50881461307896	-109.70763685648961
1281407.0351758793	0.3285726034924542	14.606676783155212	53.91555917332008
1356783.91959799	0.3419359341191034	13.882074436240712	28.73396411433593
1432160.8040201003	0.35393676397337676	13.264634700425272	-21.890055963370646
1507537.6884422114	0.36737702977849584	12.539924843256903	86.89603291234162
1582914.5728643213	0.38220197575960546	12.001523815571929	-161.1878300527974
1658291.4572864324	0.394821766435728	11.487891767135942	173.39864414872505
1733668.3417085425	0.40713735753955443	11.008406277721981	-114.93926317377448
1809045.2261306534	0.42045962985272783	10.550574802449184	-59.04827899444677
1884422.1105527636	0.4304585218032923	10.141236281354496	-120.21253447725849
1959798.9949748747	0.44212769998683615	9.813574094056564	-31.211176443356695
2035175.879396985	0.45633572602405215	9.404274483878055	125.67099304908166
2110552.763819096	0.4650585581860835	9.134965648159072	-85.67559304285845
2185929.648241206	0.4782997480694539	8.78030696512893	-13.838102301645893
2261306.5326633165	0.48724993187315535	8.522734750747329	-81.57588106378147
2336683.4170854273	0.4990949046135207	8.322166186939508	13.141379473903987
2412060.301507538	0.5115097139010353	8.007605316988865	-120.63389443396186
2487437.1859296476	0.5208789030306945	7.77383424704858	167.10309450422398
2562814.0703517585	0.5289466611502787	7.561442123090112	111.40128189059418
2638190.9547738694	0.5387137528035341	7.374647052693827	31.874215160260906
2713567.83919598	0.5486546349159626	7.142586197687608	-109.42514052131759
2788944.7236180906	0.5579771727705367	6.974432072847585	12.459427169236793
2864321.6080402015	0.5702870014702265	6.74981395489847	5.560306469390117
2939698.4924623114	0.5783732113010522	6.556593236943231	-160.3120190528964
3015075.3768844227	0.588565236072468	6.39475677870029	-152.92348879843595
3090452.2613065327	0.5953774646991595	6.258333435921892	1.2562569320443795
3165829.1457286435	0.6041056466634626	6.102779865271857	-81.23077592166902
3241206.030150754	0.6129670879077482	5.948692894171836	-63.48878404450192
3316582.914572865	0.6201208939056829	5.808621808496256	32.76903703133148
3391959.7989949747	0.6268763939459049	5.668764520291548	-171.33462218185818
3467336.683417086	0.638046402731546	5.540737864794559	24.911715339696226
3542713.567839196	0.6439783782557682	5.409014893030982	-115.29345206984584
3618090.452261307	0.6533841074334013	5.2879873259703025	110.68136542429103
3693467.336683417	0.656787230577725	5.190403047613664	-31.949468558318944
3768844.221105528	0.6681348375542802	5.059503895974907	162.03924964161018
3844221.105527639	0.6747185280902548	4.9662023460175595	-40.92506455388762
3919597.9899497484	0.678128756267342	4.887520303347507	65.80609913985327
3994974.8743718592	0.6876032689933916	4.760439580785663	110.3802392471482
4070351.75879397	0.6927845290256663	4.680658355505033	80.91799420569207
4145728.643216081	0.7022686356954126	4.574733114897659	-33.08165717029113
4221105.527638192	0.7039859611591727	4.484320900189514	117.296491221502
4296482.412060302	0.7148273408239266	4.379900552607723	162.76114888661016
4371859.296482412	0.7169986521066619	4.318024681501858	93.86872621204981
4447236.1809045235	0.7235521856171327	4.235689777476767	-97.79948600487627
4522613.065326633	0.7308650100321881	4.15684783332673	-61.624318401606025
4597989.949748743	0.735025229383086	4.074289574648209	-165.07190031830197
4673366.834170855	0.743683851304644	4.00749791361213	-55.643007800805314
4748743.718592966	0.7485343377948794	3.934638786429309	-100.86423473239648
4824120.603015076	0.7521891737549484	3.865251057213483	52.65172814990222
4899497.487437186	0.7593905606339936	3.8018932173436566	38.330002500234706
4974874.371859296	0.7618700844080504	3.731651562100415	-149.95192341830446
5050251.256281408	0.7652533344969819	3.6654551529663078	-158.55722247395983
5125628.140703519	0.7758391898061201	3.606479742999446	7.160575620899062
5201005.025125629	0.7806520524813668	3.5468672561251826	-18.15743478912014
5276381.909547739	0.7806008456409096	3.4899899609145253	119.89207532138143
5351758.79396985	0.7830749626814182	3.4453716841216355	56.832052430700514
5427135.67839196	0.7895643515826469	3.368300647917436	147.67202796707562
5502512.562814072	0.7948388906519995	3.329433494153492	28.252166202448308
5577889.447236181	0.801085940875785	3.278579719183754	54.210554495666656
5653266.331658292	0.8014548337675558	3.2146416126665325	-138.5941395090096
5728643.216080403	0.8085989389970045	3.151732178049885	165.53594919545523
5804020.100502512	0.8080095182690319	3.1148726332887873	-116.63612816871945
5879396.984924623	0.8131538350748471	3.070866867074612	90.62389965887552
5954773.869346734	0.8208268303752718	3.020880213970221	64.63443700844826
6030150.753768845	0.8269016480546046	2.961549050606532	162.4692790682975
6105527.638190956	0.8239113709060351	2.9434513093907735	20.070237779209645
6180904.522613065	0.8281843498719076	2.9003295386420134	-4.549349676767175
6256281.407035177	0.8338558820692896	2.8426715181646056	84.85920075851845
6331658.291457287	0.8367118163958025	2.8109333795204887	-73.64696847223287
6407035.175879398	0.84493632871167	2.745090236086271	-123.43289450855387
6482412.060301508	0.8473007734203771	2.723033830939961	-66.24089748069461
6557788.944723618	0.8448462203938832	2.6907435222718727	94.71593487450119
6633165.82914573	0.8474539444064206	2.65333387832288	-1.2306649540429622
6708542.713567839	0.8571456474256979	2.608996524877915	2.713465053286399
6783919.597989949	0.860964497320451	2.561635998868521	104.45708227254448
6859296.482412061	0.8638446214232595	2.529088392884972	-56.63245455189536
6934673.366834172	0.8578922442968665	2.488971688987877	-123.98594441061866
7010050.251256282	0.8628889544512615	2.462768905975545	-98.1835821061279
7085427.135678392	0.8735225643439214	2.4353823808550796	18.25087040711406
7160804.020100503	0.872943095087968	2.381439838290997	-134.8418686233734
7236180.904522614	0.8755645523526825	2.3441878153872002	159.68370116282782
7311557.788944725	0.8794222280618565	2.3067304912900357	-178.4015380462496
7386934.673366834	0.8842556788926071	2.2910878028763886	-70.86714711930074
7462311.557788945	0.8743498482520773	2.261711544146472	120.78161690974049
7537688.442211056	0.8825615784093375	2.2413494282440927	36.861874030264836
7613065.326633166	0.8800069749998315	2.217368672399534	34.64207011384235
7688442.211055276	0.8869261061440639	2.172003993624797	114.54542041131533
7763819.095477387	0.8865288026015959	2.152634198396104	-84.21646058371172
7839195.979899499	0.8923700315265688	2.1076520767869726	156.79470529740757
7914572.864321609	0.899627793566779	2.085348086667159	116.76605610189412
7989949.7487437185	0.8949651557492542	2.053528298254837	155.69038510193886
8065326.63316583	0.8920837685216829	2.0390877068835622	-86.28751953108001
8140703.51758794	0.8998715282935797	2.0087271406060325	108.45146733346141
8216080.4020100515	0.9026460761079962	1.99238011711804	21.35573725394012
8291457.286432162	0.9094383245127601	1.964841701707778	11.167463976587774
8366834.170854273	0.8975544054574941	1.943974745252436	77.28742996291537
8442211.055276385	0.9110817017624081	1.888038519113264	-139.02036660252978
8517587.939698495	0.905168022278141	1.8899640684438397	81.00908243726839
8592964.824120604	0.9166435414041642	1.8711909967909472	17.89504813560658
8668341.708542714	0.9182046157183925	1.8426659432030088	31.111117173644438
8743718.592964824	0.92090723689816	1.799564037895704	121.03253511052296
8819095.477386937	0.9099397057873506	1.8029432197847215	-71.40747166807287
8894472.361809047	0.9229226059860949	1.7551057855023826	172.75669460803715
8969849.246231157	0.9260061212358677	1.725042053101094	133.92138718308536
9045226.130653266	0.9293537368869643	1.7081915684296123	174.12108122761833
9120603.015075376	0.9164519374398522	1.7156512342236592	-66.92437963020765
9195979.899497487	0.9239938066324119	1.6744015143507538	129.13454958620898
9271356.783919599	0.9295859255490819	1.6634481455229335	46.20664242342995
9346733.66834171	0.9355741080878267	1.6365456470961026	43.5668891928966
9422110.55276382	0.9204278054396985	1.6277365546325837	121.68112308732653
9497487.437185932	0.9321275554435309	1.6018382022109867	-77.20454362221747
9572864.321608042	0.9189065677512798	1.5803009210998278	166.07403000957189
9648241.206030153	0.9228574169440036	1.5619466457691016	133.57069170494145
9723618.090452261	0.9344304583079255	1.5300627382153946	-173.18926405415436
9798994.974874372	0.9221836809789248	1.540912339048059	-32.74118738677731
9874371.859296482	0.9336660795087439	1.496752555203587	-165.0934734188716
9949748.743718592	0.9378383416067365	1.471668004659917	151.39236455119777
10025125.628140705	0.924733195466507	1.4703354922317131	-160.06857722199004
10100502.512562815	0.9495778936731044	1.4590182971123087	-18.737990212478728
10175879.396984925	0.9288936512293321	1.4305377953005938	-143.1446852229822
10251256.281407038	0.9493437541697424	1.3977758991320135	-170.7087803034274
10326633.165829148	0.9314515690417422	1.4063920882306546	-97.92229758073867
10402010.050251259	0.9290163334033409	1.395018889640829	73.70841151655584
10477386.934673367	0.9300594172558518	1.3950168760485873	-9.144227029344865
10552763.819095477	0.9369547052773417	1.3650893424762167	14.561215589284325
10628140.703517588	0.9557723686260513	1.3161454126298866	147.2412611677094
10703517.5879397	0.9330532514025307	1.3359125527119426	32.28472875989521
10778894.47236181	0.940767644170977	1.316105440821245	34.57526771110704
10854271.35678392	0.9618381148516453	1.2680065255112405	155.47018773854504
10929648.24120603	0.9562854615939319	1.2807260976401214	40.131320953140545
11005025.12562814	0.9632532573370348	1.2535150244834454	53.12926152824849
11080402.01005025	0.9548294897223731	1.2278519508908985	-161.74675699144245
11155778.894472362	0.9571093148155029	1.2212453822869809	120.77466768156765
11231155.778894473	0.9590017809592399	1.198631639225697	-172.68597777738185
11306532.663316583	0.9517863318177076	1.2180510327628153	43.014666208609746
11381909.547738696	0.9391868979835039	1.2030331763699846	52.723503023639964
11457286.432160806	0.9463766636908317	1.1612151809387639	-133.26123838904914
11532663.316582916	0.9502198442390583	1.153121387506317	-148.62045205036446
11608040.201005025	0.9690802051728878	1.1566284695449227	14.173705726483552
11683417.085427135	0.9596396805869939	1.147559869544021	6.943625347579476
11758793.969849246	0.9402925780957052	1.1183876247659263	-160.64307481244748
11834170.854271358	0.9664320690575071	1.0970240813249448	-114.18921956536857
11909547.738693468	0.9623709449568191	1.0847654048367659	156.59721415955462
11984924.623115579	0.9746507870748035	1.0882877846461017	-48.905573159372395
12060301.50753769	0.9538595775860472	1.0839485361792836	8.057740774916896
12135678.391959801	0.9757622038425046	1.0628446133306948	-11.33376675651799
12211055.276381912	0.9569615189537404	1.0509509227459448	-78.9511017433091
12286432.16080402	0.9837521051602771	1.0103642951640408	-164.47875055361789
12361809.04522613	0.9867283892727319	0.9982266247176879	136.344239722257
12437185.929648241	0.9759654914104859	0.9945323786896464	157.77170837851395
12512562.814070353	0.9659270326173731	1.0108204105116823	-21.580762371762315
12587939.698492464	0.9691300250330804	0.9983312046356899	71.83139985533731
12663316.582914574	0.9767697507660305	0.9709278913449894	-77.95244658297685
12738693.467336686	0.9960608506623835	0.9618092235040882	-48.30183268395826
12814070.351758797	0.9794498537278925	0.929252977314003	-167.03633515086344
12889447.236180907	0.9548772425495972	0.9628427554516433	72.480032720099
12964824.120603016	0.9501480072011773	0.927011583812409	-158.6915041758891
13040201.005025126	1.0145094549389648	0.9018346149840871	-122.16002347368357
13115577.889447236	1.0062345775836217	0.922140849297551	-0.32773638207460226
13190954.773869349	0.9802709892664134	0.9176016517080359	-42.112806274314416
13266331.65829146	0.9768246639753567	0.8857474254295185	-174.00478647005588
13341708.54271357	0.9509465858124766	0.9152814944655921	22.24802096741383
13417085.427135678	0.9624207646114646	0.8790253108656719	-124.14727242412853
13492462.311557788	0.9750230702122625	0.8560278567773206	140.86090675887988
13567839.195979899	1.0045672296721195	0.8439358310847974	132.62529215320004
13643216.080402011	1.0182536951679702	0.8282518620335232	-121.17668586554349
13718592.964824121	1.0061390250884799	0.8237894522765178	121.02868790649529
13793969.849246232	1.0011411741594023	0.8163664468095321	166.28624054859222
13869346.733668344	0.9776292276976766	0.828619378563605	33.2068036058163
13944723.618090454	0.970925527186343	0.824145668952545	102.4800078274701
14020100.502512565	0.9895597243581092	0.8070502877538329	29.614847776282428
14095477.386934673	0.9567758165252223	0.7941355420257976	-167.3622527458952
14170854.271356784	1.0440236326323677	0.7549399594662558	-112.371573188468
14246231.155778894	0.9599969952461542	0.7773542129921085	-152.37028233228125
14321608.040201006	1.0179197954778079	0.7640302741337959	85.6386146320731
14396984.924623117	0.9966602984346453	0.7537069272506413	-100.01530947713911
14472361.809045227	1.0036637064749225	0.7610796440438623	18.201235238113593
14547738.69346734	1.042663089194987	0.722161479398511	94.08959050608372
14623115.57788945	1.0169128925434563	0.7147135167658936	139.90816334755448
14698492.46231156	1.0094833636891847	0.7074919340180168	167.46866646913102
14773869.346733669	1.0410127494677355	0.6939406083982612	-173.65765522452907
14849246.23115578	0.9734063283128597	0.704446325618993	-152.79041125960723
14924623.11557789	1.0313802174176896	0.6850968721085747	-121.07353263798574
15000000.000000002	0.9993919287677586	0.7000462289045869	-47.924747751083416
