0.0	1.8628995582660517	126.34019941461324	21.63843504859128
75376.88442211054	1.8235369526983696	125.53380601468172	-0.00040262892431225063
150753.76884422108	1.7860806031588798	124.68867069208919	-14.399750998282558
226130.65326633162	1.748995222099567	123.84581936414703	-29.05396415091115
301507.53768844216	1.7129577575246857	122.9903901451482	-51.973292608251484
376884.4221105527	1.6777090501439456	122.10604684658982	-91.6143706374055
452261.30653266323	1.6437534079628164	121.23194665162728	-157.03753121145027
527638.190954774	1.6108657701727693	120.33074479605654	102.35774092162877
603015.0753768845	1.578575854543704	119.37800144177717	-43.222144284153394
678391.959798995	1.5476792089120153	118.47492310341234	115.3941835034196
753768.8442211057	1.5176700196542163	117.52075432707649	-152.3354463452585
829145.7286432162	1.488616555095411	116.55693104867821	-138.12541916239834
904522.6130653267	1.4602335325522144	115.55255571400035	146.13219507058886
979899.4974874373	1.4328524799449944	114.50025711417952	-31.695069844432293
1055276.3819095478	1.405852530106253	113.53109325889918	35.35035662109705
1130653.2663316582	1.380686779979933	112.47627977189556	-25.60804353024928
1206030.150753769	1.3560514736812281	111.4590590682844	131.55688215306114
1281407.0351758793	1.3321873887975708	110.40686315342235	133.2505714152077
1356783.91959799	1.3093744164020626	109.30925667211105	-34.653199136423865
1432160.8040201003	1.2865546454441363	108.24693953742363	-26.88413788342473
1507537.6884422114	1.264674269935548	107.2309172879681	142.0954604389903
1582914.5728643213	1.2443215559393805	106.09316409101379	97.75712462128028
1658291.4572864324	1.2247289349628319	105.02162116543333	-174.4585096363949
1733668.3417085425	1.205814122271943	103.76065980515084	30.284564173774516
1809045.2261306534	1.1873146765437068	102.68320721354158	-22.010265329710005
1884422.1105527636	1.1688550391132388	101.53519926964823	13.94073649789312
1959798.9949748747	1.1528458757320108	100.45289701197096	124.41274642284908
2035175.879396985	1.1348483178137299	99.29156902284095	-62.52915474646817
2110552.763819096	1.119665617219176	98.19827767335698	158.64848641816712
2185929.648241206	1.1063159951037	96.8405372594043	58.5616263485882
2261306.5326633165	1.092630698795205	95.5295606775717	-10.263851470026305
2336683.4170854273	1.0758327138447599	94.55915657164843	-54.34665606846249
2412060.301507538	1.0667273073903432	93.11192843296028	-72.72425280914759
2487437.1859296476	1.0514517232429939	91.93467135921946	-50.3317998570701
2562814.0703517585	1.0404809976763498	90.65567799528412	60.072443589276446
2638190.9547738694	1.0255054733686808	89.65313255033965	107.6910803468673
2713567.83919598	1.0287067122013296	87.47427220635765	-143.55972625589004
2788944.7236180906	0.977130833586668	87.81649436737742	144.8300937441894
2864321.6080402015	0.9704969998301016	84.53583013756078	150.20264155729544
2939698.4924623114	0.9604110862709567	83.15347974701425	-8.310646594924863
3015075.3768844227	0.9486242866006589	82.26495008904439	127.38841240875757
3090452.2613065327	0.9377897216296596	81.23117964360034	38.80976289460664
3165829.1457286435	0.9369631985813751	79.59749104786766	112.50804595496646
3241206.030150754	0.930990994788006	78.4837832795733	18.89146238319695
3316582.914572865	0.9246978813947546	77.3145096108348	132.47641693893033
3391959.7989949747	0.9152445672549107	76.36833896134993	107.09518465017709
3467336.683417086	0.9146794926042554	74.98854673460524	-46.98220540574553
3542713.567839196	0.9065497382386085	74.03968359964195	37.25049429023849
3618090.452261307	0.903811237826598	72.7845457402269	9.484048094023235
3693467.336683417	0.9011061296735516	71.58082191152954	-123.4382753950352
3768844.221105528	0.8952818237021554	70.64172803128481	7.029342342977062
3844221.105527639	0.8911884915097442	69.55251844596145	49.34952654774665
3919597.9899497484	0.8903185750833119	68.3637356608322	12.564870928690848
3994974.8743718592	0.8847981707084679	67.38929542418161	-95.01167591625075
4070351.75879397	0.8825840827763285	66.29982050024492	95.76669472441284
4145728.643216081	0.8822478531721022	65.17545297323774	-124.50175953666364
4221105.527638192	0.8816844194387231	64.13928869495476	-26.326463305722566
4296482.412060302	0.8770058294367821	63.22350197170939	40.065195155034566
4371859.296482412	0.8783867902706018	62.114502449369155	85.95391010323324
4447236.1809045235	0.876650236811722	61.130939356659184	121.24490771080532
4522613.065326633	0.8702436330642552	60.41540352013229	156.82095939886742
4597989.949748743	0.8703561798073788	59.356718774416485	-156.45633644859154
4673366.834170855	0.8699525059921565	58.50527489498579	-87.54729315241609
4748743.718592966	0.8745532624991732	57.36685831244464	14.378012876533452
4824120.603015076	0.8742940875602441	56.43245266867508	159.96442560313233
4899497.487437186	0.8741678833334403	55.572407975001965	0.31202217400830223
4974874.371859296	0.8735468080934063	54.70694399136482	-93.9342116024568
5050251.256281408	0.8681624200783562	54.05909426086625	-112.03556791140629
5125628.140703519	0.8668122536191881	53.207137212244746	-43.91785417491648
5201005.025125629	0.8669550295297197	52.37176459085189	121.4250185496146
5276381.909547739	0.8742963505825256	51.38763979532019	33.7167393719661
5351758.79396985	0.8739861027781979	50.62964985816491	63.39945507793828
5427135.67839196	0.8728660565959617	49.88486568452395	-140.08162985874225
5502512.562814072	0.8703019591192035	49.18878102336747	152.84150830571866
5577889.447236181	0.8709698200227285	48.410200536555344	-128.5968454136845
5653266.331658292	0.8743279884495448	47.606858839946135	105.53490783707737
5728643.216080403	0.8788886228447638	46.786066389821485	143.23787340530706
5804020.100502512	0.878787540248746	46.132473889622915	-6.52102581061726
5879396.984924623	0.8757189288229608	45.5414027403695	25.203960488996895
5954773.869346734	0.8763787601345376	44.86575389062568	-114.34483649123813
6030150.753768845	0.8831462001413286	44.0463537230849	-56.24242311269911
6105527.638190956	0.8819313010735355	43.41871748636683	-153.39954672420427
6180904.522613065	0.8771607579312051	42.96236496300918	-38.33657010398901
6256281.407035177	0.8834459395644587	42.17848220876997	-63.72730338750231
6331658.291457287	0.8844732747454063	41.535225032628205	137.73756438334695
6407035.175879398	0.8803080405207145	41.089220088217736	-147.03061338519626
6482412.060301508	0.882191780684882	40.44807068579432	167.87632478115918
6557788.944723618	0.8919243520355675	39.69230192457189	9.575932542965216
6633165.82914573	0.8847630793584251	39.2754176597744	103.42299937761271
6708542.713567839	0.8961815085131999	38.51288316272738	96.31163305598005
6783919.597989949	0.892088345420466	38.11707270136818	-6.713982752309301
6859296.482412061	0.8879322654468176	37.6637905066782	160.69192958799727
6934673.366834172	0.8903192141400732	37.07348791417771	-116.51925512785462
7010050.251256282	0.89977219823632	36.3858424028278	-113.3282245400032
7085427.135678392	0.8925664425753126	36.05870183154727	176.0018747776623
7160804.020100503	0.8947401666281248	35.52312508982973	36.17433662165933
7236180.904522614	0.9003574062846864	34.95060535846168	-167.53749525709748
7311557.788944725	0.9079750180329302	34.35513865990808	-71.31465615708902
7386934.673366834	0.9045589914320648	33.961521227338295	-30.3145631172972
7462311.557788945	0.899553862722028	33.646354765034495	-39.233097856736734
7537688.442211056	0.90966323313556	32.98849495596916	-94.46084328892222
7613065.326633166	0.9012975077205542	32.68204682467659	168.00734973963182
7688442.211055276	0.9116931534749835	32.12710321342193	32.63021695200724
7763819.095477387	0.9174081293277	31.587793758951225	-135.982615933324
7839195.979899499	0.9122740151751491	31.301409937408653	25.399898561616837
7914572.864321609	0.915483474894099	30.79822998785078	161.75259732534275
7989949.7487437185	0.9074039363806072	30.561730922287033	-84.47801318830392
8065326.63316583	0.9183996172445823	30.028111355876792	11.254100053092829
8140703.51758794	0.9101042182124839	29.73834815729347	93.32480102163174
8216080.4020100515	0.9267711115851309	29.104711478557274	164.50953520518496
8291457.286432159	0.920626290567212	28.82334570414188	-131.05636842418545
8366834.170854273	0.913767950066773	28.592283224185714	-69.08410408110684
8442211.05527638	0.9227012244109052	28.122600959234912	-7.303236857726621
8517587.939698495	0.9239429948597082	27.727328733818375	59.927620054053406
8592964.824120604	0.9307319729334287	27.278982626591375	134.11831493055203
8668341.708542714	0.930421984745873	26.944136964138316	-138.72029091659172
8743718.592964824	0.9314300237919073	26.63815644701927	-36.536663198185416
8819095.477386933	0.9277060295844758	26.351858135015323	84.35532635173419
8894472.361809047	0.9217470991025591	26.1043955134465	-130.52405395669945
8969849.246231154	0.9247867617453177	25.756835807849058	41.19032571635714
9045226.130653266	0.9353766299725484	25.29067189877507	-115.88186707452087
9120603.015075376	0.9435033731608624	24.85952121194222	122.40606402590109
9195979.899497487	0.9435257918793981	24.58254191022637	39.814407698974996
9271356.783919599	0.9263824345940652	24.519034413619675	1.1794402257105518
9346733.66834171	0.9319263499661299	24.159280299797267	9.836129438304736
9422110.55276382	0.9505992316693456	23.61806906119433	71.66105454970776
9497487.437185928	0.9293955727998728	23.606477752213113	-169.7157958314798
9572864.321608042	0.9336674101170102	23.287716406786185	10.516706198225542
9648241.206030149	0.9528891046295841	22.744181946488183	-101.22913614013366
9723618.090452261	0.9320154365390534	22.710085236223847	-141.54756475761408
9798994.974874372	0.9370357833384003	22.386506197667835	-103.17649146168276
9874371.859296482	0.9587332978596019	21.89479705170123	18.18782637169368
9949748.74371859	0.958181338704214	21.628059291069395	-130.69489388055263
10025125.628140705	0.960996332222259	21.3372515394238	177.4353581336684
10100502.512562815	0.9466275686977028	21.257848864349942	-132.1416077093174
10175879.396984925	0.9470484690592158	21.011397454376798	29.334861628896846
10251256.281407034	0.9601084611308206	20.61943965751625	-50.604442949608924
10326633.165829148	0.9513418306600834	20.476074072378967	-3.802598307477913
10402010.050251255	0.9526540907325767	20.20864075422656	179.25289918329926
10477386.934673367	0.9701261652352	19.79340186033496	148.73388955964506
10552763.819095477	0.9493728834845634	19.79300941842183	-84.5901691917539
10628140.703517588	0.9515681271211673	19.537568746718357	-149.35940059019606
10703517.587939696	0.9737681678521214	19.095808559198346	-32.11636372536036
10778894.47236181	0.9710736107799458	18.896592869539308	-76.82121931446464
10854271.356783917	0.9531479950045934	18.844665836014855	91.69485365355655
10929648.24120603	0.9763204358835397	18.40300893479132	135.2181901766759
11005025.125628144	0.9668630667091341	18.292767734254856	75.87660279154699
11080402.01005025	0.9782251519191504	17.992826635023174	-61.91285275745109
11155778.894472362	0.9623933046072853	17.909533540507415	117.5821500416351
11231155.778894473	0.9749069394858958	17.614438384399566	-69.36610098809179
11306532.663316583	0.9796983975579805	17.343665516032406	152.93630578434232
11381909.547738692	0.9879290607924497	17.082424646745103	130.36444021106135
11457286.432160806	0.9744937292593405	17.030909578133596	-35.77852945249631
11532663.316582913	0.990827472168481	16.66739555357585	179.07585582044524
11608040.201005025	0.9684275972756573	16.702899432288156	41.173431155719996
11683417.085427135	1.0066084662718313	16.18571286216989	54.26876183155291
11758793.969849246	1.007098740660332	16.005577525041357	45.71995757482046
11834170.854271354	1.0362535768490244	15.594799868954606	-162.60346393955285
11909547.738693468	1.028259900431217	15.481098716933802	-80.82890277732793
11984924.623115579	0.9689066520511894	15.76978976491081	134.7205243568959
12060301.507537687	1.0058291177531942	15.30868005069638	-115.33110284835783
12135678.391959801	0.987564876030294	15.303033819169094	-36.48627095430894
12211055.276381908	1.0446209895438188	14.699268060101398	71.49205484576295
12286432.16080402	0.9540353693663102	15.211285532447105	-108.77585732437899
12361809.04522613	0.9501017306304773	15.090400612370443	179.14686894404352
12437185.929648241	0.984233981439781	14.65355795143788	-113.38238546219569
12512562.81407035	1.0471879174523298	14.052469500888126	117.94968122567208
12587939.698492464	1.0114570905877813	14.136325666247703	177.74078072563606
12663316.58291457	1.0189672144808015	13.943187404122234	86.03797931396394
12738693.467336686	0.9719703682862095	14.107840535534171	-139.6083461287036
12814070.351758793	0.9525706097682023	14.101994747073318	-122.7928584288754
12889447.236180907	1.0420873002870228	13.33627329332116	152.09432652224447
12964824.120603016	1.006287250073626	13.444111813603318	-19.72516251456849
13040201.005025126	1.0012173967004068	13.317864325569733	94.23687064283432
13115577.889447236	0.9581451079344513	13.447241066928198	145.94486294826172
13190954.773869345	0.9887164499183753	13.098665872292175	148.08010527086103
13266331.65829146	0.9848078059907668	12.995243121563874	111.78985065400765
13341708.542713566	1.0133970708843896	12.670565437200938	46.16577508384641
13417085.427135678	1.0279375781128492	12.444365344030194	-37.32787573777076
13492462.311557788	1.0427739264728246	12.230336605292852	-129.26911603466286
13567839.195979899	1.0337398944314604	12.134447802469927	139.70145933914503
13643216.080402011	1.0056453094266413	12.17652420119004	57.39169717425152
13718592.964824121	0.9968470024491033	12.109799816774027	-6.771997852356094
13793969.849246232	1.035865721577664	11.753673516633647	-44.21312245282593
13869346.73366834	0.9588109004601434	12.079399940470923	-48.34710996119645
13944723.618090454	1.0083239942741975	11.658744625313368	-10.184952878285948
14020100.502512561	1.0403860454704812	11.33496454068351	77.13232697223205
14095477.386934673	0.9766643047887232	11.565399543721378	-139.01119287613744
14170854.271356784	0.9845869640046645	11.398347979228575	67.70905787683338
14246231.155778894	1.003019352436595	11.188815604813811	-15.908354893606795
14321608.040201003	0.9612923181753926	11.306743221168894	-22.568771605506733
14396984.924623117	0.9652279561221087	11.149836117627757	53.95313815490008
14472361.809045224	0.9636737026465195	11.024815048522905	-168.50126274648647
14547738.69346734	1.0287969164187054	10.56609937289843	18.669305825897908
14623115.577889446	1.0011198939387211	10.597414757408687	-50.71371977305095
14698492.46231156	1.0319423464826079	10.32507614763341	-11.483372138707741
14773869.346733669	1.0240488804043737	10.24117349676477	141.2028935530097
14849246.23115578	0.9780691681145183	10.385101585536756	47.46000729503403
14924623.11557789	1.03328454571847	9.998994237773411	72.79833981240323
14999999.999999998	0.963362873613211	10.241848301103273	-131.0158995732134
