0.0	0.8465371888998376	140.41527485672165	0.0
25125.628140703517	0.7502741691146779	135.12964516791212	63.23846218885032
50251.25628140703	0.6657372571015028	130.0392322690693	127.42961646349492
75376.88442211055	0.5919323391740587	124.89850291726093	-169.03533794938312
100502.51256281407	0.5290805032848895	118.40706355093347	-106.44959441842542
125628.1407035176	0.4789806828575725	109.78203896879644	-50.001488168259485
150753.7688442211	0.443340996587666	99.69843119040655	-11.071500274517126
175879.39698492462	0.4223771485042958	89.12031197299096	0.9956552930660715
201005.02512562813	0.41493176877982707	78.61154548228743	-16.405402909666627
226130.65326633168	0.41897525439674693	68.7554332684476	-60.17536396307139
251256.28140703513	0.4317268934498016	60.498809659479996	-125.6900369711292
276381.9095477387	0.4499077699924415	54.4073961599398	141.22948220015422
301507.5376884422	0.4712791603855711	49.120393340864	44.96474671680034
326633.1658291457	0.49509004281396074	43.343504433547885	-37.9522666387462
351758.7939698493	0.5206054740787759	38.523656465499705	-124.95862660186148
376884.4221105527	0.546366668264928	35.73461513618545	92.42584206935699
402010.05025125627	0.5716902880948769	32.89849218971688	4.067497058541501
427135.6783919598	0.5966220432373041	29.269256074177846	-64.6681945308208
452261.30653266335	0.6209710620918343	26.83435323494657	-148.52528094728638
477386.9346733669	0.6442098485766485	25.75258276530668	38.73861774045548
502512.56281407026	0.666285144412911	23.948609275499305	-19.457944433744245
527638.1909547738	0.6874172881544677	21.382600403077706	-69.69104727472143
552763.8190954772	0.7074991504669885	19.94381358936258	-92.33231947045195
577889.4472361809	0.7264484104808188	19.64649690905097	14.422155134313924
603015.0753768843	0.7441326774995126	18.649089453707802	-24.423864089653616
628140.703517588	0.7609362632734621	16.665559025270294	-61.90540867564647
653266.3316582914	0.7767315254696193	15.305590718640227	-73.27382411324126
678391.9597989948	0.7915206521624861	15.281537319343228	-5.386103511283891
703517.5879396984	0.8054000720015879	15.141923325104171	-22.435352642248958
728643.216080402	0.8182888913420858	13.865558632037747	-51.762353757785434
753768.8442211054	0.8304839045023248	12.24709855402237	-71.0111057498813
778894.4723618089	0.8419468097489138	11.765446082528081	-44.35659600478338
804020.1005025125	0.8525914037162531	12.179954222473386	-24.727831708294495
829145.728643216	0.8624436826749045	11.983964692583504	-42.16854455613176
854271.3567839196	0.8717032705736062	10.706820242852697	-63.561776022303754
879396.984924623	0.8805149100504086	9.385592252499492	-70.36013549308028
904522.6130653265	0.8886254886504881	9.276762935568389	-46.907816442491765
929648.2412060301	0.8961213142904033	9.85181957304402	-39.81125198967834
954773.8693467336	0.90319928548281	9.74836604334327	-54.04989076622134
979899.4974874371	0.9098211301895318	8.61494373703539	-70.11507234142998
1005025.1256281405	0.9159481145081109	7.375090393266804	-73.16391602243945
1030150.7537688442	0.9215910598369499	7.296810029150811	-57.10252095513498
1055276.3819095476	0.9269053458819801	7.9916527128127	-51.94031516519119
1080402.0100502511	0.9320319506599082	8.115213271099028	-62.69260324274349
1105527.638190955	0.9365096103115309	7.216258742338756	-75.69427660314058
1130653.2663316582	0.9409133386241089	5.957443327936183	-79.1200682782631
1155778.8944723618	0.9449021099346034	5.651607673356342	-68.55848961811436
1180904.5226130656	0.9487165952790613	6.376822293587103	-62.94126050952753
1206030.150753769	0.9523285107395908	6.815601487636544	-70.30320616484045
1231155.7788944724	0.9555430923425622	6.2606386096875495	-81.32376830281403
1256281.407035176	0.9586751002445222	5.0445180359028665	-86.18698281127473
1281407.0351758793	0.9616168924603089	4.3511507636072055	-80.01700704078453
1306532.6633165828	0.9641620653457772	4.912189165931303	-73.84481509399748
1331658.2914572866	0.9667596362934147	5.637460986870704	-77.90509319871033
1356783.91959799	0.968612823861137	5.530868790791295	-87.14074362606941
1381909.5477386934	0.9707367328227802	4.539243278536436	-93.31853061206272
1407035.1758793972	0.9732013009076655	3.4849404070022203	-90.95415707078715
1432160.8040201007	0.9745364482287365	3.6109176650372095	-85.05023968606592
1457286.432160804	0.9767537792819644	4.472996534375559	-86.02192686700285
1482412.0603015076	0.9778834201951758	4.832438960199059	-93.2083466048317
1507537.688442211	0.9799155765791804	4.2593417637091795	-100.10610962424263
1532663.3165829144	0.980684461175788	3.1206538290046777	-101.01873929160293
1557788.9447236182	0.982113916937767	2.57416263041101	-96.5236379940474
1582914.5728643218	0.9839287113897813	3.292518291285255	-94.9664546691321
1608040.201005025	0.9842315815239716	4.034548434002633	-99.6599306885004
1633165.8291457286	0.985397320030303	3.9976525173366833	-106.4484533294633
1658291.4572864324	0.9871449447279624	3.140356462127059	-109.95517721348419
1683417.0854271357	0.9877504157126943	2.0727846954703466	-107.9267570362341
1708542.7135678392	0.988995681201764	2.132589606830476	-104.97195865560467
1733668.3417085425	0.9898648308026323	3.0487119214304665	-106.76290501395802
1758793.969849246	0.9898413117721009	3.557547808898387	-112.38808347189723
1783919.5979899499	0.9906166152701402	3.2605159379545734	-117.53208747505731
1809045.2261306534	0.9916853512077135	2.296548310414639	-118.63444877766878
1834170.8542713567	0.9913513653636477	1.3594258145354192	-116.20312753199204
1859296.4824120603	0.9916356158637767	1.8115400572210356	-115.17792206480863
1884422.110552764	0.9938499638435331	2.726248945491375	-118.24737921764483
1909547.7386934676	0.9938748759750756	3.12862356964246	-123.44068296407465
1934673.3668341709	0.9951052015347641	2.817459234729044	-127.43018327129221
1959798.9949748742	0.9946048513570057	1.9279019705334643	-128.0796679742356
1984924.6231155777	0.9950086857413992	0.8754231435195245	-126.39913274789403
2010050.2512562815	0.9939742987718433	1.1697894056756784	-125.83923180546829
2035175.879396985	0.9956058715405408	2.144393869793412	-128.17090834276487
2060301.5075376884	0.997266612911289	2.7682762854125214	-132.3105938968739
2085427.135678392	0.9975205537210018	2.917684308680956	-136.35850895779626
2110552.763819095	0.9959045423793031	2.626026050175315	-138.95367226004578
2135678.391959799	1.0052489553878425	2.0603480650212553	-139.95544186538936
2160804.0201005023	1.0016513096048323	1.3969651268379393	-140.43307009911743
2185929.648241206	1.0012175310717881	0.6090375688819141	-140.34496676442222
2211055.27638191	0.9982435510779679	0.48010885229255296	-140.7522058200869
2236180.9045226136	0.9959624398503241	1.171154543577542	-142.90428706475222
2261306.5326633165	0.9958857962718415	1.5118867684883552	-146.23313193707696
2286432.16080402	1.0007016915484308	1.3000627380942271	-148.4010167359352
2311557.7889447236	0.9970797937804353	0.5690507816804932	-148.1706698202678
2336683.4170854273	0.9956642917497982	0.423026483712748	-148.36635269989762
2361809.045226131	0.9999821813101046	1.121384264413579	-151.51328160864546
2386934.6733668344	0.9988297301715153	1.201259493660139	-154.74752421784055
2412060.301507538	0.996231534735126	0.5954848364413485	-154.61250099256634
2437185.929648241	0.9961569965803093	0.37677951718265257	-154.6114121178992
2462311.557788945	1.0000935060581873	1.0391197792985134	-158.36303305195352
2487437.185929648	0.9965101511529761	0.9837580578669841	-161.04694825662207
2512562.814070352	1.0001411569345866	0.2614496147211815	-159.8581111711224
2537688.4422110557	1.0000936047773135	0.6688404295234643	-161.74003255389337
2562814.0703517585	0.997215777681997	1.0217358906648053	-166.25197425794642
2587939.6984924623	0.9987714418464246	0.5603387394830397	-165.94298216585923
2613065.3266331656	1.002795475243833	0.3793384141319684	-165.86461025319323
2638190.9547738694	1.002205472186857	0.9217648476169531	-171.1980836718949
2663316.582914573	1.0020421622376934	0.6860068376891985	-172.28726927151655
2688442.211055277	1.0022370676029404	0.22936722749661134	-170.65676996211738
2713567.83919598	0.9978176890893241	0.8302238802671771	-176.9733476088704
2738693.467336684	0.9976943178747651	0.7128521521653164	-179.74197219521602
2763819.095477387	0.9987081647544979	0.20369015963292644	-176.31245019548052
2788944.7236180906	0.9990147121688727	0.763205930972573	173.99449063608085
2814070.3517587944	0.9977489656477553	0.6950269302662752	165.32815083342956
2839195.9798994977	1.001552541274302	0.2174234140538055	171.86525522726419
2864321.6080402015	0.9989259956438943	0.7224124641189911	117.79222611785299
2889447.2361809043	1.0013245314821455	0.6508486633974809	24.67898785758979
2914572.864321608	0.9981045763732406	0.24920106017576832	4.217095806512786
2939698.4924623114	0.9985280499500239	0.7164343110051968	8.889424340405295
2964824.120603015	0.9990108044131403	0.5906904315952425	0.847307348400546
2989949.748743719	1.0001461994659129	0.2930934828030748	-4.098264897217787
3015075.376884422	1.0014189907594147	0.699979578547311	-2.373800505695666
3040201.0050251256	1.000306420050485	0.5202211963035723	-7.011146451952155
3065326.633165829	0.9986459893971481	0.35817161873230685	-9.33970312848079
3090452.2613065327	1.0005995008851545	0.6979349520282805	-9.110450195083159
3115577.8894472364	1.00151999108346	0.44312142465574006	-12.840883981000703
3140703.51758794	1.0014674622570985	0.42326047199178196	-14.096419504351624
3165829.1457286435	1.0005739949548842	0.6700876157746412	-14.854497318622505
3190954.7738693473	0.9986801332641483	0.368241851009994	-17.96994255877822
3216080.40201005	1.0012510462962385	0.4987981397709563	-18.754352152083246
3241206.030150754	0.9996803979133619	0.6305308414354812	-20.228341660185414
3266331.658291457	0.9987793384768968	0.331532724227884	-22.762836368847925
3291457.286432161	0.9989526891554045	0.550943236396261	-23.45412662609724
3316582.914572865	0.9988946188820769	0.5746742119633776	-25.40069104545837
3341708.5427135676	0.9991613858167303	0.3250394982837666	-27.386606010421723
3366834.1708542714	1.0006794679795	0.5893503508361341	-28.25364837143126
3391959.7989949747	1.0002998735935444	0.49823528206695294	-30.420332383028715
3417085.4271356785	0.9993569727474103	0.3812593811524333	-31.9593952330568
3442211.0552763822	1.0005675300313854	0.5997910328960802	-33.148594240910896
3467336.683417085	0.9999381684093804	0.4342799223272251	-35.30717302623101
3492462.3115577884	0.9992848022048086	0.4391550584721515	-36.572439234407305
3517587.939698492	1.0006072911213995	0.578766415464549	-38.1087127395067
3542713.567839196	1.0007140256901417	0.38152917834311917	-40.09440799583427
3567839.1959798997	1.0000516909251813	0.5001642265509142	-41.285715523280686
3592964.824120603	0.9995796284047435	0.546331867961405	-43.08843954356638
3618090.452261307	0.9994147116217131	0.3720431455763932	-44.83108557347487
3643216.0804020106	0.9994172519922148	0.540962745339745	-46.119523974204924
3668341.7085427134	0.9995423713752979	0.4849038492556843	-48.04983781425733
3693467.336683417	0.9998394070692781	0.40084762521934447	-49.5780690180696
3718592.9648241205	1.0002890204556794	0.5512302790659576	-51.061176456138654
3743718.5929648243	1.000617718390643	0.44100720376821434	-52.97484618805796
3768844.221105528	1.000357776246613	0.447131186137357	-54.387884272706195
3793969.849246231	0.9996358608325483	0.5466426115429669	-56.07280937471235
3819095.477386934	0.9995439557263508	0.40171710210105105	-57.871275910412585
3844221.105527638	1.000351028546356	0.4880830533233057	-59.290873207322896
3869346.7336683418	1.0003185894498572	0.5117523103754047	-61.11308834789301
3894472.3618090455	0.9995180769118355	0.39856145282180394	-62.76829462116781
3919597.9899497484	1.0001197800505373	0.5236469680223282	-64.28878165845948
3944723.6180904517	1.0003094492246294	0.47687865289268927	-66.14983463455876
3969849.2462311555	0.9995512232893258	0.42254754208665596	-67.70050388713949
3994974.8743718592	1.0003429507214576	0.5241436963375488	-69.35892840641675
4020100.502512563	0.9998970343059382	0.44032108722433433	-71.17123653400881
4045226.1306532663	0.9998961034495625	0.44933673408824093	-72.69338042828497
4070351.75879397	1.0002620126059436	0.5231199854541492	-74.46614142264693
4095477.386934674	0.9996707176429371	0.4211809310254616	-76.18478128833227
4120603.0150753767	1.0003632085670109	0.48604748692745897	-77.753004554928
4145728.64321608	0.9996510715526199	0.4934695452413619	-79.57737973895178
4170854.271356784	1.000339555073961	0.42143491745567524	-81.20876882586565
4195979.899497488	0.9996904642700605	0.4975049866820022	-82.8650888548238
4221105.52763819	1.0003028180553177	0.46921255213605584	-84.67206845140731
4246231.155778894	0.9997150785141594	0.4414876502542161	-86.26015905259652
4271356.783919598	1.0002897135666953	0.5049700611853579	-88.00239478332935
4296482.412060302	0.9997235159997365	0.4499129361556404	-89.74527826379172
4321608.040201005	1.0002786944747428	0.4590562749026563	-91.3451231398406
4346733.668341708	0.9997435015516908	0.4925114314254131	-93.13490303549973
4371859.296482412	1.0002433259438206	0.4346954926305507	-94.80403149726986
4396984.924623116	0.9998026849887413	0.48392644410341695	-96.45491918460726
4422110.55276382	1.0001532641040727	0.4753329407510698	-98.24001197306602
4447236.1809045235	0.9999246665979347	0.44933741390574594	-99.8589298181867
4472361.809045227	1.0000078532738073	0.4878190538984442	-101.5693765403176
4497487.437185929	1.000076831214833	0.45756432123092317	-103.30747757372505
4522613.065326633	0.9998675174054619	0.45427862282610026	-104.91572158674727
4547738.693467336	1.0001851706270064	0.48851856150812406	-106.66427814484162
4572864.32160804	0.9998117482224236	0.4470839583891474	-108.33850664638844
4597989.949748743	1.000172585362856	0.47681326051263095	-109.97073783920838
4623115.577889447	0.999895712441156	0.4800892392733615	-111.71956376256738
4648241.206030151	1.0000327187465219	0.44308128291674465	-113.34047021540678
4673366.834170855	1.0000593836764038	0.4841911090192398	-115.01151223790795
4698492.462311558	0.9998851986495122	0.4609017833970957	-116.72446270769393
4723618.090452262	1.0001556688949664	0.45443663160108044	-118.32056138072934
4748743.718592966	0.999863369327249	0.48742819900202833	-120.02128813935266
4773869.346733669	1.000096853107442	0.4584356401307582	-121.67878551434133
4798994.974874373	0.9999870203163138	0.462121996236393	-123.28086509887078
4824120.603015076	0.9999455781906483	0.4851758341277906	-124.9852304977967
4849246.231155778	1.0001172063762327	0.4432087061793492	-126.59008460361966
4874371.859296482	0.9998792242661946	0.4745105933480136	-128.21713118861487
4899497.487437186	1.000100269787368	0.47294214865564704	-129.89568363664694
4924623.11557789	0.9999686506395382	0.4543077493638698	-131.46869125355488
4949748.743718593	0.9999726883740361	0.48196780147496676	-133.12130694958066
4974874.371859296	1.0000893181407713	0.46470731610520877	-134.75438870567163
5000000.0	0.9999000021835812	0.45610250549491865	-136.32340369536212
