0.0	1.6400132872187831	110.56143677509242	0.0
25125.628140703517	1.5553799731588602	106.49655757294511	13.470647735755062
50251.25628140703	1.4806433531169378	102.43190169644285	24.627700644958498
75376.88442211055	1.4148601904394935	98.46905464459758	33.06731206344815
100502.51256281407	1.3570798005495517	94.58019560696033	38.48797951857619
125628.14070351757	1.3064295150464054	90.79364399761405	40.66750706223161
150753.7688442211	1.2621847592081	87.07940804753729	39.43690310989353
175879.39698492462	1.2236385356035342	83.39741418494799	34.66681786438605
201005.02512562813	1.1902920549219334	79.7159756774982	26.263357483376673
226130.65326633168	1.161593111472815	76.02457294319672	14.18444373229234
251256.28140703513	1.1371244083182384	72.27416768266174	-1.5419009394350744
276381.9095477387	1.116380153007647	68.51205202370566	-20.787807456034468
301507.5376884422	1.098977535175002	64.81207743929856	-43.29192008198683
326633.1658291457	1.0844515389251546	61.32348843539862	-68.7392137175522
351758.7939698492	1.0722460458425622	58.23922195124128	-97.18785163033877
376884.4221105527	1.0618059928133055	55.78828591058872	-130.02074699232145
402010.05025125627	1.0526829574735672	54.017197209822086	-171.0205630841445
427135.6783919598	1.044432078291332	52.78598957024203	137.69629774396142
452261.30653266323	1.0372197676064339	51.71751485012186	87.46525768171728
477386.9346733669	1.0306453114706762	50.42604599346927	46.47256143407051
502512.5628140704	1.0249282108706594	48.593676451128445	10.266402551434368
527638.1909547738	1.0196231236840176	46.15508409130397	-25.275291242365757
552763.8190954775	1.015879497038172	43.35292803834195	-60.851627304103026
577889.4472361809	1.0125336957003004	40.74135311474968	-96.12361242478033
603015.0753768845	1.010778126157472	38.87215443984673	-136.98371442177168
628140.703517588	1.008729356828477	37.92425579541628	128.81410698736065
653266.3316582914	1.006878987957476	37.46179508060312	48.60482630025524
678391.959798995	1.0051089766789567	36.84798981995362	13.428606078507961
703517.5879396984	0.9984498461199861	35.808057212867816	-9.52012377243411
728643.216080402	0.9958775693244725	34.190436041420575	-36.048577147209905
753768.8442211054	0.9938211932607014	32.045609828177035	-65.23989058595099
778894.4723618091	0.9946191926557677	29.794988671136625	-92.38025031159948
804020.1005025125	0.9935839375097644	28.18163566185977	-113.26733386245753
829145.7286432162	0.9953129768375873	27.479976674897763	-3.755745146788821
854271.3567839196	0.9951766863939557	27.429351553335508	3.004398928506396
879396.984924623	0.9930451759753867	27.25045652827515	-20.055989172813298
904522.6130653267	0.9952559489660338	26.281877850628256	-47.38082984111544
929648.2412060301	0.9950756220355775	24.58380053501338	-74.5315717143503
954773.8693467338	0.9939007615159192	22.667977352346153	-95.37091659176524
979899.4974874371	0.9932418638174638	21.34572642689041	-94.45985943224541
1005025.1256281408	0.9942924064554391	20.996266366269076	-32.87197458175484
1030150.7537688442	0.9955829248418067	21.2156736742098	-27.37284734751449
1055276.3819095476	0.9952501437450338	21.223528408512575	-44.398634425013874
1080402.0100502511	0.995710205362275	20.4495572892495	-66.32543518718342
1105527.638190955	0.9963592874046237	18.947461935379	-86.48555007289255
1130653.2663316582	0.9965806413355874	17.237893200895673	-98.16700549564158
1155778.8944723618	0.9949398796848845	16.052066237916165	-89.49081626387486
1180904.5226130656	0.9956235969118831	15.751877045121129	-58.48383014831576
1206030.150753769	0.99521546340323	16.091628734513765	-48.45976843933143
1231155.7788944724	0.9985917628798028	16.495249018594734	-54.27417220165424
1256281.407035176	0.9978329256783386	16.658415282715595	-63.14132329693686
1281407.0351758793	1.0004119423266362	16.346785860463307	-76.9235860953473
1306532.6633165828	0.9979316205758488	15.370753909861932	-93.40234924184657
1331658.2914572866	1.0002445315345314	13.822638369721243	-104.67694811579372
1356783.91959799	1.0024518252140955	12.586104816110645	-93.62509046198164
1381909.5477386934	0.9978292217959328	12.536612524691117	-68.07296195735776
1407035.1758793972	1.0030334093235362	13.046707200958936	-74.46382230849203
1432160.8040201007	1.0002282443815949	12.860110421553522	-95.71163772002356
1457286.432160804	0.9956629563420606	11.586760839243407	-109.80129384437768
1482412.0603015076	1.0026618539732473	10.54930106080851	-89.46794268136803
1507537.688442211	1.003182216551942	10.92741977482198	-79.2476892360958
1532663.3165829144	1.003950142163802	11.134133578336241	-99.2289989914363
1557788.9447236182	1.0021802409087335	10.033092465368497	-114.20709864066069
1582914.5728643218	0.9983069570451346	9.147382093425913	-92.65978445041728
1608040.201005025	1.0035208797063324	9.649785550020987	-90.81606636435095
1633165.8291457286	0.9991294171853077	9.599521886902744	-112.5652809429765
1658291.4572864324	1.0011231573608166	8.34097421829352	-113.36200205766373
1683417.0854271357	1.00000429882573	8.194832293014699	-93.3460421238662
1708542.7135678392	0.9989982895290592	8.726191233617612	-109.72845514021031
1733668.3417085425	1.001668571331488	7.816911959766349	-122.51330486552277
1758793.969849246	0.9990817299251364	7.109108517324473	-101.53314239124462
1783919.5979899499	1.00257912822712	7.740194774226575	-110.32023377806684
1809045.2261306534	1.0012069706428761	7.2499318385346925	-127.06616345207843
1834170.8542713567	1.0015929513129742	6.293755058390554	-109.74541172395828
1859296.4824120603	1.0006661951073366	6.886047905583088	-113.68456377552023
1884422.110552764	1.0024827917437638	6.6173654561162785	-131.06625724566777
1909547.7386934676	1.0018470757136273	5.599765446619284	-116.01233925089068
1934673.3668341709	0.9988113108272637	6.1698005559468925	-118.74882717289712
1959798.9949748742	1.0004716247698027	6.0027313807476785	-135.41746512318278
1984924.6231155777	0.9986293804374327	5.002894608578309	-120.56548603332918
2010050.2512562815	0.9979119157505406	5.579735265972167	-124.90438826866767
2035175.879396985	0.9994497608915986	5.37729389757238	-139.88728318821086
2060301.5075376884	0.9988497524985475	4.449624295462705	-124.2197281062675
2085427.1356783914	0.9989585709124457	5.102609810968951	-131.87300616077016
2110552.763819095	0.9986029604835858	4.7794620740178795	-143.89876543565964
2135678.391959799	1.0001203650490795	3.9733212408028855	-127.86794381599468
2160804.0201005023	1.0011476188096777	4.679370130992012	-139.44595032102342
2185929.648241206	1.0000665470369874	4.171044109741605	-146.74433710610987
2211055.27638191	0.9991708732858959	3.6093654625876295	-132.35091978480187
2236180.9045226136	0.9998242406575121	4.319059391243897	-147.30851320850863
2261306.5326633165	1.001333619947029	3.581482488182704	-147.92930433223026
2286432.16080402	1.001058623468474	3.3371335586302835	-138.25025160543785
2311557.7889447236	0.9996004422101444	3.936124469475676	-154.9514794992875
2336683.4170854273	0.9992493167158406	3.035548150984504	-147.70957992438238
2361809.045226131	1.0003916838016917	3.186429792327064	-145.68604599729645
2386934.6733668344	1.0006924460107067	3.527863331273456	-161.6075485224842
2412060.301507538	0.999304124834674	2.554448526511816	-147.5213014890926
2437185.929648241	0.9990519043809931	3.0741924364031816	-154.45509777215386
2462311.557788945	0.9991797796287308	3.0739793100838813	-166.21996279703757
2487437.185929648	1.0002131734040076	2.2268804106833677	-149.31570276250804
2512562.814070352	1.0009963334129584	2.9648890374657513	-164.14757404601954
2537688.4422110557	0.999303685299764	2.5717156643264083	-167.46838288973535
2562814.0703517585	1.0004463303427278	2.065700350126876	-154.2320777707542
2587939.6984924623	0.999499782181158	2.8011262136602517	-174.3276445817305
2613065.3266331656	1.0007961662667133	2.071874354631895	-164.70813407013748
2638190.9547738694	0.9993199973446372	2.057930722806707	-162.48440355083014
2663316.582914573	0.999626454601161	2.5493774830680564	175.339157294999
2688442.211055277	1.000607237426896	1.6332838223341168	-159.82570935571212
2713567.83919598	1.0007678762902712	2.106451447204419	-174.46464323636891
2738693.467336684	1.0004825815514413	2.2019368952565173	164.38998295981608
2763819.095477387	1.0003026555807815	1.354309562255475	-156.7222937398438
2788944.7236180906	1.0002952456088783	2.123589509349542	165.95554299810496
2814070.3517587944	1.0003814644295863	1.7909061052115647	135.62768741629492
2839195.9798994977	1.000600792017768	1.3090001348492766	-156.7984826935243
2864321.6080402015	1.0005994329859142	2.0428050396962045	102.3301195438472
2889447.2361809043	1.0002151095550071	1.340707009263652	-9.857377787286568
2914572.864321608	0.9995605945700523	1.4140820527913605	5.295741884724871
2939698.4924623114	0.9995227177267435	1.8646567163006549	20.03840219677403
2964824.120603015	1.0002585348920967	0.9668287881602194	-15.945233313433533
2989949.748743719	1.000420909072555	1.5362468029276855	6.737272929253712
3015075.376884422	0.9996272994774801	1.5603207668473635	-1.6525125752154075
3040201.0050251256	0.999847918959927	0.7831671862545638	-15.828891162423108
3065326.633165829	1.0004612611632275	1.5936515995155347	-0.8342899195081845
3090452.2613065327	0.9996703562214286	1.19672391094428	-12.713276603756027
3115577.8894472364	1.0000224714314183	0.867472893706577	-15.095580620503604
3140703.51758794	1.0002658372570246	1.5332264315991222	-9.108012707546976
3165829.1457286435	0.999604931742785	0.7955257565547587	-19.61260607142223
3190954.7738693473	1.00038792084896	1.0516346530393355	-16.210219499208726
3216080.40201005	0.9997033721024968	1.3611029031780397	-17.104407409396106
3241206.030150754	1.0001908211116621	0.47592210032300264	-23.98873254137148
3266331.658291457	0.9998995654220703	1.2027559710551106	-19.627615131859777
3291457.286432161	1.0000125975799103	1.0919312425713044	-24.27299670741844
3316582.914572865	1.0000251378832203	0.4522326310480928	-27.091874825290024
3341708.5427135676	0.9999492871146133	1.2386272555227626	-24.713088263871505
3366834.1708542714	1.0000682849398332	0.7534613550766643	-30.30742306337641
3391959.7989949747	0.9999504713664702	0.6735720756057826	-30.1284676355594
3417085.4271356785	1.0000346245338925	1.1804213574299842	-30.617391161148227
3442211.0552763822	0.9999982957908093	0.3961084246029561	-35.20962404505333
3467336.683417085	0.9999528250381814	0.8722612241586638	-33.881456140079585
3492462.3115577884	1.0000859799077841	1.0031076999327033	-36.630487030910245
3517587.939698492	0.9998642484369358	0.16611552424486226	-39.321589220689184
3542713.567839196	1.0001813672665074	0.9948162273900406	-38.531460355306564
3567839.1959798997	0.999790321801764	0.7552011203943652	-42.275973698305016
3592964.824120603	1.00022394693907	0.37318094896257115	-43.19926242198134
3618090.452261307	0.9997913469749549	1.005737865958025	-43.83800849597914
3643216.0804020106	1.0001689604460644	0.4571212244592905	-47.35100267132559
3668341.7085427134	0.9999001035595367	0.607431715644643	-47.34655865080966
3693467.336683417	1.000024498690772	0.9193168991532317	-49.409346422174394
3718592.9648241205	1.0000589011960805	0.13862773850947285	-51.931005531531035
3743718.5929648243	0.999870561952745	0.7788933408483414	-52.00753200816316
3768844.221105528	1.0001671566036394	0.7495442772485834	-54.88887677190101
3793969.849246231	0.9998350267029826	0.15749308477952492	-56.292552178608354
3819095.477386934	1.0001219311460088	0.8437445212548427	-57.1434563297511
3844221.105527638	0.9999489307941491	0.525724137174431	-60.066926945640326
3869346.7336683418	0.9999676487831998	0.41420335238327255	-60.75518432701902
3894472.3618090455	1.0000998287453693	0.8250825045925593	-62.54233030927708
3919597.9899497484	0.9998645802132503	0.28396117283392996	-64.92257111921724
3944723.6180904517	1.0001287959383036	0.5975077960428216	-65.52532237782958
3969849.2462311555	0.9999190002595062	0.7282949581713041	-67.9554609277439
3994974.8743718592	1.0000078445326082	0.14655915875683367	-69.59448134796706
4020100.502512563	1.0000650169931147	0.7081357900390278	-70.63117180640266
4045226.1306532663	0.9998924022805896	0.5648294695005164	-73.20189574997653
4070351.75879397	1.0001108546559443	0.30419701818268025	-74.28725231651153
4095477.386934674	0.9999272573706154	0.7376331216615865	-75.95783727453839
4120603.0150753767	1.0000125118771108	0.39419040530137933	-78.22428432210805
4145728.64321608	1.0000513974334828	0.47062699149515036	-79.16080056601817
4170854.271356784	0.9999101773263284	0.6947426551786045	-81.3313751524798
4195979.899497488	1.0000930411152182	0.24596550848872267	-83.08707242083327
4221105.52763819	0.9999432593529811	0.5978059948047851	-84.26379591849332
4246231.155778894	1.000001129568154	0.5956306723869205	-86.60286967455771
4271356.783919598	1.0000535432822666	0.2665726309579069	-87.92185263811632
4296482.412060302	0.9999198622802044	0.6602586285012324	-89.53478661298139
4321608.040201005	1.0000720984851137	0.46607279175821037	-91.70341646547213
4346733.668341708	0.9999668334926118	0.38628059789656705	-92.85000590743259
4371859.296482412	0.9999852226255334	0.6517354050944466	-94.8516493658924
4396984.924623116	1.0000545308681539	0.34822020596980124	-96.65607518699781
4422110.55276382	0.9999318812286785	0.5027161558015485	-97.9244994740839
4447236.1809045235	1.000052548440888	0.6068424696840592	-100.09461112539917
4472361.809045227	0.9999868096074179	0.29869603099560327	-101.54579834012941
4497487.437185929	0.999970574300612	0.5767814573521142	-103.11625331006235
4522613.065326633	1.000056795492459	0.5085365320343098	-105.1947341674776
4547738.693467336	0.9999448520451837	0.35082858724720256	-106.46574665628226
4572864.32160804	1.0000292768923649	0.6034079152694907	-108.3410534305485
4597989.949748743	1.0000082364436185	0.42387102562916806	-110.15239140138068
4623115.577889447	0.9999619623675188	0.4398977787791826	-111.46914356522616
4648241.206030151	1.0000491376368712	0.5817697464605525	-113.50481174093538
4673366.834170855	0.9999629178836589	0.35930132270277965	-115.02305251307915
4698492.462311558	1.0000102380465365	0.5080994254685647	-116.54938792708421
4723618.090452262	1.0000208601163583	0.5293618939888987	-118.54421191777253
4748743.718592966	0.9999596359957511	0.36171782630780025	-119.88080170855922
4773869.346733669	1.0000405985050882	0.5582499021323324	-121.65196803856459
4798994.974874373	0.9999797802771971	0.45985435171619604	-123.44784196943962
4824120.603015076	0.9999919522890008	0.4142061131986644	-124.77953772948021
4849246.231155778	1.0000309281797966	0.5521435007749892	-126.70552100824828
4874371.859296482	0.9999641433843819	0.4046154533702159	-128.25268961511833
4899497.487437186	1.0000246847979117	0.47154579889412807	-129.73074901869262
4924623.11557789	0.9999972274219936	0.5345421010385415	-131.6548904354912
4949748.743718593	0.9999824004262975	0.38592348883111827	-133.02076071282227
4974874.371859296	1.000029788184075	0.5169312182659912	-134.70513184548227
5000000.0	0.9999729814544249	0.48303051747055176	-136.4830583532124
