0.0	1.751066062542425	139.13496807698212	0.0
25125.628140703517	1.6083653775846842	135.49218939905683	29.860539742511158
50251.25628140703	1.4793749933313791	131.88556539641826	60.5418932960183
75376.88442211055	1.3627915450313908	128.57172979646018	91.2111758659932
100502.51256281407	1.2571558126524511	125.5544933791965	121.42768366275412
125628.14070351757	1.1612105160127721	122.74270061833246	151.28551890329143
150753.7688442211	1.0741851295431704	119.79909254776545	-178.9488070892364
175879.39698492462	0.994966109043111	116.44015822562382	-149.37097087774708
201005.02512562813	0.9258262770096036	112.18346257903117	-120.7005878069967
226130.65326633168	0.8665216141173334	107.05791701256706	-94.81065455589645
251256.28140703513	0.8174022874527078	101.24950160642453	-74.09967902195338
276381.9095477387	0.7784031592067417	95.02140962770636	-61.066948359300746
301507.5376884422	0.7489691131305728	88.63851475203822	-57.45820608788886
326633.1658291457	0.7281537756551489	82.31163182101149	-63.84716786250094
351758.7939698493	0.7148862010065159	76.21399832732402	-79.77146042941074
376884.4221105527	0.7078660146105114	70.62622357731918	-104.33440688900582
402010.05025125627	0.7057288424297582	65.80518929488161	-137.88959612867328
427135.6783919598	0.7071167691926198	61.92220160351073	175.47342797678021
452261.30653266335	0.7109688651149376	58.77878888657964	115.12380809203867
477386.9346733669	0.7165801644323803	55.833741625933285	58.73648768757161
502512.56281407026	0.7238573855546052	52.46239543741534	9.766211957796486
527638.1909547738	0.7326936582074924	48.48265050967538	-38.685699636202884
552763.8190954775	0.7430578691431179	44.476255726570585	-86.98207289814415
577889.4472361809	0.7542636337240277	41.43297163953578	-142.78818133963782
603015.0753768845	0.7657165718301708	39.67513900639594	93.38048121137827
628140.703517588	0.7770240462126005	38.300607986370274	23.670629137503205
653266.3316582914	0.7881604928374775	36.20538375070831	-23.76718040868635
678391.959798995	0.7993772426031073	33.34142042490478	-68.9615457900872
703517.5879396984	0.8104544086957894	30.78575152795948	-109.05522969558562
728643.216080402	0.8212928678174588	29.486689614436706	60.197203470056316
753768.8442211054	0.8316457463870452	28.9582457745913	8.965195385111262
778894.4723618091	0.8414722884759883	27.90242075697658	-28.635562536210557
804020.1005025125	0.8509078373148591	25.8510767560857	-66.74971306303514
829145.7286432162	0.8599999681096846	23.68666075712961	-95.87675365829065
854271.3567839196	0.868651254698961	22.60592519038212	-53.55006218319682
879396.984924623	0.8768350188604361	22.49627782168908	-10.668851296181256
904522.6130653267	0.8845699123135197	22.104559217798037	-36.49354459586994
929648.2412060301	0.8918085108392229	20.676925778586565	-67.76356617180517
954773.8693467338	0.8987492178884051	18.769509391197843	-90.62237528919242
979899.4974874371	0.9053990001388958	17.667374608816285	-71.26912263427927
1005025.1256281408	0.9115234462219406	17.710086430047074	-30.004835675682887
1030150.7537688442	0.9171349881775026	17.799360602940794	-44.46942794183168
1055276.3819095476	0.9226228933194318	16.94235450973862	-69.78329701831474
1080402.0100502511	0.9275790637792529	15.301284464187557	-89.72407409744659
1105527.6381909545	0.9324535150100173	14.036387713795882	-82.89143094043581
1130653.2663316582	0.9369219146772448	13.98079770058155	-49.14855325055153
1155778.8944723618	0.9411511387944382	14.39558904817969	-52.89673977509291
1180904.522613065	0.9451356843801252	14.093217682836203	-72.6358596129446
1206030.150753769	0.9487233641465013	12.816494976021573	-91.00252647898269
1231155.7788944724	0.9520564643738475	11.402747758650262	-92.21535997303292
1256281.407035176	0.9552401266672599	11.019091854165382	-68.03758455791836
1281407.0351758793	0.9585279499525713	11.548924883731376	-62.54713667890277
1306532.6633165828	0.961266525346627	11.763356868647302	-76.50280770816
1331658.291457286	0.9639548507707467	10.972797245742338	-93.32308265841552
1356783.91959799	0.9661379924094862	9.575518741474767	-99.79315412183227
1381909.5477386934	0.9682918779152194	8.738798681805955	-85.53281809394706
1407035.1758793967	0.9706991092120175	9.089951128495075	-73.98360035661021
1432160.8040201007	0.9725236371089502	9.695488901370855	-81.65034993653083
1457286.432160804	0.9747829072681428	9.481916143922128	-96.26803043258559
1482412.0603015076	0.9761635488312684	8.354470154932775	-105.93481349441895
1507537.688442211	0.9778808631622671	7.150269357289897	-100.44201705514008
1532663.3165829144	0.9797184036970948	7.007672522232192	-87.34604437302963
1557788.9447236178	0.980567891797567	7.735787747567345	-88.40861148990666
1582914.5728643218	0.9817275273841446	8.099572222435622	-99.79119433774471
1608040.201005025	0.9837005427436524	7.4823307209477266	-110.8943540300831
1633165.8291457286	0.9848409589238377	6.232223954093561	-112.29291275629174
1658291.457286432	0.9855036763754643	5.440904913901669	-102.11065950145625
1683417.0854271357	0.9860144271905773	5.867773978189082	-97.23327478860577
1708542.7135678392	0.987783499299381	6.631051427036839	-104.07695153675022
1733668.3417085425	0.9885377498753862	6.679653146475909	-114.85748919651466
1758793.969849246	0.9885206708192097	5.810702265986121	-121.09213242612208
1783919.5979899494	0.9900640335554074	4.607970746514801	-116.94865327202653
1809045.2261306534	0.9908999423641159	4.2463494802662	-108.92403761009213
1834170.8542713567	0.9919592230162092	4.978339359396211	-109.74500711462618
1859296.4824120603	0.9916686269083035	5.653737723695097	-117.97962248510588
1884422.1105527636	0.9918577183262549	5.5191036733137215	-126.66396948886073
1909547.7386934676	0.9920202006185111	4.5803485424923664	-129.4787714401524
1934673.3668341709	0.9941444618403539	3.436847958999208	-124.23425561376106
1959798.9949748742	0.9945313689207781	3.2321303261588668	-119.01721901732638
1984924.6231155777	0.9956094798649335	4.047495317421923	-121.27493354023966
2010050.251256281	0.9948769732521999	4.7593727498047205	-128.5711496974253
2035175.879396985	0.9965228126529989	4.78913634893378	-135.8918402058693
2060301.5075376884	0.9938851945517586	4.10063428455452	-139.1504340700721
2085427.135678392	0.9968670656770262	2.959954085261401	-136.7293604497718
2110552.763819095	0.9949901196444526	2.074013971780241	-132.2879646580363
2135678.391959799	0.9982222987588796	2.3120872438376843	-131.0799900485247
2160804.0201005023	0.9991280206246521	3.2299742036484282	-133.44160463261113
2185929.648241206	0.9998559514022902	4.109808883857336	-138.08188184822572
2211055.276381909	1.0022861953638156	4.586614120567684	-145.4253481844887
2236180.9045226136	0.9971779272957728	4.4043171113459865	-151.70308998453442
2261306.5326633165	1.0020775015485757	3.469794944712543	-150.7838340143738
2286432.1608040207	0.998350639961733	2.4359506546397274	-142.2521960484375
2311557.7889447236	1.0043101458540387	2.652354382118165	-141.20421628634853
2336683.4170854264	1.004178351828648	3.515011523137801	-150.64656124681497
2361809.045226131	1.0015414451846278	3.558263983817151	-159.56586958778195
2386934.6733668335	1.0040035222730992	2.5911063718684275	-154.37175279144313
2412060.301507538	0.9973120778426618	2.0668218191100816	-146.4934097056667
2437185.929648241	1.002163260120179	2.9075913142093706	-155.64578402488274
2462311.557788945	1.0003101914188908	3.0979402560627944	-166.39626974141834
2487437.1859296476	0.9971779820332917	2.1480879111540148	-158.11482441769314
2512562.814070352	1.0010606761938705	1.9214686329103166	-153.0845387706021
2537688.4422110547	0.9969765557182912	2.758887672023163	-167.04999436709792
2562814.0703517585	1.003253365691207	2.4576979607686664	-171.94521116571755
2587939.6984924623	0.9998651671159078	1.5264177316327612	-156.41604142098097
2613065.3266331656	0.9982025494677791	2.2022130130422517	-166.60858098084213
2638190.9547738694	0.9970416532793424	2.459516609820185	178.87626804000823
2663316.582914572	0.9977682025733797	1.508180714999302	-163.0630531366229
2688442.211055277	1.0019085673914714	1.7451108358849095	-167.43242971837228
2713567.8391959793	0.9982222306165475	2.2985126423910534	170.2644035900705
2738693.467336684	1.0018721074529513	1.4828132555174849	-170.28813857266823
2763819.095477387	1.0011147421183757	1.4280627312937801	-168.9269525441848
2788944.7236180897	0.9982674069052406	2.1074802697170414	155.06288362945895
2814070.3517587944	0.9975811883179617	1.4069108145096259	-176.66380957769385
2839195.979899497	1.0007894118865448	1.2388891191659945	-168.38827977091978
2864321.6080402015	0.9986277632044012	1.9279871891319091	99.41357989240912
2889447.2361809043	1.0021597522288908	1.2433721157078543	-3.2918657525549
2914572.864321608	1.0020115223760213	1.128927617102687	-14.083546711904752
2939698.4924623114	0.9979722724815238	1.7861829209972795	24.78445458438883
2964824.120603015	0.999417677167866	1.0554369083808157	-8.558424059122029
2989949.748743718	0.9981579181761754	1.0914599342353908	-5.245744730601365
3015075.376884422	1.0016237969311972	1.629892320665245	4.3856020222000165
3040201.005025126	0.9992901638423055	0.8268298719150184	-13.265270735192074
3065326.633165829	0.999708327946851	1.1169097985669922	-7.6288602652231505
3090452.2613065327	1.0016472245208135	1.4844797619910917	-6.160342900772259
3115577.8894472355	0.9984162085548762	0.595470314713588	-17.364839549316006
3140703.51758794	0.9999810731263447	1.1546600811967693	-11.429537687192296
3165829.1457286426	1.0006341458196222	1.2966667109300778	-14.105949243656418
3190954.7738693473	0.999545285035738	0.4200021242576583	-20.935073169398812
3216080.40201005	0.9988950903800762	1.2074099357553556	-16.048341627260488
3241206.030150753	1.0012619420522137	1.0776950827704797	-20.86646605866604
3266331.658291457	0.9993396146274344	0.39559307500605284	-24.2070152051402
3291457.28643216	0.9989548822477465	1.2119955863184242	-21.289296067853638
3316582.914572865	0.999764528858337	0.823410747447284	-26.775388665445703
3341708.5427135676	0.9997533547708151	0.5421456790513375	-27.522806800533612
3366834.1708542714	0.9991341890643699	1.1724578995274195	-26.938058151695753
3391959.7989949747	0.9991467664397835	0.528719275333146	-31.934385630171292
3417085.4271356785	1.0009102499186813	0.7200643782927533	-31.2202804433171
3442211.0552763813	0.9995889083431543	1.066676849866863	-32.7410898290738
3467336.683417085	1.0003178646208077	0.24330397981111934	-36.468329469545345
3492462.3115577893	0.999358525905035	0.8592432756877358	-35.49236462004625
3517587.939698492	1.0009025975079646	0.8954821488938779	-38.43919331200637
3542713.567839196	0.9997846425204211	0.12051413597883057	-40.621715978932635
3567839.195979899	0.9991677297178049	0.9380784848051897	-40.34309214463509
3592964.824120603	0.9997482599538291	0.6768714708616043	-43.82643604223699
3618090.452261306	1.0003101288532406	0.35122873676938754	-44.719082495810326
3643216.0804020106	1.0005643730304208	0.9404636756871237	-45.611857435797
3668341.7085427134	1.0006110897848226	0.4195430752768785	-48.81369973618289
3693467.3366834163	1.0005199269005647	0.5683672482361979	-49.05192115892292
3718592.9648241205	1.0002943288530488	0.8609271985714425	-51.05504085315231
3743718.5929648234	0.9998789724679357	0.1631682430155321	-53.459916929280446
3768844.221105528	0.9994503192043024	0.7172781161444628	-53.77125119031477
3793969.849246231	0.9994767573477954	0.7293558172860971	-56.43970124053258
3819095.477386935	1.000138494485892	0.14760989552695092	-57.94926462969872
3844221.105527638	1.0005652059221777	0.7868058414159951	-58.86194032973519
3869346.7336683418	0.999927516076978	0.5336551871821732	-61.61065763632309
3894472.3618090446	0.9995012201860353	0.3601786663667136	-62.50619220750343
3919597.9899497484	1.000317291219823	0.7898573453459657	-64.18102194535477
3944723.6180904526	1.0002072953985375	0.34054938866667955	-66.53516728120292
3969849.2462311555	0.9995317605359831	0.5359456637720204	-67.29430620063351
3994974.8743718592	1.0003526508487126	0.7115784379212639	-69.54401126827611
4020100.502512562	0.999942098335155	0.20172361668000158	-71.29950833499466
4045226.1306532663	0.9997933176886173	0.6429601387380568	-72.35657222216591
4070351.758793969	1.0003606346705993	0.5938975590457805	-74.79819667506409
4095477.386934674	0.999603993659743	0.26849139390432264	-76.05390202558738
4120603.0150753767	1.0003620755488478	0.6939077618501586	-77.62169551283053
4145728.64321608	0.9997051074858813	0.4403459402922988	-79.87586945426644
4170854.271356784	1.0002289057209537	0.4120187062823583	-80.93366473370862
4195979.899497488	0.9998305371265619	0.6667987766512508	-82.95628483823162
4221105.52763819	1.0001308377972256	0.3160277400468484	-84.80592224892682
4246231.155778894	0.9998858234109511	0.5378674286172441	-85.99768099154626
4271356.783919598	1.0001092149979327	0.6009617291343021	-88.23040738852632
4296482.412060302	0.9998797308318589	0.2891430917390416	-89.68347646048082
4321608.040201005	1.0001410837227136	0.6021957769242839	-91.21533103751626
4346733.668341708	0.9998336589835514	0.49324977353285243	-93.36774639470045
4371859.296482412	1.000198992694355	0.36014683867474817	-94.61207906515287
4396984.924623114	0.999774486630495	0.6253220705635042	-96.49430758120123
4422110.55276382	1.000241556504535	0.3901966458614016	-98.36634880521626
4447236.180904522	0.9997594808382166	0.46944758195123837	-99.65116341745224
4472361.809045227	1.0002193481235666	0.5880640747930287	-101.72995797054456
4497487.437185929	0.9998246799577851	0.3330754537760869	-103.2845478104521
4522613.065326633	1.0001096073389895	0.5387432996530774	-104.79385727725287
4547738.693467338	0.9999707585599311	0.5234261277666393	-106.84971682358588
4572864.32160804	0.9999433471246446	0.35452711904721357	-108.2007929921447
4597989.949748743	1.000129544913795	0.5819698607273879	-109.9793240795274
4623115.577889447	0.9998267560309791	0.4454218067090045	-111.83646752529896
4648241.206030151	1.0001798904829926	0.41659371652254207	-113.17149143616074
4673366.834170853	0.9998537784666418	0.5744402405455278	-115.12715213371813
4698492.462311558	1.0000805420460936	0.37868211748731484	-116.72518895998017
4723618.09045226	1.0000044144731977	0.4918315194112943	-118.20611168524508
4748743.718592966	0.999916387325683	0.5367144005424099	-120.17344795861136
4773869.346733667	1.000137155672367	0.37265725377684017	-121.57736559004564
4798994.974874373	0.9998536966467525	0.5320741548256926	-123.26910136776833
4824120.6030150745	1.000110155609771	0.4825058828315704	-125.09495853254032
4849246.231155778	0.9999596689871789	0.39553038383190414	-126.44726413839425
4874371.859296482	0.9999633126614208	0.5481840173496724	-128.3018710701365
4899497.487437186	1.0000970475618793	0.42623677989071274	-129.91285833349994
4924623.11557789	0.9998789488920002	0.45456738249163314	-131.35783370445546
4949748.7437185915	1.0001020533274572	0.5343146127559975	-133.25157146103987
4974874.371859296	0.9999532479399866	0.3981980743183262	-134.6775366211598
5000000.0	0.9999767289003091	0.49469008657462626	-136.2955228941244
