0.0	1.9902429294568103	43.34559059581167	115.01748750025757
25125.628140703517	1.98470093473091	43.293570839274224	169.19674075274443
50251.25628140703	1.9781560474822448	43.27405479568575	-145.11625845559664
75376.88442211055	1.9732690767023866	43.23840172636826	-107.95170072848745
100502.51256281407	1.9677369528327455	43.23041120456056	-79.32252422856226
125628.14070351757	1.9626271240592263	43.204428407393834	-59.09969291501977
150753.7688442211	1.956349338446521	43.17673789395172	-47.376871213184366
175879.39698492462	1.9505690422502961	43.14009603255696	-44.159788146154916
201005.02512562813	1.9458363708220454	43.09219027210502	-49.35770529653353
226130.65326633168	1.9401085350310385	43.07636671346809	-63.14370575508312
251256.28140703513	1.9343838660032746	43.02465880000506	-85.46314712768957
276381.9095477386	1.929003209890101	42.98048369077823	-116.31075954331033
301507.5376884423	1.9244379867103152	42.913703769325146	-155.74684096256894
326633.1658291457	1.918684570328794	42.89885004914032	156.22455519833235
351758.7939698492	1.9142206942814852	42.88022190340969	99.62000987381427
376884.4221105527	1.9081975885260904	42.85990011037329	34.41659918081075
402010.05025125627	1.9027158529719783	42.83530714162619	-39.33616328792157
427135.6783919598	1.8977619319460755	42.7645634064629	-121.82886488149848
452261.30653266323	1.892234491792206	42.71701455461143	146.92754473307127
477386.9346733669	1.8882354922418432	42.70452147580886	47.07069735244584
502512.5628140704	1.8825677616667769	42.667051749819024	-61.40687356747338
527638.1909547738	1.877423254049316	42.60201121671424	-178.76663074722612
552763.8190954775	1.8723793807736882	42.594743247080885	55.16554984960115
577889.4472361809	1.866898334700449	42.554095479192405	-79.560395948814
603015.0753768845	1.8625359824568943	42.498502137511665	136.6943560663488
628140.703517588	1.8574352744913754	42.50627116660554	-15.662371670179583
653266.3316582914	1.852010926433417	42.429887829565935	-176.9435303101528
678391.959798995	1.8478415528606127	42.40718277272485	12.899795096321904
703517.5879396984	1.8418625604443422	42.349792225693676	-166.09886534205688
728643.216080402	1.8382699619357685	42.348071945124516	5.976070754189501
753768.8442211054	1.8331728244393077	42.24507784023636	169.09317381866938
778894.4723618091	1.828739636252288	42.26837874694136	-36.68223753335793
804020.1005025125	1.8234587257897499	42.181126914301174	108.48592508904296
829145.7286432162	1.8191847702619504	42.154074623393896	-115.2395495003839
854271.3567839196	1.8134069654305305	42.13446512942232	11.90836016069592
879396.984924623	1.8088414251858695	42.05678326856852	129.98265534768754
904522.6130653267	1.804714686693017	42.021361610490686	-120.87330593935212
929648.2412060301	1.799536997039656	42.01458554989431	-21.003611257900292
954773.8693467338	1.7949954372125432	41.94914679616648	69.73766226106288
979899.4974874371	1.7896231057110632	41.88955826636579	151.41883954486255
1005025.1256281408	1.7855748532106375	41.84422417019625	-136.04823468167365
1030150.7537688442	1.7812876763870313	41.80812357907325	-72.82662057209511
1055276.3819095476	1.777077469282135	41.78016877616011	-18.82348360792827
1080402.0100502511	1.7715202249547517	41.7470058298277	25.839404600430328
1105527.638190955	1.7681283784178592	41.66982923005604	61.24583371680409
1130653.2663316582	1.7624161151157545	41.64305518579046	87.33582301131534
1155778.8944723618	1.7593334716361377	41.57581521225217	104.06723008894396
1180904.5226130656	1.754655481615736	41.53284816996895	111.48526478586466
1206030.150753769	1.7496165360235112	41.476506853807045	109.42519731057207
1231155.7788944724	1.7458986940676309	41.44245552170889	97.90164906074438
1256281.407035176	1.7402081398691696	41.40461583100174	76.96730941106071
1281407.0351758793	1.7369342361229518	41.360135320610006	46.5251712661394
1306532.6633165828	1.7315206878962843	41.31655984951093	6.535834569671583
1331658.2914572866	1.7270748290692364	41.26521110216609	-42.90336221253877
1356783.91959799	1.72438729359804	41.16890140991909	-102.02288939438769
1381909.5477386934	1.7194280594130575	41.114932433590766	-170.76777193375332
1407035.1758793972	1.715295620785519	41.09402442470736	110.85653369435218
1432160.8040201007	1.7115774575064988	41.06782292759118	22.834171537736864
1457286.432160804	1.7074737024818243	40.98550382443403	-74.82603616322838
1482412.0603015076	1.702863414381422	40.90467434770847	177.75589540144168
1507537.688442211	1.697821319546743	40.89182408250096	60.607795079248575
1532663.3165829144	1.694058934982672	40.834567462026556	-66.26618742804233
1557788.9447236182	1.6894697644223826	40.76372064507026	157.03316477488465
1582914.5728643218	1.6860251883201778	40.751788095427116	10.473784203667192
1608040.201005025	1.681861281912103	40.65654282867841	-145.8012612461361
1633165.8291457286	1.678655187029299	40.615958318081745	47.96267711159093
1658291.4572864324	1.6742531576288482	40.52327125503555	-128.07061870841
1683417.0854271357	1.6693194951024588	40.50784200648461	45.85026381718708
1708542.7135678392	1.6654586348371603	40.415320687998474	-150.01842692944322
1733668.3417085425	1.6627894766387996	40.39455829768383	4.029027240641222
1758793.969849246	1.6591303758014928	40.29249435847804	148.22349622925674
1783919.5979899499	1.6550782213310777	40.25809334791587	-77.5769317939401
1809045.2261306534	1.6512487247364072	40.1935336247756	46.488651865329054
1834170.8542713567	1.6461013765915034	40.14206919583746	160.63213403191793
1859296.4824120603	1.6432983922105477	40.07622372171121	-95.23417799779247
1884422.110552764	1.6384388088326687	40.0450618700302	-1.2759386806003163
1909547.7386934676	1.6352434790247996	39.959024458308114	82.59809435499461
1934673.3668341709	1.6315476054409872	39.87480471468707	156.3892077291357
1959798.9949748742	1.6284074277127143	39.81710308983994	-139.87610322826438
1984924.6231155777	1.6246129263881253	39.76509485721506	-86.3315844155893
2010050.2512562815	1.6192347448917923	39.74752589650111	-42.96641835585742
2035175.879396985	1.616060538626213	39.68360275989164	-9.785300632342878
2060301.5075376884	1.6117475447806924	39.63544855578581	13.230641560975098
2085427.135678392	1.6100978566297428	39.56543385005045	26.055053217679056
2110552.763819095	1.6059471100924776	39.486419137244404	28.65816258915078
2135678.391959799	1.6026993361121604	39.419006091238785	20.998928109967405
2160804.0201005023	1.5971074883306593	39.38508678493592	3.1523175092578994
2185929.648241206	1.5948781133900385	39.29913935683256	-24.970832433507077
2211055.27638191	1.5914061372603527	39.236314178329216	-63.33206158865094
2236180.9045226136	1.5868713907646526	39.16784479637049	-112.0327261940457
2261306.5326633165	1.5838375864242396	39.086768170753295	-170.9881249541359
2286432.16080402	1.580708492815183	39.03031993845444	119.63152218768944
2311557.7889447236	1.5769214039562935	38.98520788125491	40.08140856369127
2336683.4170854273	1.5729384864985134	38.931056846656965	-49.83429556194869
2361809.045226131	1.570780876020808	38.811289770225656	-150.05970792545858
2386934.6733668344	1.5658889381903172	38.785442149508675	99.23638595615513
2412060.301507538	1.5627070690028848	38.743346949403694	-21.613273414405217
2437185.929648241	1.5597344360847056	38.63484333425751	-152.97250323024082
2462311.557788945	1.5553852000103832	38.60821503647315	65.24993209707762
2487437.185929648	1.5538473586729884	38.51217303913907	-86.78513709963562
2512562.814070352	1.5502570594728329	38.454506424774685	110.66915303528705
2537688.4422110557	1.546462300985626	38.39357800365955	-62.154179235116814
2562814.0703517585	1.5439954055657352	38.29909150303771	114.50791623428776
2587939.6984924623	1.5408809897062732	38.270256294900285	-79.13938766195862
2613065.3266331656	1.5372019776431567	38.18170522277268	76.66931552702901
2638190.9547738694	1.532621150724182	38.13380151780822	-137.8212394790644
2663316.582914573	1.528946862341834	38.094478279096016	-2.8312188513370127
2688442.211055277	1.5255776377211647	38.01979200795126	121.7811747038528
2713567.83919598	1.5235406117878965	37.9277072282951	-124.06102071211475
2738693.467336684	1.5195215278350194	37.890950374486835	-20.34035550544676
2763819.095477387	1.516200684856563	37.81671653258074	72.83719285950995
2788944.7236180906	1.5130401696708555	37.730244359983615	155.665621552364
2814070.3517587944	1.5120184595663986	37.66565242043112	-131.97272846781118
2839195.9798994977	1.5089516154047102	37.59674733418166	-70.084135140001
2864321.6080402015	1.5053025554499084	37.550292610672805	-18.735886719546574
2889447.2361809043	1.5027559084362252	37.4706440470299	22.17780437882215
2914572.864321608	1.4978594624999049	37.414810603111974	52.6013860858922
2939698.4924623114	1.4962352525639908	37.31538492748489	72.55994853174772
2964824.120603015	1.4921770756638757	37.259997246273066	82.04990298492102
2989949.748743719	1.489629670724393	37.20923491689685	81.09036845421655
3015075.376884422	1.4873755395201373	37.10889619244683	69.53495535241134
3040201.0050251256	1.4827402963873855	37.08398483366475	47.45784670079813
3065326.633165829	1.4793216375380274	37.02176182498898	15.013144389106289
3090452.2613065327	1.4786104794191866	36.947295423939615	-28.014946550222206
3115577.8894472364	1.4757081824425384	36.835670553067075	-81.48867322854686
3140703.51758794	1.4720666427893414	36.7614843435172	-145.45049033270416
3165829.1457286435	1.4686488208970814	36.712952864258746	140.05439036456596
3190954.7738693473	1.4670777675255284	36.64502880643568	55.11216969755843
3216080.40201005	1.462868807131208	36.591679193999305	-40.22028613153671
3241206.030150754	1.4608533198248272	36.476466235545836	-146.08149349283917
3266331.658291457	1.4562499934804023	36.45124621612607	97.48899912218421
3291457.286432161	1.4543668270590298	36.38410771501568	-29.35681839482713
3316582.914572865	1.451464495789578	36.280888495549355	-166.61765464953197
3341708.5427135676	1.4485400229405667	36.24106165678115	45.57367871596423
3366834.1708542714	1.4476260867373627	36.1523129524468	-112.64507506008856
3391959.7989949747	1.4421127047532827	36.117196387548304	78.57455373682595
3417085.4271356785	1.4403411691643044	36.020491138210254	-100.49663182046737
3442211.0552763822	1.436933278215906	35.97937046711662	69.78451306733186
3467336.683417085	1.4366046307321578	35.8582465483541	-130.24523674269966
3492462.3115577884	1.4311157173967486	35.85112505211604	19.16926504777644
3517587.939698492	1.431143311553135	35.71188410465191	158.21740990158725
3542713.567839196	1.4286026666756377	35.674896000686395	-73.19245236232014
3567839.1959798997	1.4236894668497815	35.62387923063868	44.92266205341616
3592964.824120603	1.4206175573264301	35.534680170718374	152.6088586091077
3618090.452261307	1.4202363979983563	35.45975896152491	-110.05583602192773
3643216.0804020106	1.4151494776378004	35.43736080388209	-23.191759069273424
3668341.7085427134	1.413262412846736	35.34927250927936	53.1939462423145
3693467.336683417	1.4109627501527466	35.26556386911882	119.23931705128528
3718592.9648241205	1.4097355044723183	35.17115922293993	174.9078948591279
3743718.5929648243	1.4053705120034732	35.114230605799925	-139.74504788069788
3768844.221105528	1.402333445353427	35.06036072058463	-104.88066507886244
3793969.849246231	1.400624059575838	34.991974926063556	-80.42327443337061
3819095.477386934	1.4003084562875634	34.87884333335703	-66.26018208940809
3844221.105527638	1.3976626354268975	34.82229205718246	-62.5588451447062
3869346.7336683418	1.3923472381944935	34.78776887948814	-69.11500363630888
3894472.3618090455	1.3908060538087772	34.6952240765811	-86.01065146102114
3919597.9899497484	1.3873371997391266	34.62830999292994	-113.30604378715151
3944723.6180904517	1.3862029287959579	34.53594199427658	-150.92194010510158
3969849.2462311555	1.3854803528573587	34.46269404843207	161.10606920915117
3994974.8743718592	1.3819492942264244	34.39056175744582	102.85217477895625
4020100.502512563	1.3807619246904521	34.31710961684187	34.28467210595839
4045226.1306532663	1.3753798997728799	34.287033008096934	-44.49772062575823
4070351.75879397	1.3729000395809097	34.196404788979684	-133.57541350839725
4095477.386934674	1.3734949424045915	34.10210759848209	126.91719169409946
4120603.0150753767	1.3705028857202979	34.04986428302976	17.36801541068898
4145728.643216081	1.367018203371026	33.985259224147	-102.53465969643221
4170854.2713567847	1.3651674221472505	33.89952392496213	127.2603103089847
4195979.8994974885	1.3619219094429018	33.86140488149134	-12.994213746395564
4221105.52763819	1.3607656964287222	33.75190988997543	-163.57145550667312
4246231.155778894	1.3568951699964538	33.727398863249874	35.68887595584714
4271356.783919598	1.3577399451749539	33.574876335855045	-135.24244122501102
4296482.412060302	1.3536707795235698	33.5767435304935	43.54167109498724
4321608.040201005	1.353316758882128	33.46359752091438	-147.63264626460906
4346733.668341708	1.3483252807473192	33.42550410984901	10.954825725248917
4371859.296482412	1.3488670318893654	33.308642573719354	159.31132522439282
4396984.924623116	1.3461374653164195	33.24210254242492	-62.31258645994243
4422110.55276382	1.341752751634511	33.22049461703915	65.87303040641679
4447236.1809045235	1.3425040154361676	33.08253136518813	-176.0842109948569
4472361.809045227	1.338108836389719	33.048933961979536	-67.98312410619984
4497487.437185929	1.3360089755190652	32.981874876470116	29.881299211874605
4522613.065326633	1.333069465401908	32.9063585149117	117.79103465509752
4547738.693467336	1.3302450901640794	32.84629959227656	-164.2576898503947
4572864.32160804	1.3280053739102213	32.7732025492375	-96.35533482383613
4597989.949748743	1.3291554154889722	32.70138100357962	-38.53033307439525
4623115.577889447	1.3266481187327173	32.623643164555986	9.271389868948333
4648241.206030151	1.3253170274523207	32.53439576474888	47.173812002642286
4673366.834170855	1.3218750129328123	32.45904026186576	75.07868322268037
4698492.462311558	1.3206445516351855	32.37038540613089	93.08604010770524
4723618.090452262	1.3155803834302702	32.35286490961693	101.22091634926097
4748743.718592966	1.3169395776387876	32.24267046572063	99.42639515077207
4773869.346733669	1.3143467837596927	32.158589122127395	87.73860656865108
4798994.974874373	1.3136339738237277	32.098339999198814	66.11607340267301
4824120.603015076	1.3112362730185458	32.01321895331177	34.72990709545768
4849246.231155778	1.3081784322624763	31.97261452207803	-6.562165883803202
4874371.859296482	1.303657643776969	31.91855630713096	-57.57722539546467
4899497.487437186	1.3033705011810288	31.807022643286782	-118.46250396451157
4924623.11557789	1.3027562343829577	31.727623456239865	170.84913923072088
4949748.743718593	1.3000475168513002	31.65857666706059	90.52282195509427
4974874.371859296	1.296460824020816	31.625854975672766	0.39908256303288336
5000000.0	1.2951163830217818	31.524683796303783	-99.48109676830738
