0.0	1.969814973475314	47.104083585414166	56.76573028634978
25125.628140703517	1.964356993479764	47.060862511853806	-116.05861800581411
50251.25628140703	1.9582477679303025	47.04185511833961	62.85435493460305
75376.88442211055	1.9528916198086856	46.963636406367705	-126.28224519514158
100502.51256281407	1.9477723206348596	46.967535779025916	36.177680446736915
125628.1407035176	1.9422260878366393	46.87774145574645	-169.51047758618287
150753.7688442211	1.937103445067111	46.894855178102794	-23.573665880399385
175879.39698492462	1.9323996756088426	46.79377417128352	113.87787775937134
201005.02512562813	1.9268331670665126	46.75374121648607	-116.88588303584426
226130.65326633162	1.921761524861476	46.75788629431938	3.6497001589900213
251256.28140703513	1.917029343446856	46.654430296046165	115.69257204696325
276381.90954773873	1.9112864436162775	46.61458226490897	-140.721880444663
301507.5376884423	1.9060705415881352	46.624581893767456	-45.826350640361554
326633.1658291457	1.9006046035385207	46.56296332691818	40.340513600792015
351758.7939698493	1.8963988346916443	46.48920940376296	117.86209331919905
376884.4221105527	1.8910979143998785	46.41523826321695	-173.27746102511614
402010.05025125627	1.8855229709434305	46.391641309614215	-113.22108205320525
427135.6783919598	1.8810220989725626	46.352343385296294	-62.003736147592214
452261.30653266335	1.8756355773014366	46.33159315652763	-19.7113811813299
477386.9346733669	1.8705544409380737	46.278437732125354	13.74540908919769
502512.56281407026	1.8658066869566317	46.22281004947944	38.26337039550091
527638.1909547738	1.860957909722236	46.16577025324288	53.85949656247084
552763.8190954775	1.855989303926496	46.10762012680278	60.405565435998085
577889.4472361809	1.8523347443166391	46.061098568189664	57.968185265786204
603015.0753768845	1.846568127098321	46.00409654864567	46.45943656639066
628140.703517588	1.8414278292124477	45.963687521007145	25.853165862487064
653266.3316582914	1.8369102543834552	45.90748803220491	-3.857216405308046
678391.959798995	1.83197144881166	45.849262551573155	-42.74706714115913
703517.5879396984	1.8283454389767682	45.75224871847686	-90.82033076902053
728643.216080402	1.8222939165702239	45.70151227082968	-148.18733600499664
753768.8442211054	1.8188703534354405	45.62659990389015	145.14303243995514
778894.4723618091	1.8142044658745033	45.589359590603806	69.23802692144456
804020.1005025125	1.8083648595473147	45.57405982907272	-15.90325201608395
829145.7286432162	1.8038112755145241	45.492729567188945	-110.43077703658153
854271.3567839196	1.79910280513879	45.426619839089774	145.5596250467409
879396.984924623	1.794987760459201	45.401733998616976	32.191046825932
904522.6130653267	1.7906121430703925	45.316958287788474	-90.51666123324061
929648.2412060301	1.7854501717613953	45.24367529562432	137.1192945670198
954773.8693467338	1.7822564827611886	45.22118985705908	-4.5978701125207895
979899.4974874371	1.77699805749427	45.118990788914196	-155.87052155671134
1005025.1256281408	1.773282112210252	45.07522232098713	43.2458074795761
1030150.7537688442	1.7681111118233201	45.00127102634479	-127.09182472320904
1055276.3819095476	1.7641779632666146	44.985780921354824	52.808564467160295
1080402.0100502511	1.7596895025471897	44.878063704516485	-136.7708875140449
1105527.6381909545	1.7546086559459324	44.865092954713774	23.838237218897273
1130653.2663316582	1.7503406492060167	44.75280162441793	174.86359274218518
1155778.8944723618	1.7459612622672742	44.736895253750056	-43.82462155180697
1180904.522613065	1.7418296226003198	44.653093239254694	87.68992066061216
1206030.150753769	1.7372552672644914	44.57327318895411	-150.44699042866105
1231155.7788944724	1.7330583184145363	44.54924441757665	-38.446956323985106
1256281.407035176	1.7301023861621423	44.4495821983638	63.71080619903187
1281407.0351758793	1.7245400516795217	44.38011779834771	156.1092503219774
1306532.6633165828	1.720701208937218	44.34510592437342	-121.32375469534385
1331658.291457286	1.7173541563195618	44.28115640877811	-48.64183839550016
1356783.91959799	1.7136540338242068	44.230344522331386	14.037272647957174
1381909.5477386934	1.7088397070634	44.15629592247645	66.8313450141166
1407035.1758793967	1.7037066196323316	44.089432048353395	109.74743724874696
1432160.8040201007	1.701209352626592	43.97762673981073	142.6659501049308
1457286.432160804	1.6964683463086103	43.92343231410858	165.6259425230615
1482412.0603015076	1.6921171636168986	43.85493653791937	178.56726462202616
1507537.688442211	1.689200998232375	43.79366284488796	-178.5511606544109
1532663.3165829144	1.683594814481787	43.741041908547174	174.30680635167096
1557788.9447236178	1.6795716030530965	43.679012617616806	157.08446043573232
1582914.5728643218	1.6766865801618394	43.60003121698373	129.7593677408797
1608040.201005025	1.6716436598525932	43.55609986672767	92.32223291351038
1633165.8291457286	1.6680061026823634	43.50774369058025	44.82417690485098
1658291.457286432	1.665069333782267	43.4444911097737	-12.856472317671987
1683417.0854271357	1.6611627804236218	43.34110418224597	-80.69385997585958
1708542.7135678392	1.656228279593302	43.26530009027342	-158.6739390184797
1733668.3417085425	1.652124378322866	43.21351772001735	112.99795459039483
1758793.969849246	1.649112700945382	43.17528761669989	14.605854632112095
1783919.5979899494	1.644501487682989	43.090932027713414	-94.03606898093349
1809045.2261306534	1.6406837381731298	42.99955208325719	146.96351008194947
1834170.8542713567	1.6387796334101707	42.95161045679302	17.767354470850897
1859296.4824120603	1.6350096124592166	42.85703402929215	-121.64125764180014
1884422.1105527636	1.6309225613195315	42.79620706049157	88.478902897877
1909547.7386934676	1.6262337107370315	42.743357663599056	-71.52325886417898
1934673.3668341709	1.6222492028410502	42.664811573718275	117.93309222936698
1959798.9949748742	1.6183461637342136	42.62700060301931	-62.798911977478504
1984924.6231155777	1.6152971711328674	42.52545617763037	106.03227740524214
2010050.251256281	1.6129926389189229	42.443021754756124	-95.47013483609696
2035175.879396985	1.6075273639781413	42.40854903574281	52.574210028208434
2060301.5075376884	1.6057104437586334	42.286478999038714	-169.73013287061548
2085427.1356783914	1.6005870258706711	42.26177492123237	-42.4487071303678
2110552.763819095	1.597819439429503	42.18260134206513	74.3088316106556
2135678.391959799	1.595132478888858	42.07145220034691	-179.3005038573351
2160804.0201005023	1.5914743541907168	42.010176943631535	-83.34825808571105
2185929.648241206	1.5865726069827504	41.9824838732151	2.093289528517285
2211055.276381909	1.5845266428986744	41.875078539325955	77.0140682711822
2236180.9045226136	1.5803281372183768	41.79885395078394	141.4793241525969
2261306.5326633165	1.5776872265449688	41.704143271883446	-164.56065454405166
2286432.1608040207	1.5728909393967228	41.66853971075845	-121.10790998588766
2311557.7889447236	1.5690636625459546	41.60808039167474	-88.22676797402153
2336683.4170854264	1.5656734784540614	41.54423379445515	-65.88101291586338
2361809.045226131	1.5627656547082975	41.47355259807698	-54.08032089313997
2386934.6733668335	1.5599020830994021	41.3961697143496	-52.84288462872367
2412060.301507538	1.5557987944330118	41.318392020996896	-62.18046161407668
2437185.929648241	1.5531268437177383	41.252616484677205	-82.17442095991268
2462311.557788945	1.548932713280456	41.16584428278012	-112.68554679849511
2487437.1859296476	1.5471236943963058	41.07578506780643	-153.84093601557538
2512562.814070352	1.5436151938429976	40.99538306921883	154.34733932035758
2537688.4422110547	1.5390383930402671	40.95882790985777	92.016272798073
2562814.0703517585	1.5375992016703792	40.899484005330216	19.057775577754064
2587939.6984924623	1.5341699443776715	40.81083903368214	-64.60807368194891
2613065.3266331656	1.5301172677486194	40.71072509626152	-158.90803583895752
2638190.9547738694	1.5280567813462647	40.62462994687381	96.10709758459119
2663316.582914572	1.523207151666767	40.60041637918729	-19.468668673589008
2688442.211055277	1.5217888501230334	40.46179477000782	-145.69409337709195
2713567.8391959793	1.5187945321956278	40.40618981023475	77.3046393705796
2738693.467336684	1.515535563995036	40.34214952041574	-70.25045722215125
2763819.095477387	1.5112960445536605	40.27480171612303	131.38699187016542
2788944.7236180897	1.5073323310976963	40.23715620504878	-37.58686228556762
2814070.3517587944	1.505329794180109	40.10398122011865	142.681287460118
2839195.979899497	1.501438695157383	40.07580449851595	-47.69292117804634
2864321.6080402015	1.499984208086499	39.950446714021396	111.09998772209767
2889447.2361809043	1.495214996387632	39.912160025054966	-100.66950186202826
2914572.864321608	1.4940753155963036	39.827053358650616	36.748388010920905
2939698.4924623114	1.4904627094448377	39.72982656635381	163.41211106555815
2964824.120603015	1.4884414114403697	39.65584539651505	-80.64330342355439
2989949.748743718	1.4842192301380335	39.60846109199178	24.488122528578995
3015075.376884422	1.4804114143859939	39.53509821006993	118.93013584660247
3040201.005025126	1.4787993259883374	39.44246542822289	-157.3396062716849
3065326.633165829	1.4746459893863713	39.37928944060081	-84.34360802892792
3090452.2613065327	1.473817529895016	39.313117125472154	-22.220266660545494
3115577.8894472355	1.4686469237327855	39.25269113938051	29.21608340145483
3140703.51758794	1.4682909842253475	39.14533174271027	69.92209826045259
3165829.1457286426	1.4640852794856027	39.06254529399877	99.85348769530782
3190954.7738693473	1.4622720699960676	38.95994468406468	119.0861471346097
3216080.40201005	1.4583100673529548	38.906971115479216	127.5148250177833
3241206.030150753	1.4544445367417649	38.84280403369281	125.24715677678486
3266331.658291457	1.45292993473527	38.75265668738097	112.22854943728512
3291457.28643216	1.4488320518960836	38.70091812143996	88.38033808546697
3316582.914572865	1.4473114519545847	38.61736660344469	53.84469531777467
3341708.5427135676	1.4459938943972062	38.53090992239051	8.521553236884714
3366834.1708542714	1.4415729064506606	38.459906920300824	-47.521886010812956
3391959.7989949747	1.439780818026134	38.35826167199148	-114.31525172350614
3417085.4271356785	1.435188961325689	38.30036308588226	168.07084642931656
3442211.0552763813	1.434623486756465	38.20545115619524	79.7489856863257
3467336.683417085	1.4321252143601084	38.13615936630501	-19.338736963958873
3492462.3115577893	1.4298617184622218	38.02016976130957	-129.068876815732
3517587.939698492	1.4260444322834742	37.96858910170157	110.2882793002642
3542713.567839196	1.4220013146331292	37.937893532624315	-20.898320847470504
3567839.195979899	1.4195722286287864	37.82507758400968	-162.93097883509458
3592964.824120603	1.41872720540976	37.76871876556686	44.2166149810991
3618090.452261306	1.4170842593624642	37.66384025897359	-119.17506172671173
3643216.0804020106	1.413381192631525	37.597648514312795	66.5953810385591
3668341.7085427134	1.410829433369888	37.50567567853842	-118.36940356392967
3693467.3366834163	1.4094752958293253	37.44782854820804	45.9926252197303
3718592.9648241205	1.40638081154902	37.31918799404929	-160.3096576192841
3743718.5929648234	1.4012964997497892	37.32498413103185	-17.403575396720225
3768844.221105528	1.3994197659265584	37.20574068966424	114.81623322483824
3793969.849246231	1.3993134074934228	37.10759717735423	-123.59739282395205
3819095.477386935	1.3969092071167077	37.05377790719295	-12.804164758798155
3844221.105527638	1.3931728640933805	36.95781102985137	87.35871984707899
3869346.7336683418	1.3902649172796566	36.87046483067579	176.9027456427125
3894472.3618090446	1.3868638861329998	36.823265727733656	-104.25948349023868
3919597.9899497484	1.3871777774003293	36.72171240682186	-36.113384784607305
3944723.6180904526	1.383773312176836	36.65984682337683	21.356572155844606
3969849.2462311555	1.379421385150426	36.60046893461062	68.17660582834282
3994974.8743718592	1.3790590546506651	36.475492283781705	104.43995130988627
4020100.502512562	1.374952277117556	36.42414923976569	129.96174944169792
4045226.1306532663	1.3755521968183002	36.3227750637006	144.97695564034382
4070351.758793969	1.3724576631243162	36.22610557032519	149.31038407821126
4095477.386934674	1.3679978989626635	36.179432839284466	143.10362364685744
4120603.0150753767	1.3686868674384922	36.082810134082926	126.23046406769326
4145728.64321608	1.366205323885003	35.98571877445511	98.83332939104695
4170854.271356784	1.3633868131258717	35.94190812302299	60.77481821354419
4195979.899497488	1.3602766137879703	35.86608824595431	12.281225782006294
4221105.52763819	1.358775446888243	35.79869531290484	-46.74426301267463
4246231.155778894	1.3540504214287459	35.719370786042994	-116.41716011110472
4271356.783919598	1.354467277139246	35.59142923476904	163.31123893491903
4296482.412060302	1.3522707507630047	35.519902050414856	72.5924583936849
4321608.040201005	1.349593978705707	35.45439484967267	-28.565721588629856
4346733.668341708	1.3483965036053263	35.349198194462915	-140.14220993823326
4371859.296482412	1.3463823743321426	35.27869148397491	97.60583081959004
4396984.924623114	1.3441990860357595	35.2090329674696	-34.97880884793351
4422110.55276382	1.3386034779591292	35.15250557476883	-178.08829771819305
4447236.180904522	1.3380295632207877	35.08385798254423	28.248140753997223
4472361.809045227	1.33631249092537	34.980263597549396	-135.5690084448136
4497487.437185929	1.3333395970423252	34.93809675985443	50.04644902020533
4522613.065326633	1.330500844463751	34.833465644967404	-134.68229291038702
4547738.693467338	1.330899526518247	34.75601990486727	30.04701610391904
4572864.32160804	1.3291434361479824	34.62709756023417	-175.3524226467742
4597989.949748743	1.3237171659613634	34.63870151896729	-31.315325862516715
4623115.577889447	1.3218953859913791	34.52520493978035	102.44188695346753
4648241.206030151	1.3199715467963256	34.44415009341405	-134.04146471150014
4673366.834170853	1.3211782049381857	34.33919041767354	-20.878466416455154
4698492.462311558	1.3164967200577202	34.28058976262311	82.02351077869749
4723618.09045226	1.3162928368923286	34.151512453315505	174.55995717073193
4748743.718592966	1.3154442616157829	34.0924809656639	-103.0386134839095
4773869.346733667	1.3118428171601124	34.05350514105093	-30.92290772329869
4798994.974874373	1.31144583148282	33.952915506244295	30.876425083841273
4824120.6030150745	1.305780298190709	33.89237391061981	82.49889963379316
4849246.231155778	1.3039056349817113	33.81078358573651	124.01750941790345
4874371.859296482	1.3018872467679388	33.72337732773745	155.38945491943548
4899497.487437186	1.2998419365183094	33.63974343126796	176.56649477689027
4924623.11557789	1.3013218150123769	33.51225517093145	-172.4069683993234
4949748.7437185915	1.2994450768817971	33.44551755982673	-171.50242852747664
4974874.371859296	1.29656222828372	33.36411150474586	179.39881952670603
5000000.0	1.291856039262928	33.3328930931785	160.09264213875906
