0.0	0.572888180019069	139.87650188325446	17.675241003744215
25125.628140703517	0.564286276679881	139.33022401869437	80.24764214704355
50251.25628140703	0.5559213497908366	138.64567887559784	-156.21343036496117
75376.88442211055	0.5479637362874449	138.1416759116631	25.21635239967459
100502.51256281407	0.539623684941705	137.5054724234323	-98.31273961766588
125628.1407035176	0.5310682576698362	136.82255949358228	-170.44531882636673
150753.7688442211	0.522538665524205	136.30854852428604	165.25371579038045
175879.39698492462	0.5156310800141437	135.6225468352362	-175.3832525637445
201005.02512562813	0.5069734668782201	134.98611726855626	-116.7971754901308
226130.65326633168	0.4988889781207886	134.3113527333576	-23.944242647049265
251256.28140703513	0.4921371508658593	133.56950222868116	89.2332789041366
276381.9095477387	0.4852234907249861	132.80067613810382	-135.4726357233302
301507.5376884422	0.4770796828796359	132.13869034716475	16.672194131570386
326633.1658291457	0.46966273246977047	131.39405204776924	179.01953749340709
351758.7939698493	0.4630903306749723	130.50819307118707	-15.251363871313922
376884.4221105527	0.4553144743076998	129.86624193977644	145.68656304235435
402010.05025125627	0.44957898692385156	128.90763562806268	-65.97473976226806
427135.6783919598	0.44217866094729225	128.24252447146284	60.77390715062039
452261.30653266335	0.43555185795316137	127.41320152042576	156.70010633532692
477386.9346733669	0.4304006612819734	126.50179306691425	-148.1448193485784
502512.56281407026	0.4225447879202597	125.69525803210088	-144.39663506193324
527638.1909547738	0.41652822331497	124.80024778317005	156.92003991949477
552763.8190954772	0.41072947517776787	123.88188158444872	23.70743203519527
577889.4472361809	0.4050570147785138	122.87958559709831	163.59237538561638
603015.0753768843	0.39941510079445985	121.95346431291458	-156.36654843489424
628140.703517588	0.39505013194996524	120.96916122928847	130.10352652850003
653266.3316582914	0.3883024891010412	119.9990232695748	-71.46693308751543
678391.9597989948	0.38437658105047207	118.95950751419194	-56.326599535750965
703517.5879396984	0.3776859085547991	118.01732104209623	160.24303280517563
728643.216080402	0.37288439962936326	116.95963037424085	-157.9810174621851
753768.8442211054	0.3695163514770498	115.81143414655942	52.32616414944012
778894.4723618089	0.3640197503376684	114.71143148521102	54.20714662245133
804020.1005025125	0.35871665288943017	113.70665449141134	-170.33214129800916
829145.728643216	0.3546193906425384	112.56372952694879	81.11551943070535
854271.3567839196	0.3521804315645445	111.25492435265343	70.29300687929269
879396.984924623	0.34647072275869734	110.23756073254333	138.57106569500178
904522.6130653265	0.34403114366292264	109.04762171587771	-92.18386660562815
929648.2412060301	0.3407336025064542	107.77232289675158	78.9571270659762
954773.8693467336	0.33562974108652655	106.65170987681259	-85.8777578174222
979899.4974874371	0.33269260744367246	105.40606536155606	114.47896313269315
1005025.1256281405	0.3304646458816387	104.1822851850671	-57.07339536295912
1030150.7537688442	0.3281095093905194	102.75082623247758	101.25656112242739
1055276.3819095476	0.3251651901722267	101.66931383105525	-146.7442108685056
1080402.0100502511	0.32077799878147717	100.35905145296044	-97.57414579312604
1105527.638190955	0.320649302986315	98.88878695836566	-126.3938020315272
1130653.2663316582	0.31687294452845566	97.71370924113008	112.1431739284382
1155778.8944723618	0.3145119609900092	96.44362498802302	-114.03357184171587
1180904.5226130656	0.3135842084062623	95.03921025834454	-97.92442403136104
1206030.150753769	0.3122284394156601	93.74617400877004	148.57840827099474
1231155.7788944724	0.3097784450444293	92.47002436807351	-101.66520618580891
1256281.407035176	0.3079480334310263	91.16611738965231	-140.05794361528675
1281407.0351758793	0.3069643699637693	89.10392694887007	-84.46804109372309
1306532.6633165828	0.30591809829474054	87.81500009935077	20.21947197049233
1331658.2914572866	0.30523025463077263	86.53593842892745	-14.951269654915547
1356783.91959799	0.30469509977381926	85.15697561757202	-178.26933922661698
1381909.5477386934	0.3050541532261891	83.92283906859235	-136.82484520926545
1407035.1758793972	0.3059774215287607	82.72025843332455	113.09399351915667
1432160.8040201007	0.3048973483222492	81.30733663255546	-142.84595095822212
1457286.432160804	0.3051617732091218	79.90532093429552	-177.7407230937959
1482412.0603015076	0.30386513004023047	78.66616008841311	15.47540487028025
1507537.688442211	0.30412076256840403	77.3839346793916	86.15165892452613
1532663.3165829144	0.30538499228898963	76.13565593356604	44.52579193756561
1557788.9447236182	0.30667490615962456	75.02962719260795	-98.04770520807254
1582914.5728643218	0.3082451375482021	73.75259030119601	30.417424432445888
1608040.201005025	0.3081734824229795	72.40063775147874	83.78017850807989
1633165.8291457286	0.3101006168259614	71.47002891434188	75.89073376721625
1658291.4572864324	0.3107881985355849	70.03458849209257	21.47328544450438
1683417.0854271357	0.3116482309456286	68.87072894225945	-64.30448079677171
1708542.7135678392	0.31440865269194773	67.71486234949745	-165.7382802833044
1733668.3417085425	0.31528792598501926	66.59818265514356	93.01227585418108
1758793.969849246	0.3158366337876899	65.51560073287463	8.495276219716908
1783919.5979899499	0.3192162080792686	64.47248565580904	-43.68885088647956
1809045.2261306534	0.3194790499682815	63.32221695497228	-47.001060846066
1834170.8542713567	0.322112615845641	62.54878979912235	14.957406811794172
1859296.4824120603	0.3241155473857426	61.23769520950003	157.88027959415447
1884422.110552764	0.324857434928485	60.24126289475827	37.65540612682816
1909547.7386934676	0.32787082686855984	59.446925590232446	29.583458158358667
1934673.3668341709	0.32972472954310045	58.270526185746206	149.2417622861118
1959798.9949748742	0.3312324080720523	57.32039274972393	51.04243553154905
1984924.6231155777	0.33484291207025235	56.35067438092351	110.05996026072758
2010050.2512562815	0.3383649263017165	55.48272259711327	-20.158182336447695
2035175.879396985	0.34116671262575504	54.61328818965263	33.61772527334051
2060301.5075376884	0.3435603482128098	53.790724427789236	-75.73074418309218
2085427.135678392	0.3453424146878578	53.0353138105765	24.153647015668405
2110552.763819095	0.3475346915384374	51.99500487643442	-14.455530918124293
2135678.391959799	0.35047573022876494	51.39801041171412	179.49692411023125
2160804.0201005023	0.35433266734409613	50.47280239783771	-102.80304474209281
2185929.648241206	0.3560317156445798	49.795557203861875	-131.20400176189304
2211055.27638191	0.3593317129306409	49.01729758123822	104.246270531574
2236180.9045226136	0.36166155192399874	48.20922470580558	-106.88967838058419
2261306.5326633165	0.36367271532621576	47.359235804906824	-35.74424017194803
2286432.16080402	0.3675150991906257	46.70273240757693	-34.01597483985814
2311557.7889447236	0.37197432122594304	45.99918596577304	-93.21182064017447
2336683.4170854273	0.37502838169187475	45.300307983376605	153.6319912693224
2361809.045226131	0.37719286526821527	44.729611728797835	-6.082116640538586
2386934.6733668344	0.3792996919002409	44.05480601291762	154.49448373738173
2412060.301507538	0.3840471048514294	43.384439459460516	-78.76589390666302
2437185.929648241	0.38496599249517677	42.7049130962472	20.265858461575196
2462311.557788945	0.38897543359412545	42.07168780625197	97.4643151479007
2487437.185929648	0.392212861754027	41.55573911501027	157.79939447471645
2512562.814070352	0.39637514398350926	40.955668937294206	-153.8666560526404
2537688.4422110557	0.40001137086542354	40.365148141355554	-112.83981000593994
2562814.0703517585	0.40230490738276864	39.852153528595494	-74.90408935457135
2587939.6984924623	0.4056474378266376	39.35735074043716	-36.03680313882457
2613065.3266331656	0.40827555970412094	38.8641383038665	7.45581442219973
2638190.9547738694	0.4127554417258925	38.22447405351083	59.222054730113854
2663316.582914573	0.4160815591555524	37.677538737210746	122.16495582627661
2688442.211055277	0.418506899909372	37.167807572124154	-160.5566410999811
2713567.83919598	0.422263579740715	36.71493827314478	-66.03352438480293
2738693.467336684	0.42563583156537393	36.28088618834895	48.02218833237345
2763819.095477387	0.4275224300133869	35.754501118913524	-175.65496002790084
2788944.7236180906	0.4307018686992335	35.47394496555109	-14.869034697021638
2814070.3517587944	0.43375427942489353	34.85878960501877	172.0983625705632
2839195.9798994977	0.4392709791136091	34.45116704733254	27.283543064881126
2864321.6080402015	0.4408472441165479	34.01675617014293	-87.55561430352297
2889447.2361809043	0.44405708043296055	33.57526461795374	-170.7546971901286
2914572.864321608	0.4486748026693085	33.14458061214113	138.79270329703468
2939698.4924623114	0.4515476866950465	32.83798873150009	122.74825169932434
2964824.120603015	0.45576536291774034	32.39134717529087	142.34924202950566
2989949.748743719	0.45746917831228884	32.00855471890992	-161.43768900160202
3015075.376884422	0.46054076064655236	31.61217331849409	-67.52423850216641
3040201.0050251256	0.4647587533691479	31.22207513241476	64.58779078440027
3065326.633165829	0.4680742069353467	30.933615066378383	-123.70604611780752
3090452.2613065327	0.46934692026237007	30.550677678010445	88.17386979806436
3115577.8894472364	0.4748592940069918	30.165022022536707	-19.43672165650899
3140703.51758794	0.47789862322279286	29.853939011914445	-85.56476077663366
3165829.1457286435	0.4817435844131752	29.517779064387064	-110.17687410184061
3190954.7738693473	0.48494831398560745	29.194862707611083	-92.37487426129374
3216080.40201005	0.48680645159847746	28.852185491574108	-32.003790472535066
3241206.030150754	0.48869257973750807	28.593457789409662	71.43525667907562
3266331.658291457	0.494319596528606	28.210574609385986	-141.98292262077538
3291457.286432161	0.49513597031925705	28.04872312104269	47.993283000400474
3316582.914572865	0.4992150691157097	27.84004050380523	-76.35248994320982
3341708.5427135676	0.5032590061123049	27.481953802094168	-133.59243381571048
3366834.1708542714	0.507721961991216	27.09715819246016	-147.195770266875
3391959.7989949747	0.5083651815980809	26.869829973274044	-117.20717365198531
3417085.4271356785	0.5126936806314909	26.57175241971289	-44.0246790545063
3442211.0552763822	0.5165656157138383	26.33006809692703	72.44643961105274
3467336.683417085	0.5174745629139278	26.082481475776934	-127.59711037117813
3492462.3115577884	0.5231703240807016	25.774411905430718	75.59999532700428
3517587.939698492	0.5264344506340507	25.51904534091423	-37.80324109339104
3542713.567839196	0.5279117163016852	25.268289118286198	-107.8026424599684
3567839.1959798997	0.5295797426758613	25.017743501483615	-135.17680385514007
3592964.824120603	0.5329993174957689	24.838271047614615	-119.35963631344111
3618090.452261307	0.5357133518181176	24.59413722372777	-60.919943988663405
3643216.0804020106	0.5386869850848375	24.3006726105957	40.23958984590839
3668341.7085427134	0.5431675901353578	24.073274187097986	-176.0482818663855
3693467.336683417	0.5463528510991064	23.82019022019538	9.520930732445944
3718592.9648241205	0.549542455694122	23.588696637429724	-122.89604379738871
3743718.5929648243	0.5531842073876289	23.387135179345744	146.28864564278553
3768844.221105528	0.5563975442809155	23.145047442287304	97.14001827467828
3793969.849246231	0.5582883797144498	22.93168079028725	89.18532575069909
3819095.477386934	0.5606367171353033	22.73016652160025	122.11417473188105
3844221.105527638	0.564785400768047	22.539847751774357	-164.46850771106193
3869346.7336683418	0.5667406880551614	22.337233769371462	-50.56550408723917
3894472.3618090455	0.5689886990663982	22.157066741299868	103.6030490626252
3919597.9899497484	0.5709358667596022	21.956406500031793	-62.51289793162375
3944723.6180904517	0.5733938400108146	21.744873759847817	170.72114082817805
3969849.2462311555	0.5794860257773738	21.542817275240324	83.31453589802469
3994974.8743718592	0.5799964223662102	21.41026863408296	34.897930094139525
4020100.502512563	0.5820063440496315	21.18557211917119	24.823116666017153
4045226.1306532663	0.5877895117522116	20.982732529442732	53.03395955928527
4070351.75879397	0.5882104447836562	20.814673453021307	119.15627806071247
4095477.386934674	0.5902947846599248	20.660661343859275	-136.84342103611445
4120603.0150753767	0.5949497841494252	20.44980571943939	4.0157338365994075
4145728.64321608	0.5965122435413958	20.329934976381796	-177.9101390400727
4170854.271356784	0.6002417812390056	20.14258523490491	36.77236104090799
4195979.899497488	0.6035211155005551	19.950928246303814	-72.14354215591408
4221105.52763819	0.6039510226508079	19.81155634586273	-145.1741528490015
4246231.155778894	0.6093189035339671	19.616881412552686	177.60704663199746
4271356.783919598	0.6089779292349884	19.49805823104082	175.64105927954307
4296482.412060302	0.6143290849523586	19.274201693448237	-151.33684891078897
4321608.040201005	0.6171047947284909	19.160337748796973	-83.52141742807675
4346733.668341708	0.6191207586644788	18.99635124289822	18.520649235007042
4371859.296482412	0.6213396242645586	18.85731820633126	154.51389504480326
4396984.924623116	0.6235370035415302	18.70699718486072	-35.54260214947588
4422110.55276382	0.6239782041250167	18.571172863862873	167.64615443151135
4447236.1809045235	0.627852916032144	18.412026239962245	43.860305390869435
4472361.809045227	0.6317708824225232	18.25817894528593	-46.93150418880902
4497487.437185929	0.6324239445578898	18.168081454852175	-105.51492951965318
4522613.065326633	0.6373789443360259	17.965202138074464	-131.87670752865617
4547738.693467336	0.6367793143052909	17.88541366867294	-126.57780150587116
4572864.32160804	0.6390088719396971	17.759794685513718	-89.56840389319743
4597989.949748743	0.6413424888087028	17.648217918756195	-21.522839000067346
4623115.577889447	0.6470721563598069	17.44531080216205	77.51951789883087
4648241.206030151	0.6480693576059723	17.303227882010866	-152.8513262697003
4673366.834170855	0.6485766639281818	17.214078695040783	6.712871515304469
4698492.462311558	0.6534842423113368	17.062051542449357	-163.54307473932695
4723618.090452262	0.6546431061253768	16.978789490224564	55.9234075683759
4748743.718592966	0.6596665394092198	16.792264479144873	-55.140098903328955
4773869.346733669	0.6582041709528056	16.71948454878894	-137.24626729816245
4798994.974874373	0.6613230016910394	16.57845250862764	169.4285011818303
4824120.603015076	0.6624668547987922	16.480164001734423	144.5544751628277
4849246.231155778	0.6665165332634875	16.359480812205327	147.9318412884852
4874371.859296482	0.6695444564616896	16.193429189322522	179.3676734123283
4899497.487437186	0.6693601561664223	16.119556724527676	-121.71273838260645
4924623.11557789	0.6753966465836687	15.972958326505543	-35.451398970104584
4949748.743718593	0.6777893129960485	15.853829318770718	77.80036668266736
4974874.371859296	0.6761745448561586	15.788417891191441	-141.82296087178221
5000000.0	0.6811207159565482	15.642479821188005	24.88726390739206
