0.0	0.900654207108812	85.87809291130608	-120.66985766730322
25125.628140703517	0.8936598169510905	85.9221769499668	110.80911690041168
50251.25628140703	0.8954378946367684	86.03473115597066	-15.18276661106686
75376.88442211055	0.8925193648515181	86.18291206378842	-109.9993955909726
100502.51256281407	0.8862287554450867	86.64246463861795	-167.6543146178957
125628.1407035176	0.8867862392092731	86.6202586103491	166.7455900711747
150753.7688442211	0.8823891100054085	86.78263461093924	156.86198589898453
175879.39698492462	0.8784773660196852	86.7321903482887	140.67402279638605
201005.02512562813	0.8773729897413297	86.44048831980231	92.58076567616762
226130.65326633168	0.8753034670097354	85.85840924276113	-20.360246692365855
251256.28140703513	0.8728511948720419	84.643471144621	104.49814947181478
276381.9095477387	0.8705817194469119	83.48724217708263	67.45279913350497
301507.5376884422	0.8682204112939028	83.16514076907835	-86.5267973432485
326633.1658291457	0.8664175685663278	83.18240115137604	119.44548071269746
351758.7939698493	0.8627116774891419	82.47855897915395	-77.49179797240154
376884.4221105527	0.8605885425204641	81.91467559613885	-43.025956838545994
402010.05025125627	0.8577049655508348	81.89536305849462	-33.21452168876677
427135.6783919598	0.8553322898756108	81.03359635026894	-106.83988374674065
452261.30653266335	0.8538197380890926	80.83516098957459	122.2302939670378
477386.9346733669	0.8539649487039398	80.05160913656654	-83.59488004006246
502512.56281407026	0.8505929209779557	79.79357807969409	19.249758777379792
527638.1909547738	0.8468255445950689	79.52635877756336	46.45873637038392
552763.8190954772	0.8479756338606146	78.8680044942094	9.994945198026372
577889.4472361809	0.8457110399347769	78.36975463145082	-86.85241467723861
603015.0753768843	0.842750154159404	77.95788589306076	111.42697399772895
628140.703517588	0.8429278127605218	77.39517943562939	-114.0604307114453
653266.3316582914	0.8413037266432787	77.01166373196436	-44.05485529798572
678391.9597989948	0.8404172386401334	76.61274049756646	-37.6361168804331
703517.5879396984	0.8377246303545309	76.2234180061364	-93.32265678584487
728643.216080402	0.8375418047725196	75.68979405937937	148.16661750296188
753768.8442211054	0.8345530908092822	75.36239491869945	-34.473604894021655
778894.4723618089	0.8309492701314704	75.05053876887779	81.38615320237821
804020.1005025125	0.8298158987820514	74.53398935791994	134.78851756519998
829145.728643216	0.8300687345296278	74.06544656812548	127.04069812808704
854271.3567839196	0.8291302851910107	73.6787855535398	57.24492603745606
879396.984924623	0.8275828562584904	73.25296479768895	-73.60655439719113
904522.6130653265	0.8283566808143532	72.73791205901321	94.85517982250933
929648.2412060301	0.8265620126479418	72.3196035712395	-156.98734875267704
954773.8693467336	0.8258600963695611	71.92993807512073	-108.71390357143899
979899.4974874371	0.8253214727777828	71.49309352150242	-120.29070553237474
1005025.1256281405	0.8228252731589394	71.14516984488705	168.85520133074064
1030150.7537688442	0.8238455487589861	70.66604347676447	38.70083479572998
1055276.3819095476	0.8226682484916005	70.22686619743357	-149.30573695387443
1080402.0100502511	0.8186638655250597	70.01827378498619	-35.928856982134484
1105527.638190955	0.8191937012245394	69.52811637482354	20.032076179760995
1130653.2663316582	0.8177392382495624	69.24358995885282	18.964279869329292
1155778.8944723618	0.8179957297493344	68.76362008748917	-38.795694086207966
1180904.5226130656	0.8196228479128501	68.20943071884935	-153.04697029844067
1206030.150753769	0.8183723875400799	67.859393528491	36.85312351771674
1231155.7788944724	0.8140851148767858	67.55837192375438	171.44137177873304
1256281.407035176	0.8173115031872539	67.05267957778835	-108.67662074063401
1281407.0351758793	0.8149355035151709	66.72753659546143	-83.12797008346851
1306532.6633165828	0.8156680584064396	66.29538797059584	-111.57162412078785
1331658.2914572866	0.8143034102608573	65.91987964676744	166.4277406972997
1356783.91959799	0.8126816808960292	65.63915304945981	31.729613001638064
1381909.5477386934	0.8132951116427317	65.15162968973858	-154.9927469270284
1407035.1758793972	0.8138662822148955	64.76232275043873	-33.94949916507162
1432160.8040201007	0.8142827036261768	64.40193369122235	36.037090627891956
1457286.432160804	0.8105776519367819	64.1855932844003	55.08926246659332
1482412.0603015076	0.8095155372149127	63.75587990007958	24.03217680223725
1507537.688442211	0.8124431111401932	63.31198407600663	-56.785731357938154
1532663.3165829144	0.8133713074363502	62.859446982038804	173.27676275678394
1557788.9447236182	0.8088385760317235	62.64689510142617	-5.16424170525794
1582914.5728643218	0.8113868045309329	62.15158081547178	128.2616467637716
1608040.201005025	0.8105608807330735	61.87754525603239	-146.01577635744576
1633165.8291457286	0.8112190787659798	61.49196441536325	-107.05391463746935
1658291.4572864324	0.8127477630783042	61.02178000042039	-114.38680858466316
1683417.0854271357	0.8088053681066911	60.8626872967447	-167.72467879630094
1708542.7135678392	0.8086692365378917	60.536673735084136	93.49548980534762
1733668.3417085425	0.8094204713627301	60.13511564425937	-49.68580708033081
1758793.969849246	0.8080780751828819	59.75555047266368	122.5566359446388
1783919.5979899499	0.81180766412494	59.292551250504694	-108.48480767900105
1809045.2261306534	0.8117233228394681	58.96440451550187	-22.959785828474704
1834170.8542713567	0.8105768373602823	58.67150402691114	20.171502560491184
1859296.4824120603	0.8104574547457192	58.375661832516705	21.453169712952985
1884422.110552764	0.8094488124875769	58.02489874140816	-18.76193650451543
1909547.7386934676	0.8091520052001453	57.66990127324342	-99.75351660060996
1934673.3668341709	0.8088682463593894	57.34058149797829	138.85145830215444
1959798.9949748742	0.8089798656345536	57.057366709624354	-22.301135734603957
1984924.6231155777	0.8105485846964969	56.7090095875025	137.36435779545567
2010050.2512562815	0.8130405940325764	56.245453994384825	-101.5849965563303
2035175.879396985	0.8101725955943303	56.0583901418411	-18.604042844666736
2060301.5075376884	0.8133088721116349	55.65189917685933	26.6716343313867
2085427.135678392	0.8099698569975283	55.49411810426319	34.856367349925755
2110552.763819095	0.8101261966201329	55.08251729566505	6.584859004331374
2135678.391959799	0.8138587600362288	54.659401759938326	-57.61382801719501
2160804.0201005023	0.8145576553615117	54.33175145718054	-157.52238861892494
2185929.648241206	0.8147734812984876	54.04777255123414	67.79844551075699
2211055.27638191	0.8124434686316583	53.77163158975126	-100.99665230615096
2236180.9045226136	0.8115993439505869	53.57115753707513	55.91148308541793
2261306.5326633165	0.8114859109662268	53.20312691673354	179.59411184704453
2286432.16080402	0.8169495952546391	52.78494768673671	-89.59748833306593
2311557.7889447236	0.817042897774259	52.50010868410564	-31.15369276128603
2336683.4170854273	0.815447956385504	52.25340627168566	-4.565391130932873
2361809.045226131	0.8170403413066458	51.89514777172836	-9.291985089633183
2386934.6733668344	0.8136342443608153	51.75294340781204	-44.79756153772695
2412060.301507538	0.816808287910596	51.36750630609562	-110.60683860947314
2437185.929648241	0.8164577156158865	51.094862643454704	153.44144945105126
2462311.557788945	0.8193607288810182	50.74156438134872	28.19671331726257
2487437.185929648	0.8189317868972007	50.46319598042587	-125.92179074063615
2512562.814070352	0.8205378727430575	50.152417206485254	51.202015182044285
2537688.4422110557	0.8174714714745663	49.93613796870642	-159.44867322751625
2562814.0703517585	0.8218791398512654	49.55938106878234	-37.38902443199082
2587939.6984924623	0.8171041307833166	49.46170970951356	57.2869541020429
2613065.3266331656	0.8178578621588571	49.18258103704158	125.42861556988116
2638190.9547738694	0.8197991561817942	48.847293360130074	167.37446254800923
2663316.582914573	0.8185798337624145	48.56363919634059	-176.21648371377532
2688442.211055277	0.8209555554983131	48.31192343446009	174.8225454607795
2713567.83919598	0.8252947432249749	47.89293660994859	140.79409902495723
2738693.467336684	0.8246116049400647	47.66338678257393	82.41659622532538
2763819.095477387	0.8217018912741688	47.49089671095037	0.12501994393624505
2788944.7236180906	0.8269712898049528	47.08854368200592	-105.64312285992435
2814070.3517587944	0.8236244686627651	46.94405650367795	125.36023286642593
2839195.9798994977	0.8229784446108261	46.761803727315915	-26.425464551045625
2864321.6080402015	0.8275221326294333	46.35869062814302	159.19533831853857
2889447.2361809043	0.8258897550361277	46.14936924959035	-36.704230240816194
2914572.864321608	0.824965883997009	45.983319261355376	105.58213828495857
2939698.4924623114	0.8285358402161127	45.575818672221565	-133.51361951673775
2964824.120603015	0.8283405556367982	45.36693681912064	-32.98867823337838
2989949.748743719	0.8262109548671626	45.193641613375	46.905315896492915
3015075.376884422	0.832714654151362	44.80086820711128	106.60328571921806
3040201.0050251256	0.8281602540298504	44.675007678109424	146.75175625346972
3065326.633165829	0.8322630926228854	44.34753175453815	167.8128993110646
3090452.2613065327	0.8302798881489136	44.20144605925753	169.7249605362557
3115577.8894472364	0.833156773729581	43.88951150868989	152.81750254277432
3140703.51758794	0.8309504659173889	43.74381870743242	118.05839688756492
3165829.1457286435	0.8341393640204592	43.41560114470615	65.02614121576966
3190954.7738693473	0.8358796168348823	43.172005555465624	-5.379947447381293
3216080.40201005	0.8336046360585462	43.01902079109943	-92.70227639421228
3241206.030150754	0.8387454825081913	42.63038071518089	162.58524047354373
3266331.658291457	0.8351626220509295	42.523977588889004	41.30199084041984
3291457.286432161	0.8369380461164256	42.29385435214283	-95.71877162899047
3316582.914572865	0.8343970594116841	42.146372781403365	110.87115123951035
3341708.5427135676	0.8410262717677864	41.73570182289599	-58.005128478083435
3366834.1708542714	0.8422083696754236	41.51142593299281	117.72185695908007
3391959.7989949747	0.840440401778904	41.34658117504358	-81.37396801674304
3417085.4271356785	0.8381626775955172	41.19135539500037	64.55088998181732
3442211.0552763822	0.8385200025783047	40.979449640809094	-163.7235405540905
3467336.683417085	0.8444087456094455	40.66840483067533	-46.27867840024027
3492462.3115577884	0.8385048675807694	40.565932206414814	57.28531423749979
3517587.939698492	0.8407572228800905	40.30025711093942	147.52186152514236
3542713.567839196	0.8407655293968805	40.136609049297896	-135.77803131794334
3567839.1959798997	0.8469308607190952	39.78589671939724	-71.80415133289497
3592964.824120603	0.8474756215857381	39.61724630885756	-20.92588293694761
3618090.452261307	0.8438224281028013	39.48813309934503	17.69413247826902
3643216.0804020106	0.8426198577075167	39.30047031393883	44.20260660816029
3668341.7085427134	0.8479434023037992	39.02937504577843	58.807499611284875
3693467.336683417	0.8502950623692195	38.783932991757645	61.33188959712762
3718592.9648241205	0.8484424155912279	38.60795514023222	52.94963976765501
3743718.5929648243	0.8463034540524937	38.527816027307765	33.02309699056569
3768844.221105528	0.8503271177241519	38.20078856380971	2.341131297906475
3793969.849246231	0.8498180976684954	38.06031069055136	-39.51974448501033
3819095.477386934	0.8520659360705605	37.794245382280906	-91.42790695675598
3844221.105527638	0.8494384324843568	37.68294541718731	-153.37534037638633
3869346.7336683418	0.8490958137302195	37.53648011182878	134.18721282870158
3894472.3618090455	0.8566557864138543	37.182945342537714	52.31911146299492
3919597.9899497484	0.8548328135799014	37.028124454989836	-39.170009442919614
3944723.6180904517	0.8566957243491384	36.82222506097481	-140.38649464870946
3969849.2462311555	0.8574638465524792	36.64176956665459	109.54868437560378
3994974.8743718592	0.8569963969036454	36.45982370072875	-9.079998826096045
4020100.502512563	0.860779524039419	36.20060290774455	-136.80051223671273
4045226.1306532663	0.8544275589125171	36.1632180210644	87.06430717595279
4070351.75879397	0.8615619161717497	35.860240846638455	-57.33233077108054
4095477.386934674	0.8573640856893586	35.76860923495146	150.072930268377
4120603.0150753767	0.8646495424022218	35.47068487352523	-10.423105956248344
4145728.64321608	0.8640719797017452	35.29296226225268	-178.39710725636192
4170854.271356784	0.8622588826795501	35.19240577722123	5.690210379442814
4195979.899497488	0.8664792206694047	34.92522997956378	-177.1235600849484
4221105.52763819	0.8605675292614396	34.939713418543036	-7.2320481630584945
4246231.155778894	0.868437986699935	34.56506178604523	155.84965603934774
4271356.783919598	0.8680171827373606	34.42453154684732	-47.94495187825073
4296482.412060302	0.860652589731993	34.38376321598469	101.83392163355829
4321608.040201005	0.8673090310962747	34.13226459755753	-115.09461481511059
4346733.668341708	0.8698163168829902	33.92038360017871	22.05002021239562
4371859.296482412	0.8668392342326159	33.833060275551645	152.94730197392514
4396984.924623116	0.8638181326114516	33.72651209827563	-81.72736188315798
4422110.55276382	0.8732669207782531	33.39192737778863	37.707810916281105
4447236.1809045235	0.8679146365476934	33.34398350041474	151.25146162639558
4472361.809045227	0.8684721929197454	33.1966020724867	-99.98911890743166
4497487.437185929	0.8758644994687436	32.89423420974942	3.1472197776177047
4522613.065326633	0.8766136399738895	32.72437313174732	101.15348505561525
4547738.693467336	0.8768158669562401	32.56102378993362	-165.4601182172662
4572864.32160804	0.8683354011931909	32.599961910667645	-77.08789030445499
4597989.949748743	0.8720173631166952	32.39626592599463	6.8556770661430795
4623115.577889447	0.8701480767162822	32.23382492629169	86.00765580997545
4648241.206030151	0.8716125581224022	32.05477443672794	161.31891348978164
4673366.834170855	0.8775406359127095	31.822559938303883	-127.99582142521639
4698492.462311558	0.8811157972487502	31.629870632793654	-61.05640616703999
4723618.090452262	0.8790267577479088	31.5394422707477	1.9336525800314335
4748743.718592966	0.8731737670984148	31.4812281796494	61.28944423107497
4773869.346733669	0.8779621603377411	31.235138248247335	117.20380780826495
4798994.974874373	0.8846786052833648	30.988376279530257	169.32158274730384
4824120.603015076	0.8856439635156571	30.84164390099204	-141.83544791319417
4849246.231155778	0.8847745959139202	30.718357831174657	-95.95165095977065
4874371.859296482	0.8777157519045663	30.6954202769842	-53.51837779233106
4899497.487437186	0.8770384060849251	30.57878426682251	-13.732107066895892
4924623.11557789	0.8884923196368865	30.26711001761168	23.328330315850128
4949748.743718593	0.8877182199527444	30.150384480101746	57.74640785339534
4974874.371859296	0.8897360468520298	29.9603518752567	89.30067543132252
5000000.0	0.8819094817615947	29.987141343241337	118.59243576889995
