0.0	1.0987815540218422	92.0541826806779	32.59410662353665
25125.628140703517	1.0930507056454029	91.66801997400745	-71.03594188381688
50251.25628140703	1.0893313114490402	91.10859953803458	86.29854623857703
75376.88442211055	1.0843009507457297	90.49034384631689	-138.63756537682985
100502.51256281407	1.0832897637755012	88.64457206510005	-147.9312598102649
125628.14070351757	1.0750812699710954	88.55732693991388	80.48035247045262
150753.7688442211	1.074033963589281	88.27616892391788	-36.513168729165244
175879.39698492462	1.0729323941938904	87.35647847486753	131.91315635462254
201005.02512562813	1.0647798731995393	88.16349144550045	-35.3537100476877
226130.65326633162	1.0645249259675658	87.65837928300313	146.27333986641204
251256.28140703513	1.0629785977238593	88.88609373551046	42.117992188954084
276381.9095477387	1.0566670737646764	90.16765368592627	76.60671805806435
301507.5376884422	1.0538011766943463	90.61274014549345	-121.05955689662476
326633.1658291457	1.0526038433648253	89.87063542984822	17.701225005817964
351758.7939698493	1.0482803175043511	90.31890122074292	-178.5571694392061
376884.4221105527	1.0403608597930336	89.34351156046051	-30.032504933214582
402010.05025125627	1.0335174744336189	89.07895959600789	50.06910716023127
427135.6783919598	1.0387656943455665	88.72716711027675	179.2649490827003
452261.30653266335	1.0266668715749008	87.6439326307065	-57.75557171436747
477386.9346733669	1.0350509326327677	85.85765498670042	10.31369626696642
502512.56281407026	1.0233063222154029	86.18487065792611	173.69514544022644
527638.1909547738	1.0193205962348528	85.15880993588225	-166.3839757522102
552763.8190954772	0.9965828934993918	85.01089372846636	-120.1289808047615
577889.4472361809	1.0214856092993734	83.22900283447866	-78.45668290164281
603015.0753768843	1.0019623909770072	84.18295439504604	92.0840129309149
628140.703517588	1.0227692630351064	82.07480301958616	66.99797585729408
653266.3316582914	1.0295829246683734	80.92829812448015	6.952747124792877
678391.9597989948	1.0142833295555114	81.71785106383432	-133.42692299281978
703517.5879396984	1.0086759588923275	81.88132170960269	149.83643295675876
728643.216080402	0.9716472578478429	82.75779668229997	-19.321045667507054
753768.8442211054	0.9778576746009887	81.4707752049789	-82.59764931656743
778894.4723618089	0.9861675491222863	79.16591102202477	166.51684105339132
804020.1005025125	0.9984250778586218	77.8790551858825	160.55519756041667
829145.728643216	0.9795370710467932	78.80274870261842	45.43170803795866
854271.3567839196	0.9992519523179118	77.515172034534	-67.81881575323959
879396.984924623	1.014335150610904	76.10707255951196	55.85155833617978
904522.6130653265	1.0285863762136187	75.2546957541092	71.869499631939
929648.2412060301	0.9920437517220984	76.27388563395833	24.8807557436691
954773.8693467336	0.9755434119641898	76.61686056795217	-122.32741657750942
979899.4974874371	1.0317145547443247	73.73130073660707	2.8353320953893766
1005025.1256281405	1.014083734351739	73.98510333501585	49.0814725165082
1030150.7537688442	0.9736738647653191	75.37948891861157	10.452799967728264
1055276.3819095476	1.0236713247161218	72.77218432682555	-112.45847876856756
1080402.0100502511	0.9771737926334682	74.35716463354213	41.214330603405166
1105527.638190955	1.0110032316353155	72.44623794210736	114.88286597920896
1130653.2663316582	1.007014742766883	72.17982277733604	106.48390252063106
1155778.8944723618	0.99291749452575	72.43151502886539	19.147950152433808
1180904.5226130656	0.9971169010387	71.79138688985631	-146.84323866283518
1206030.150753769	1.0202675579788318	70.49457015602685	-36.365977887060936
1231155.7788944724	1.0049047163647709	70.71993595131765	-7.238734224288591
1256281.407035176	1.000997510606452	70.50461171070613	-56.27317535230869
1281407.0351758793	1.0328166538292063	68.84738803596616	178.1640515981164
1306532.6633165828	0.9976672042311464	69.85292787722295	-23.387407734493365
1331658.2914572866	0.9876737245666602	69.86501903106495	59.369348544450496
1356783.91959799	1.0337077543086257	67.69057948772972	68.25265237919393
1381909.5477386934	0.9901084481317614	69.0036259004967	3.4966220302725572
1407035.1758793972	0.9657981138552287	69.53840485013227	-135.9003427096563
1432160.8040201007	0.9663580416803453	69.26966403746391	11.905439216065867
1457286.432160804	0.9968323072546175	67.63490050448947	87.39387579406288
1482412.0603015076	0.9968604208305885	67.27776033039068	90.69401889331229
1507537.688442211	1.009741600806341	66.4275637630884	23.172119579196636
1532663.3165829144	0.9659370223005926	67.76566128772974	-116.06414243633347
1557788.9447236182	0.9992606325213614	66.12972652488756	34.411151979673505
1582914.5728643218	0.9674913904494438	66.93180842232078	115.18666069154698
1608040.201005025	0.9788705730234498	66.1402547905247	125.4915368681683
1633165.8291457286	1.014486496577388	64.52074648791894	67.55202403295661
1658291.4572864324	1.0349167212197619	63.502151981278686	-58.70063774766706
1683417.0854271357	1.0074170175434536	64.08679991743331	106.30517708372656
1708542.7135678392	0.9781146593236039	64.81227184364496	-156.25694783620253
1733668.3417085425	1.003955107975418	63.54017555230699	-125.70361932618617
1758793.969849246	1.036027909719526	62.16330730163933	-162.1790935149171
1783919.5979899499	1.0212742236494068	62.31255667578947	95.12330458088147
1809045.2261306534	1.0118742958237976	62.351854279692105	-73.88947359788618
1834170.8542713567	1.0086717458574523	62.09939759211048	51.37055465475874
1859296.4824120603	1.0027545306066654	61.978644782776826	111.43722333026356
1884422.110552764	0.9881933833414007	62.19889361718314	106.48220913327073
1909547.7386934676	0.9658116931855012	62.68046396108104	38.011069656907345
1934673.3668341709	1.017812838929047	60.58298294981156	-95.31054454693498
1959798.9949748742	0.9825284972591012	61.46464755511123	68.040681535368
1984924.6231155777	1.0274491044593523	59.660630475613466	169.10235711755956
2010050.2512562815	1.0310912686580356	59.258203604897425	-153.4856704282903
2035175.879396985	0.9871464351227943	60.33652538087934	-179.15471197765876
2060301.5075376884	1.0291301288705572	58.685868905152226	93.65479127521819
2085427.135678392	1.0235319181387323	58.5846348238876	-55.158152338551034
2110552.763819095	1.0001221357964654	59.04948991735422	94.90956202753647
2135678.391959799	1.032813417085598	57.7158213153879	-175.99210296451355
2160804.0201005023	0.9882813033841404	58.851486954261546	-148.33624458386112
2185929.648241206	1.0255773355236382	57.362671684877846	-179.79905652469603
2211055.27638191	0.9723687676197809	58.811711186310156	87.40417405537808
2236180.9045226136	0.9893906275134716	57.95897409829812	-64.08946880536789
2261306.5326633165	1.0113591839104894	57.015409496699085	84.97977078554811
2286432.16080402	1.0348495910856454	55.99679071245163	175.2649081042963
2311557.7889447236	1.0071586707695226	56.583827178871964	-153.00824348741722
2336683.4170854273	0.9881337496861805	56.87674848407815	-179.70086961679365
2361809.045226131	0.9738811713526437	57.06395198966634	96.47268102222247
2386934.6733668344	0.9819360545230185	56.52133295886227	-45.50794986673171
2412060.301507538	0.9647814363927352	56.77193583431745	114.80871043597654
2437185.929648241	1.012263969595753	55.06686484333357	-140.97711852953563
2462311.557788945	0.9969502578193943	55.24908256789131	-93.80750297824574
2487437.185929648	1.0115746764861546	54.558408948950245	-102.62962900796487
2512562.814070352	0.9681547093646861	55.57344525572903	-167.48248678352306
2537688.4422110557	1.0240773167617248	53.68205991660092	71.44855097977778
2562814.0703517585	1.0057379367778365	53.94512798683522	-103.83893482939384
2587939.6984924623	0.9677776140934582	54.82361945411149	25.49549968744085
2613065.3266331656	1.0316207258319239	52.723234595494695	99.60725960554181
2638190.9547738694	0.974232812280446	54.10652134452515	119.73789341852431
2663316.582914573	1.0349022311658755	52.18392645131902	86.08420466744327
2688442.211055277	0.9865903693051185	53.285921533077726	-0.9960971691476211
2713567.83919598	0.9663353173052004	53.622794046659614	-142.12086381425698
2738693.467336684	0.9712642932366743	53.20762694790694	23.929442724422945
2763819.095477387	1.0170932304864113	51.68934127794988	136.41331177483644
2788944.7236180906	0.9809222535802736	52.43005248064509	-163.11745751804375
2814070.3517587944	1.0185542335925146	51.17966567468918	-154.2129479110435
2839195.9798994977	1.0036895954810718	51.30195789749655	161.95043978472359
2864321.6080402015	0.9806216722242405	51.720774730622935	66.91320673417732
2889447.2361809043	0.974093690205977	51.65357287134345	-80.27150871977322
2914572.864321608	0.967027448639255	51.657369010599226	82.57764475260625
2939698.4924623114	1.0278577755353333	49.732007752669084	-165.77671778041835
2964824.120603015	1.0307906935836952	49.451338373923484	-104.6856962919732
2989949.748743719	0.9656340698595445	50.999405717696845	-93.8893065886187
3015075.376884422	0.9712316245321106	50.54345252638582	-133.14711215564262
3040201.0050251256	1.0167870019856216	49.107948643687216	138.3106258460052
3065326.633165829	1.0100162526348042	49.080849776758086	0.5648691948290567
3090452.2613065327	0.9867683953236249	49.447792203033764	173.50591333154338
3115577.8894472364	0.9702762896178134	49.673029459816355	-62.11739461282973
3140703.51758794	1.0197465541582247	48.18781185817849	14.209561263535575
3165829.1457286435	0.9658157221615192	49.34086184544382	41.50386984302515
3190954.7738693473	0.9662452402551459	49.16366077851254	21.223906398250048
3216080.40201005	1.0150705365670387	47.6306711882649	-46.35030402797584
3241206.030150754	0.9681070672280171	48.60896021917277	-161.7184976992113
3266331.658291457	0.9853506100779108	48.00284396270102	35.95198386350356
3291457.286432161	0.9667675988290473	48.218997551600246	-173.34041781312268
3316582.914572865	1.0132961945344217	46.873594046004655	-69.09345394193332
3341708.5427135676	0.9772002173792214	47.56422974043457	-10.994572880335717
3366834.1708542714	1.0226194983550239	46.20360338045063	0.4234518495180657
3391959.7989949747	1.0345284623670432	45.73168623133339	-33.22256189044052
3417085.4271356785	1.0332831448473319	45.5203730450331	-112.56590561170744
3442211.0552763822	1.014509983314781	45.76983424557531	122.8200519782506
3467336.683417085	0.9767200542173514	46.53745033414583	-46.17769615871166
3492462.3115577884	0.9871192699701524	46.05597307800333	99.23128450642565
3517587.939698492	1.0345057656085033	44.74923073121155	-159.11985025386807
3542713.567839196	0.9825128372546593	45.761684202328034	-101.54870993593036
3567839.1959798997	0.9916387780855949	45.34307210710382	-88.61050444827691
3592964.824120603	1.0335147218291236	44.15955348165354	-118.8480351603936
3618090.452261307	0.9895951735840041	44.957477674544535	167.74264308848936
3643216.0804020106	0.9672218420764914	45.30569018532973	50.677636054415856
3668341.7085427134	0.9840032925992358	44.702013255076196	-109.11977853538896
3693467.336683417	0.9885455584697078	44.45288201928357	48.61836584905788
3718592.9648241205	0.971860124571618	44.60869990256566	163.91673155900003
3743718.5929648243	0.9874039027338025	44.060296139274705	-122.40820637761621
3768844.221105528	1.0255344199895333	43.00260940781577	-91.03966910705589
3793969.849246231	0.9934320525819597	43.5384353521155	-101.34758406987261
3819095.477386934	0.9683105761513109	43.94683012474208	-153.02001715802336
3844221.105527638	0.9736030069244318	43.60832317021305	114.34404652654129
3869346.7336683418	1.024692083772593	42.29486784357866	-19.657267799421355
3894472.3618090455	0.96823870694738	43.397345170878175	166.21826933826637
3919597.9899497484	0.9853475012822764	42.78367585339229	-48.43764913631715
3944723.6180904517	0.9675264514808873	43.02301027938377	57.00640933890779
3969849.2462311555	1.0330855221228437	41.40569020454739	122.39867774614328
3994974.8743718592	1.020203031551994	41.458780413446185	147.88274288406583
4020100.502512563	1.0265337792315556	41.15058540438746	134.50748627395473
4045226.1306532663	0.9907761080858133	41.7488234740261	81.67525312714181
4070351.75879397	0.9933353801983604	41.541248268633524	-10.135439538131612
4095477.386934674	1.017440589072735	40.85420924421179	-140.60993343219906
4120603.0150753767	1.0317344768720003	40.35220019944931	50.34490814082062
4145728.64321608	0.9788107430264282	41.31515820364624	-157.15503539579234
4170854.271356784	1.0084333354867914	40.49379099999989	-42.006965090929114
4195979.899497488	0.9684316997082011	41.17125393186035	35.12391832509397
4221105.52763819	0.9806076739157327	40.73139813954025	74.34315010376136
4246231.155778894	0.9986720290139725	40.21751805052295	76.89756244357538
4271356.783919598	0.9862259913232759	40.271750321287826	42.27387325792982
4296482.412060302	1.0141248314044011	39.57579386421314	-29.399538036215898
4321608.040201005	0.9989284224402732	39.7041802767698	-137.82237503669975
4346733.668341708	1.030140605738743	38.910658918559626	77.59625090356856
4371859.296482412	0.9969182667847781	39.37788607143398	-103.10848087808114
4396984.924623116	1.0041428821477758	39.093571911540785	40.26375527345124
4422110.55276382	1.016095440743358	38.67507274108823	147.76335204989033
4447236.1809045235	1.0191743422098758	38.422992026533194	-139.74507049160889
4472361.809045227	1.0215078087517484	38.23329528198394	-102.84876031810606
4497487.437185929	1.0109268900221964	38.304834347060954	-101.1481750026684
4522613.065326633	1.0032358712205995	38.26191367880892	-133.97879674069054
4547738.693467336	0.9772742690448881	38.65827092658773	158.30160930654105
4572864.32160804	0.9895463391663012	38.26956736566406	56.4621801271082
4597989.949748743	1.0312920048695615	37.2938998734928	-79.38467941891729
4623115.577889447	0.9692201033136649	38.300809001244765	110.59446637902477
4648241.206030151	1.0075739034331102	37.428273077341245	-93.14428561314561
4673366.834170855	1.0253738292448416	36.90099858921512	29.544147241589826
4698492.462311558	1.0199069349111758	36.84942570984283	119.08381267975452
4723618.090452262	0.9894906479924961	37.26128481927974	175.80167410653604
4748743.718592966	0.9799419975814512	37.2954148682546	-160.99494871802966
4773869.346733669	1.0288916205216057	36.254335589566175	-170.03018776958757
4798994.974874373	0.9737210518409918	37.113445290334944	148.39078115227332
4824120.603015076	1.0119754371668714	36.25242068000902	74.63472124648187
4849246.231155778	1.0165434278878474	36.03877684666972	-30.97479955448971
4874371.859296482	0.9738467554827653	36.68870333640813	-168.89002816634815
4899497.487437186	0.9855305986955223	36.285304620836285	22.006929089515936
4924623.11557789	1.017658212004626	35.56344757300938	-179.4397580680881
4949748.743718593	1.028474961367142	35.20634201814593	-51.4945305441475
4974874.371859296	1.001129156818648	35.57992492101357	45.012421496425134
5000000.0	0.9714220771087179	35.9899619019809	110.84966805772471
