0.0	0.880402380623186	131.43301115877236	-110.23960072954227
25125.628140703517	0.8712400835242585	130.97588754581338	-55.555134302671014
50251.25628140703	0.8616821282476683	130.54638610603178	6.715772856755312
75376.88442211055	0.8530097518597912	130.05722968819902	74.9378908839776
100502.51256281407	0.844004972072491	129.62572333077173	147.6615357649911
125628.1407035176	0.8350105796416684	129.17999170340397	-136.5369480984026
150753.7688442211	0.8271452856361444	128.68171544581554	-59.46212031491695
175879.39698492462	0.817885854640462	128.1980193071742	17.047125517232217
201005.02512562813	0.8097890340962398	127.75224747061762	91.33678067356598
226130.65326633168	0.801068400394919	127.23520005242702	161.35372362331688
251256.28140703513	0.7935473767533565	126.73335467781534	-134.69839962307407
276381.9095477387	0.7857249006261043	126.22604875994317	-79.0128665269247
301507.5376884422	0.7769958822306298	125.69355623252316	-33.71992848434289
326633.1658291457	0.7698575762448767	125.15006525882187	-0.9329409978071423
351758.7939698493	0.7614376631190848	124.61634190861113	17.025486319021795
376884.4221105527	0.7538997124513754	124.0673079863322	17.91143900992827
402010.05025125627	0.7470409291075101	123.56703263768829	-0.9914483231461201
427135.6783919598	0.7395946257156282	122.91824163040681	-41.959600121203586
452261.30653266335	0.7316971178467285	122.44688234232288	-107.82810115042251
477386.9346733669	0.7249080243364489	121.89388314449864	158.94530963958468
502512.56281407026	0.7184143164981613	121.30879885376768	35.450123259544014
527638.1909547738	0.7112530948809611	120.68785362333422	-121.08297393894509
552763.8190954772	0.7037247061395695	120.13685295291454	46.34992238086126
577889.4472361809	0.6975473372134542	119.55324080823671	174.74875950512097
603015.0753768843	0.6913356776294821	118.95706289071464	-99.00675823785727
628140.703517588	0.6851326366835172	118.3176795613763	-58.00898422178024
653266.3316582914	0.6785418408634041	117.6412454637951	-65.49720349363793
678391.9597989948	0.6722247851451782	117.10549743834127	-124.88090939401685
703517.5879396984	0.6664399922186662	116.49503182221629	120.45481710498036
728643.216080402	0.6600963844701395	115.80124447781529	-52.657807487440486
753768.8442211054	0.6544558770136376	115.22380972489545	71.77365351126973
778894.4723618089	0.6487942662881679	114.60118411337845	130.60915093110634
804020.1005025125	0.6422880161949323	113.92551113828497	120.01506290459388
829145.728643216	0.6373940334188228	113.22831219590944	36.456755616592986
854271.3567839196	0.6322815801515348	112.5213922597671	-123.8318738448071
879396.984924623	0.6267965463556484	111.91081687749659	-4.886560915314409
904522.6130653265	0.6207943047953313	111.24056399606062	29.80264462289754
929648.2412060301	0.6158028652365798	110.54847043746392	-23.695773329459353
954773.8693467336	0.6118568274626949	109.89969155698344	-169.23927964086784
979899.4974874371	0.6069456407637931	109.10191755950629	-50.80113946457196
1005025.1256281405	0.6013045548617688	108.45974814881468	-32.10417928665047
1030150.7537688442	0.5979078690764565	107.69080005008504	-117.18457002022983
1055276.3819095476	0.593269170102996	107.08015153249667	50.05537428774835
1080402.0100502511	0.5881321222311022	106.3235020731503	105.8316085544172
1105527.638190955	0.5849306806104824	105.52269347434363	46.298559644744486
1130653.2663316582	0.5798220041666519	104.89081610311428	-132.28305578798415
1155778.8944723618	0.5760953234935473	104.16407892413125	-73.97913269830315
1180904.5226130656	0.572182669882634	103.41115026196212	-142.40767000636717
1206030.150753769	0.5681901202966275	102.6359535329167	18.68802083174475
1231155.7788944724	0.5655538850019631	101.86980284976441	45.69928007168051
1256281.407035176	0.561717014262922	101.18202137413893	-64.60837475581098
1281407.0351758793	0.557946293919749	100.37599195271075	43.518970759917956
1306532.6633165828	0.5542417392233389	99.6090633552816	7.355829648699759
1331658.2914572866	0.5511484934025679	98.92340647613483	-176.52726148510624
1356783.91959799	0.5488567866231847	98.14193739399185	-151.55854450111335
1381909.5477386934	0.5455571987164324	97.37500565608543	78.56045355382204
1407035.1758793972	0.5429570699557644	96.6498921395324	151.93675411447015
1432160.8040201007	0.5405846807419326	95.71969206036778	64.25856151679325
1457286.432160804	0.5370327341425766	95.06034400595641	173.51399106637567
1482412.0603015076	0.5345889093288454	94.23011169105594	114.16866234397808
1507537.688442211	0.5320610949637853	93.43507593981413	-114.14213489316849
1532663.3165829144	0.5309198450657814	92.68354365928711	-162.47974807846668
1557788.9447236182	0.5274552831338564	91.58767066735605	-34.46892155940225
1582914.5728643218	0.5271617248031542	90.71839357042842	-91.83889097225496
1608040.201005025	0.5237267150535456	88.96167548079247	-115.69992875540899
1633165.8291457286	0.5227390478048779	88.22322243042952	-75.17686512934726
1658291.4572864324	0.520907213709362	87.38371588107069	149.48663254813079
1683417.0854271357	0.519433531753114	86.90398327883283	-117.10074230277512
1708542.7135678392	0.5188504514412421	86.57346825454452	-125.56649050992978
1733668.3417085425	0.5171294762063753	86.19498144514425	136.3128362915699
1758793.969849246	0.514881391498731	85.34649737514441	-97.7431347358434
1783919.5979899499	0.5131388680197794	84.1901745987137	150.65608352278883
1809045.2261306534	0.5123618698867127	83.57769755380384	-170.7523635207238
1834170.8542713567	0.513097479102951	82.6908724385446	84.32435149875307
1859296.4824120603	0.5115170981948377	82.04879181104943	138.20067224910684
1884422.110552764	0.5093062045371753	81.31311060387911	18.11887240179417
1909547.7386934676	0.5105798856425106	80.42444242648291	82.38516483121117
1934673.3668341709	0.5083306749128828	79.77146939248468	-30.650440820862542
1959798.9949748742	0.5077252356220929	79.04324058001951	41.055715208022484
1984924.6231155777	0.5078410483901328	78.26336955291642	-62.43798176573922
2010050.2512562815	0.5073077276369848	77.60607170191498	21.05667759879873
2035175.879396985	0.5070544557334729	76.75579763654397	-67.02060596073001
2060301.5075376884	0.5065743230935301	76.01995405153889	35.60249004773233
2085427.135678392	0.5077976060568673	75.24219982198387	-29.076182436034355
2110552.763819095	0.5067144796256623	74.54360995483472	100.0778669564649
2135678.391959799	0.5073175800621819	73.7858855015937	66.38036757503103
2160804.0201005023	0.5074991071468842	73.18977928527129	-128.492176966385
2185929.648241206	0.5069480357991036	72.48627369425849	-122.19442100591243
2211055.27638191	0.5079204203999234	71.64513763277074	87.72940966120714
2236180.9045226136	0.5070130056631645	71.01363636861049	144.08919687514324
2261306.5326633165	0.5075197020205743	70.36748507724133	49.4508882800628
2286432.16080402	0.5092586531910152	69.62459405362877	166.4356301265138
2311557.7889447236	0.5096821349498062	68.9343025616085	137.89775529407967
2336683.4170854273	0.5094782002976078	68.21557940253314	-33.152710809176114
2361809.045226131	0.5114702300511488	67.52384324413262	16.104373211178302
2386934.6733668344	0.5104774822129706	66.91023876665119	-71.39457553812976
2412060.301507538	0.5113288103945816	66.32356250468216	67.17661003486315
2437185.929648241	0.5133267611836916	65.58671737112041	75.1606279051474
2462311.557788945	0.5132854585067447	65.03689767175277	-44.36249578440978
2487437.185929648	0.5148514689638813	64.32450860201824	71.48328237811377
2512562.814070352	0.5160670285073012	63.66327515490947	65.73923599402244
2537688.4422110557	0.5160715099452378	62.993309417749614	-58.03979122622138
2562814.0703517585	0.5167600590160584	62.531669411216726	62.64851411765694
2587939.6984924623	0.5178607707379195	61.90856837927492	71.4463651501315
2613065.3266331656	0.5194146584528619	61.27109638396553	-29.011785319333757
2638190.9547738694	0.5219955933273691	60.538109190306	124.7622215777273
2663316.582914573	0.523217220730071	59.938345509951866	175.5751529289321
2688442.211055277	0.5229904694051463	59.545262476910935	126.54951749750266
2713567.83919598	0.5252069353739952	58.88647904351831	-19.383470173936026
2738693.467336684	0.5251716213873552	58.341861821989525	100.7742247495182
2763819.095477387	0.5277174895836755	57.634192177714255	130.15475673500725
2788944.7236180906	0.5295294218568241	57.135189059573605	71.46276353028256
2814070.3517587944	0.5298625425202173	56.66306472823883	-72.43730919810503
2839195.9798994977	0.5325885361077287	56.03839569912246	61.36996802333119
2864321.6080402015	0.5342322367699829	55.477344950714155	115.62005479358909
2889447.2361809043	0.5348608240420087	54.91164995651708	93.05850576758618
2914572.864321608	0.5367392691201764	54.44829988167966	-3.452431276802133
2939698.4924623114	0.5373343181113529	53.97130774286429	-171.69979003657463
2964824.120603015	0.5382221318738267	53.4033209833825	-48.58353870301472
2989949.748743719	0.5398966574539898	52.89694956629476	8.10951984203264
3015075.376884422	0.5427513646849471	52.504499627296404	0.9768626839598857
3040201.0050251256	0.5451424632412403	51.85576915497916	-67.67497481236383
3065326.633165829	0.5452702585872069	51.39507172111872	164.68402427451804
3090452.2613065327	0.5476812592972071	51.03615495143519	-19.727017536954
3115577.8894472364	0.549644488539759	50.416519983674974	101.50746375675186
3140703.51758794	0.5530152219717996	49.927440515434526	170.50990445048413
3165829.1457286435	0.5549910858566341	49.48571713486457	-170.5368674717701
3190954.7738693473	0.5545702473723205	49.09214889181173	160.433559794685
3216080.40201005	0.5578944499331193	48.57909155619329	85.23897807528996
3241206.030150754	0.5586798940025626	48.238989511728136	-33.73337597859203
3266331.658291457	0.5622046667759862	47.689375249831556	165.3760080993668
3291457.286432161	0.5640714278844496	47.246305701215356	-35.592021451098155
3316582.914572865	0.5656689635840716	46.88754343664608	85.04059839654037
3341708.5427135676	0.5679929658386531	46.38357369722971	169.32641619246058
3366834.1708542714	0.5691312944384939	46.063322298081125	-141.2271078942177
3391959.7989949747	0.5695969584589525	45.62468964422835	-124.65152560587043
3417085.4271356785	0.5718014796764149	45.19857544568769	-139.85648198532968
3442211.0552763822	0.5740551850232276	44.83783319279954	175.37806825993226
3467336.683417085	0.5777787673010024	44.35288092245772	102.0321265345025
3492462.3115577884	0.5801461513976937	43.964587975138485	2.138973060522067
3517587.939698492	0.5799641390300302	43.70602105130921	-123.43238491375027
3542713.567839196	0.5839991304851567	43.193213486981385	87.24424900168435
3567839.1959798997	0.5856213966442732	42.81582733545086	-84.84216167056077
3592964.824120603	0.5856960511417076	42.53272529726405	81.5496513214498
3618090.452261307	0.5894287295154086	42.168168202880224	-131.9728114135117
3643216.0804020106	0.5900471676764913	41.820411913223865	-4.4564533521824385
3668341.7085427134	0.5937615251007026	41.377837205405235	105.51054130536262
3693467.336683417	0.5965780483551372	40.99553942960861	-161.06660085624614
3718592.9648241205	0.597103960171902	40.69514177028266	-83.05735623531801
3743718.5929648243	0.6002900380418575	40.32554079321173	-19.5977084277574
3768844.221105528	0.6002729925011776	40.10948480432469	30.556567165280057
3793969.849246231	0.6032008014985062	39.667414689882	68.34803490159769
3819095.477386934	0.6052528907005216	39.34560076373025	94.72279199308299
3844221.105527638	0.6063488632082471	39.07336160615033	110.53286931003953
3869346.7336683418	0.6096890385056108	38.747815375334895	116.7876683877346
3894472.3618090455	0.6136685580638999	38.353850867794144	114.49188650029542
3919597.9899497484	0.6143541430850199	38.103793117881764	104.22792912642589
3944723.6180904517	0.6148469779017957	37.85724003772879	86.79593067614275
3969849.2462311555	0.6172648944785851	37.46270408839115	62.94572694698368
3994974.8743718592	0.6210658779341974	37.16171187777336	33.51218121532218
4020100.502512563	0.6242740667555233	36.83555087426052	-0.6299667290168913
4045226.1306532663	0.624096277058891	36.60474513944664	-38.93567080026335
4070351.75879397	0.6260962045373354	36.26152412283892	-81.12991199257199
4095477.386934674	0.6275906896471555	36.02981840917981	-125.88528860040674
4120603.0150753767	0.6300552467728022	35.75666504729345	-173.21704045921416
4145728.64321608	0.6333165576762219	35.43542675466139	137.78420895846966
4170854.271356784	0.6352055490690215	35.14206902809537	87.5929022904224
4195979.899497488	0.6351390057142083	34.89726857157563	37.081359835150366
4221105.52763819	0.6400192925236925	34.587458503807795	-13.607388258413765
4246231.155778894	0.6416123394815186	34.31474208993142	-64.1306165288121
4271356.783919598	0.6429377200192057	34.10780739374171	-113.5331344180591
4296482.412060302	0.6468708325774435	33.76902519323497	-161.5737539039722
4321608.040201005	0.649266918096979	33.52318708661179	152.0508563907434
4346733.668341708	0.6502371373810827	33.30745626744911	107.87119454974571
4371859.296482412	0.651229571593108	33.04650631408474	66.44096746510172
4396984.924623116	0.6551293367379393	32.77830367811883	28.040557676394297
4422110.55276382	0.655484149025911	32.55143633276391	-7.000662336586047
4447236.1809045235	0.6562119870573542	32.3998076422726	-38.12690986877152
4472361.809045227	0.6612784133536218	32.064823754885566	-65.43383384384168
4497487.437185929	0.6623550134978333	31.840173873583318	-88.09133841160538
4522613.065326633	0.6653379009996244	31.589224154670685	-106.2804898137631
4547738.693467336	0.6639573246183925	31.434335835940487	-119.378208770849
4572864.32160804	0.6685223078536866	31.114210205836883	-126.99843874763665
4597989.949748743	0.6701635395551112	30.914723214855588	-129.41782704746686
4623115.577889447	0.6708911651970413	30.76439424876652	-125.5400620884145
4648241.206030151	0.675314609126967	30.452166023989612	-115.49088300963375
4673366.834170855	0.6749631608752021	30.27515995349848	-98.79150752925607
4698492.462311558	0.6757113795911013	30.080720309909022	-75.52555075511553
4723618.090452262	0.6790438742736039	29.847733197944702	-45.28543114665292
4748743.718592966	0.6797799064593133	29.679858940240152	-7.8738982163538465
4773869.346733669	0.6814982058519881	29.515981082083144	37.07745899172105
4798994.974874373	0.6832244652705828	29.302884184580634	89.43670006978346
4824120.603015076	0.6870953273420284	29.064589562338405	149.74144013695673
4849246.231155778	0.691241751894912	28.806980418219194	-142.23694901403232
4874371.859296482	0.6921339142840955	28.640131688697853	-66.08067021640095
4899497.487437186	0.6947893356414668	28.426285877032242	18.204057999533205
4924623.11557789	0.6956978645862637	28.22491739265326	110.906633590115
4949748.743718593	0.6974542996488188	28.062146758063076	-148.10904394637703
4974874.371859296	0.6971897472150996	27.937796125845345	-38.22154940651138
5000000.0	0.7001591873109151	27.685919478786072	80.37266908974819
