0.0	0.18630284511188422	131.38024510382593	-69.61592375814485
25125.628140703517	0.18214737227918845	129.1292800442766	160.01850793946352
50251.25628140703	0.1765923397591648	127.23059412312503	-138.84971099820814
75376.88442211055	0.16898326216515178	126.02909000417988	-3.5389162930855074
100502.51256281407	0.1646933327043281	123.78110864999041	67.47178219185368
125628.1407035176	0.15922700236377663	121.77695503526421	-82.5518123850437
150753.7688442211	0.15798979307079952	118.60754357113566	90.94550413808389
175879.39698492462	0.15479804912945247	116.57010947709827	33.51698679450132
201005.02512562813	0.1507957440457105	114.00484073145468	-108.59345950706641
226130.65326633168	0.14750252378195372	111.49086773581124	157.10720753530288
251256.28140703513	0.1403152108063698	109.12903916899636	-128.67603455956322
276381.9095477387	0.13797213408839906	106.15012663195645	-128.7143226432941
301507.5376884422	0.135524015780835	103.28081258175767	-81.73690364091729
326633.1658291457	0.13406231688171438	100.11985821994593	145.02389940760278
351758.7939698493	0.13451669642459907	96.76602603227018	-8.230568026974598
376884.4221105527	0.13474540314716393	93.71799668109472	12.477746049428374
402010.05025125627	0.13073688188767937	90.75656798212513	82.32027253074422
427135.6783919598	0.13023970528621392	87.82528766444038	-141.16713934759954
452261.30653266335	0.12857279171443683	84.6647543881116	-0.57729727962866
477386.9346733669	0.130393050595483	81.6983933402488	169.18541466606123
502512.56281407026	0.13478094991558415	78.81864183613455	106.3342705870881
527638.1909547738	0.13223077681801912	75.6798654671828	-41.015626525835835
552763.8190954772	0.13220164053159825	72.47673287675808	-87.9409801426963
577889.4472361809	0.13893677953487488	70.30650552586812	174.65994129983693
603015.0753768843	0.13737428971184498	66.9755692059831	-107.55484082603624
628140.703517588	0.14309595679348858	65.2436767182809	17.348487321281173
653266.3316582914	0.14234972837582047	61.9333423070912	57.63242467680802
678391.9597989948	0.1460574810292867	59.57411684398413	-126.03212093172559
703517.5879396984	0.1521207830564662	57.95509014447251	32.94300130268279
728643.216080402	0.15206570521030108	55.122266844591024	5.092411367208785
753768.8442211054	0.15665601155426226	53.59431866969821	-37.01755191403995
778894.4723618089	0.15978565701483777	51.30610443928179	63.64117102168409
804020.1005025125	0.16605166515925565	49.92912333672534	84.09334479692363
829145.728643216	0.1695401383427586	48.06305082424735	144.4664713304607
854271.3567839196	0.17214165386167385	46.087693075351396	-9.918619750050354
879396.984924623	0.17490412183082102	44.49881285497143	71.36691035700672
904522.6130653265	0.18121438209095111	43.68599964254533	107.1571262869817
929648.2412060301	0.18506133142698353	41.69770673645259	163.41465124758145
954773.8693467336	0.19018169526037146	40.810967938927575	-64.66224056238667
979899.4974874371	0.19444211650934515	39.63753264521712	-169.6531396916931
1005025.1256281405	0.1988216966895402	38.03157294358825	-112.5354552666068
1030150.7537688442	0.20212413589021477	36.94470624752299	140.38401842596468
1055276.3819095476	0.20687123019547568	36.14000038879902	-107.38372438172857
1080402.0100502511	0.2127011691283882	34.873431152819144	-111.61915519953973
1105527.638190955	0.21671339216360838	33.73516628252614	144.12466294655403
1130653.2663316582	0.22186526646210739	33.05547257747058	-47.78165922822729
1155778.8944723618	0.22668329315178937	32.04046505049769	42.75563310848384
1180904.5226130656	0.2318153488298977	31.342486470569636	64.34382446872446
1206030.150753769	0.23534631878628787	30.50358249631122	21.87260391350768
1231155.7788944724	0.24055369139045504	29.7191049514341	-82.46712788743058
1256281.407035176	0.24426399605789945	29.178264501375143	113.47871539344307
1281407.0351758793	0.24999514048889918	28.406826414584586	-110.1230191652425
1306532.6633165828	0.2545389497865638	27.670911406268143	-34.05640587004272
1331658.2914572866	0.25844463495829184	26.952273259603608	-20.17984851328927
1356783.91959799	0.26356857309208	26.355672176333588	-70.43421940826249
1381909.5477386934	0.2680889007630922	25.765314019603114	170.5467368008851
1407035.1758793972	0.27397804497049916	25.11285133997811	-20.52026974366217
1432160.8040201007	0.27904522279355887	24.6875365539898	72.12438822970707
1457286.432160804	0.28194739676087816	24.268508180648084	83.89005261792046
1482412.0603015076	0.28720639257852904	23.571703336762816	10.487656165565594
1507537.688442211	0.2914386953366028	23.09553950560055	-154.18301914830587
1532663.3165829144	0.29771249178232195	22.696836548060784	-53.88950770210433
1557788.9447236182	0.3008134873470707	22.35304075260883	-54.93362543315993
1582914.5728643218	0.3052371195390545	21.76123898839451	-162.75103855521024
1608040.201005025	0.3108237436510314	21.443867358842347	-21.555361397712453
1633165.8291457286	0.31409442875071203	20.935285781562552	2.416114651934592
1658291.4572864324	0.3206160372945373	20.577724870979683	-96.10605645171296
1683417.0854271357	0.3248127178956307	20.195940840796073	38.248948022765035
1708542.7135678392	0.32923123606718185	19.917733451643553	39.25626273070956
1733668.3417085425	0.3338554495412308	19.46361831149979	-97.31657248541663
1758793.969849246	0.3383665003729668	19.11223979748116	-16.76074348222005
1783919.5979899499	0.34276309836525465	18.786870702131885	-84.35917926245128
1809045.2261306534	0.34541090900593474	18.493880824077447	55.553449121380424
1834170.8542713567	0.35200820744238787	18.195994785700577	37.80630106555173
1859296.4824120603	0.35550873924699483	17.97001705926148	-142.5708385700314
1884422.110552764	0.3593603771369445	17.64354798487376	-129.2542342930217
1909547.7386934676	0.3653469568375451	17.358871677951896	72.45799780140092
1934673.3668341709	0.3694255948697545	17.042845724387323	98.59096672450539
1959798.9949748742	0.37181248244943704	16.897440685154656	-55.363715275721084
1984924.6231155777	0.37758685746298914	16.523654982143746	-32.793563552992005
2010050.2512562815	0.3823024586343557	16.32433401321869	161.16466514338586
2035175.879396985	0.3867118584341668	16.052739118536813	163.4286888964656
2060301.5075376884	0.3887824325782682	15.916340304455186	-30.31215853083987
2085427.135678392	0.3951591554959768	15.60467826790558	-63.41821760213436
2110552.763819095	0.3975878273318295	15.38035726379013	60.318175963806915
2135678.391959799	0.40318661725178545	15.142617359010714	-23.053285235883404
2160804.0201005023	0.4073864679850959	14.919264772773074	43.797281973082285
2185929.648241206	0.4095658787626172	14.812987271972009	-102.8436126246787
2211055.27638191	0.41494060545421524	14.524478381704736	-106.09687480430719
2236180.9045226136	0.41963443282398066	14.331622252584104	30.60995461474124
2261306.5326633165	0.4238768525340376	14.157294752857986	-55.333296915932515
2286432.16080402	0.4262882470659691	13.974729953129971	-7.64293260110547
2311557.7889447236	0.4305113865822285	13.802182564462282	171.95648562832557
2336683.4170854273	0.4353517725177359	13.595646385836565	119.288318009223
2361809.045226131	0.4386818386063832	13.428820211447684	-167.49276045952405
2386934.6733668344	0.4424850584280872	13.313862742728231	28.8107662102741
2412060.301507538	0.44489795267674376	13.11879789817098	-14.570242429270328
2437185.929648241	0.4494472361509256	12.983790624309623	59.70348524063592
2462311.557788945	0.4549758299298197	12.801169479512115	-110.41666769392688
2487437.185929648	0.45899991665534157	12.62984663332038	-167.6272761369708
2512562.814070352	0.4601108421405192	12.53152577563803	-113.84778631939972
2537688.4422110557	0.4664512320810853	12.339958990397156	48.08097243496775
2562814.0703517585	0.467621373205875	12.20489287589226	-43.5760622227279
2587939.6984924623	0.4727370230960373	12.092590414370422	-31.295992939069542
2613065.3266331656	0.47496638644716654	11.937311065574065	83.18583127972309
2638190.9547738694	0.47865652221606586	11.792830518355414	-62.41038666919807
2663316.582914573	0.4821973484893892	11.715713022870807	-109.8949731242846
2688442.211055277	0.4857923964101862	11.569606973985723	-61.28121420950091
2713567.83919598	0.49098697786693946	11.397287585143696	81.39845464334964
2738693.467336684	0.49287519071811997	11.29724503077549	-43.281077970610966
2763819.095477387	0.49888551314431917	11.170634335407934	-77.35102798856448
2788944.7236180906	0.5019330178435881	11.136499412335628	-15.345456377632804
2814070.3517587944	0.505786323482951	11.01376243061821	138.44729957989537
2839195.9798994977	0.507170178835992	10.904767692003686	17.682030669118394
2864321.6080402015	0.5113713094552078	10.809493691931287	-19.17590989049925
2889447.2361809043	0.5155119713657614	10.676051729968165	25.69067096026812
2914572.864321608	0.5202452553022846	10.552400443648988	151.10613723737097
2939698.4924623114	0.5207478115062102	10.518364364769742	-4.094262977807515
2964824.120603015	0.5267596514939134	10.366449150437774	-81.43227826229317
2989949.748743719	0.5302027731555156	10.243719586363047	-82.57626604797144
3015075.376884422	0.5337770613022134	10.142610236534765	-8.564213721749846
3040201.0050251256	0.5340580957056078	10.051496199632899	139.13598384887206
3065326.633165829	0.537447545843809	9.963383122857753	-0.8185030794526125
3090452.2613065327	0.5436431010514327	9.859947514815433	-69.73723537974718
3115577.8894472364	0.54450861049135	9.772996934614367	-68.7508345651056
3140703.51758794	0.5468287535333847	9.682304233715174	0.9149331389048297
3165829.1457286435	0.5500038901676674	9.61776088696524	137.99521655767734
3190954.7738693473	0.55323335302816	9.523178389564123	-18.478743254645803
3216080.40201005	0.557071519646125	9.424661482265368	-109.92696328657617
3241206.030150754	0.5624704807368356	9.316194534984422	-137.06987887845082
3266331.658291457	0.5630005654656441	9.24656092076388	-101.29425362930056
3291457.286432161	0.5686944733984688	9.152904855970242	-3.5491996111877913
3316582.914572865	0.5715800052445273	9.063735284518211	155.22793806820772
3341708.5427135676	0.5715315043560604	9.023614830930741	13.768943220766896
3366834.1708542714	0.575808860382247	8.92873743870187	-68.49057007134014
3391959.7989949747	0.5775163463531598	8.863337794747007	-92.83766274650155
3417085.4271356785	0.5824776860110012	8.756876347051728	-60.07749756111682
3442211.0552763822	0.5836336516704886	8.716558861973448	28.758269148890726
3467336.683417085	0.5894973007607439	8.602100289153153	172.82300282700723
3492462.3115577884	0.5902523274812729	8.561333289165471	11.346326659269264
3517587.939698492	0.5956123899288396	8.46169207013798	-96.60692974006243
3542713.567839196	0.5961693638125724	8.384493139058291	-151.85003628264244
3567839.1959798997	0.6013068492438771	8.315661953326074	-155.2762418655746
3592964.824120603	0.6016364083603514	8.268075050762084	-107.57524291374094
3618090.452261307	0.606986486050095	8.188908763890744	-9.709121758451772
3643216.0804020106	0.6080664502051395	8.12078873262313	137.88107422991038
3668341.7085427134	0.611925866289372	8.058485966916587	-26.099163260813967
3693467.336683417	0.614595185868269	7.987176452722894	-141.81863502820343
3718592.9648241205	0.6171349059749023	7.927524588091265	149.89583942207614
3743718.5929648243	0.619482159683873	7.864702621155248	127.86642101475897
3768844.221105528	0.6204272826723104	7.798201999971993	151.93738065020975
3793969.849246231	0.6233297977777419	7.741558880581417	-138.65817348908496
3819095.477386934	0.6275119876578406	7.687855935145019	-24.97509209222702
3844221.105527638	0.6315219492097522	7.609590024485564	132.84505354567503
3869346.7336683418	0.6341263575743021	7.560184972800234	-26.009276975255347
3894472.3618090455	0.6368326854881485	7.49486931293901	-142.37359800822165
3919597.9899497484	0.6377420837520541	7.441188923012792	143.17972124083377
3944723.6180904517	0.6406320686900135	7.384337157251186	110.50808644637564
3969849.2462311555	0.6431969824432678	7.327027994965483	118.5034688732705
3994974.8743718592	0.6439500873346955	7.288552372422166	166.6684089862849
4020100.502512563	0.6454835863371701	7.250101601941798	-105.22511685932277
4045226.1306532663	0.6479497550389408	7.184074485568376	21.729375650425496
4070351.75879397	0.6515710805933806	7.122466667109701	-172.5977848863634
4095477.386934674	0.655680520539202	7.075106989485329	31.164363574630283
4120603.0150753767	0.657627274321448	7.024353175500427	-87.37685476841888
4145728.64321608	0.6579545889454934	6.978217988312904	-168.88356583810517
4170854.271356784	0.6606656409657252	6.910111273320058	145.8710420813645
4195979.899497488	0.6651702184838963	6.8762390982245645	137.00072765187858
4221105.52763819	0.6692432744019962	6.796404649796719	163.3669074422157
4246231.155778894	0.6708318908964795	6.764636275399769	-135.05854296331697
4271356.783919598	0.6698747514835688	6.741604704522193	-38.847441372493186
4296482.412060302	0.6762251509344166	6.6678483324638576	91.49540880409833
4321608.040201005	0.6785581491483234	6.629499259350298	-104.27709258210473
4346733.668341708	0.6768252680280881	6.605085521109728	93.12926172549723
4371859.296482412	0.6828579444398025	6.539378870703853	-36.84612764750145
4396984.924623116	0.6815837811535124	6.5070345862880545	-134.08418457121093
4422110.55276382	0.6835114423180251	6.452068466607734	160.177370796845
4447236.1809045235	0.6860054003389628	6.4023608890174435	126.50698055566785
4472361.809045227	0.6874921963359062	6.363431121119825	123.78777591422356
4497487.437185929	0.691537459502066	6.3134166883807366	151.71657129270758
4522613.065326633	0.6954922413741061	6.264741900523402	-149.70177922926732
4547738.693467336	0.6946035711107227	6.242616587404251	-61.20170703841089
4572864.32160804	0.6997294186307159	6.2078204924432105	56.84917635973484
4597989.949748743	0.7011705497986569	6.146828096134278	-155.55594528687575
4623115.577889447	0.7005456556246591	6.137210821679397	20.49397991289127
4648241.206030151	0.702880559213647	6.08755480079022	-134.57006056691566
4673366.834170855	0.7093923224242786	6.022130168823474	98.37270821429517
4698492.462311558	0.7085088929734902	6.004703644025247	-0.8691476980039919
4723618.090452262	0.7109387576878683	5.961138251390382	-72.14809652976501
4748743.718592966	0.7107075605567462	5.926043663177096	-116.64590064314024
4773869.346733669	0.7178599934112068	5.868179161742797	-134.30011592741232
4798994.974874373	0.716148929651337	5.852527412005361	-125.52287968354406
4824120.603015076	0.7211737244831584	5.805635507816684	-90.11618578590972
4849246.231155778	0.7236013239296059	5.761340549338459	-29.138035407034142
4874371.859296482	0.7231381700920646	5.748549553589436	57.52655886425557
4899497.487437186	0.7236737904705379	5.701655609927041	169.42288252629203
4924623.11557789	0.7297954131068835	5.661138612385742	-53.48812446094507
4949748.743718593	0.7317466621059563	5.621958506659878	108.05779493836155
4974874.371859296	0.7337302867822827	5.59544680302874	-65.68121283613209
5000000.0	0.732135734553032	5.567663977043182	144.37252404619886
