0.0	0.4103298769107553	143.0556029420758	-74.18096708918003
25125.628140703517	0.40168894477115674	142.5149416268146	-122.90559618551016
50251.25628140703	0.39515139542825795	141.67596036150698	-33.389411787884285
75376.88442211055	0.38648025770861694	140.96325569651378	-170.33091581645397
100502.51256281407	0.3787617507682377	140.26033768913697	-179.9180255749121
125628.1407035176	0.3705896509235673	139.4474342737636	-68.49655765605952
150753.7688442211	0.3645728513938229	138.5425965696538	155.6481300857792
175879.39698492462	0.3565208750544293	137.73716506561445	123.7134343470498
201005.02512562813	0.3494456451913039	136.64178311414895	-174.30366142476817
226130.65326633168	0.3414102814296652	135.97704680600913	-30.739592722980415
251256.28140703513	0.3346612508957971	135.0389133466913	-178.35462429537324
276381.9095477387	0.3289874839976809	133.97813983752332	87.80967963559632
301507.5376884422	0.3217475633416465	133.025460590896	31.24528091606884
326633.1658291457	0.31446880160816904	131.98576598806355	-6.697934748627691
351758.7939698493	0.3086374196526689	130.77325145191432	-46.23726107594961
376884.4221105527	0.3033988467200431	129.6137505142455	-110.90280315125979
402010.05025125627	0.29620980180389983	128.6529589531813	134.46385414891517
427135.6783919598	0.2908733113209044	127.24066925262436	-57.072643981740306
452261.30653266335	0.28580979838342774	125.92143976806973	3.462760425772981
477386.9346733669	0.27919307668241106	124.88749968693233	-76.37553431361825
502512.56281407026	0.2749550171830666	123.54558663225066	28.5097559354037
527638.1909547738	0.2700153611193909	122.15311306192226	-81.0239540109308
552763.8190954772	0.26378359265077017	120.85621952960352	-85.29238820726727
577889.4472361809	0.25948367025810903	119.31442650309114	-28.453170521369223
603015.0753768843	0.25501277577481746	117.71730060208729	42.694457977882315
628140.703517588	0.2513674856560843	116.06286918281054	80.38049056193515
653266.3316582914	0.2460165615727021	114.84278286580343	33.07623798622834
678391.9597989948	0.24226792515757212	113.1775613459408	-152.2758127010443
703517.5879396984	0.2398702073548142	111.42372309601633	-170.31450140774217
728643.216080402	0.23434467872104744	109.85414600088885	-76.04410634842405
753768.8442211054	0.231280749157416	108.19383700297148	73.98417031162415
778894.4723618089	0.22798702434243553	106.38597764164128	-134.92669841868246
804020.1005025125	0.225741351535897	104.58013975558812	-38.251704926933876
829145.728643216	0.22231307590876115	102.78100529991875	-48.45051795360938
854271.3567839196	0.2229155371642422	101.00210926347206	143.99663580635462
879396.984924623	0.21773470679134216	99.08595700893181	132.6687318554334
904522.6130653265	0.2158280943829302	97.20289992595448	-124.39649534603647
929648.2412060301	0.21405843499774135	95.26674153549824	54.676025867854726
954773.8693467336	0.21625409114209604	93.1042710823942	-79.8480761821689
979899.4974874371	0.21375331456026864	91.37015477736941	163.4699379448266
1005025.1256281405	0.21425741078009952	90.05149302293285	87.43501096081623
1030150.7537688442	0.21031900185047417	88.30467317923697	8.00810985029312
1055276.3819095476	0.2097394011528936	86.32393275174982	-75.68895521294726
1080402.0100502511	0.21064958278900858	84.33277334853207	-158.48235659907726
1105527.638190955	0.21108532542204927	82.58994043068358	122.93957706499793
1130653.2663316582	0.21085544021259534	80.58537982148732	67.01509723717594
1155778.8944723618	0.21364136939209918	78.87153256049703	57.578173654176155
1180904.5226130656	0.2132013846129501	77.10755951436283	125.66432959037603
1206030.150753769	0.21229496596803812	75.04123764883015	-53.753333023282636
1231155.7788944724	0.2160660336640129	73.53281127385327	-79.50600743190968
1256281.407035176	0.21602151550740545	71.48040187839517	92.08220065299618
1281407.0351758793	0.21807182147626292	69.78178109393039	148.97426229679144
1306532.6633165828	0.21803627634060924	68.09527731165807	140.31460608645435
1331658.2914572866	0.22190795463725627	66.81128386004849	117.36257963057398
1356783.91959799	0.2242367261639111	64.89200493511763	130.3533731139432
1381909.5477386934	0.22518749884297684	63.403681121531996	-127.79411688652009
1407035.1758793972	0.22785765517399528	61.97113763626587	112.58142240351751
1432160.8040201007	0.23001845678988242	60.29039540974683	-178.9025064407135
1457286.432160804	0.2342758601909125	59.02968710716959	127.24247902725692
1482412.0603015076	0.23622113154442717	57.50056816570088	-3.02698883383319
1507537.688442211	0.23819601299253718	56.070218433898745	-165.60826017465413
1532663.3165829144	0.24199317893229902	55.12314235374931	41.97737635870666
1557788.9447236182	0.24500674636861172	53.63930965765003	-59.30603765858866
1582914.5728643218	0.24685062194009535	52.303811304921965	-73.4649409549483
1608040.201005025	0.25115323302696424	51.33804753162877	35.153075395018746
1633165.8291457286	0.2547116207162539	50.38498959512397	-59.669017440150114
1658291.4572864324	0.25737675705376234	49.058268056710894	31.388863724295543
1683417.0854271357	0.26077907056544536	47.77826980154319	-22.753485344059012
1708542.7135678392	0.2634363431434914	46.76354464860185	163.26069813728392
1733668.3417085425	0.26771348099828923	45.90044064853178	-106.25172600316394
1758793.969849246	0.2705425717467807	44.814427337140344	-90.12172473818536
1783919.5979899499	0.27609428661037255	43.9819128272953	-127.7070892582783
1809045.2261306534	0.27936383283920574	43.27568457817369	159.33171829652196
1834170.8542713567	0.28392876322989535	42.147124935034476	67.15026523239538
1859296.4824120603	0.28726565508103	41.308191472895004	-29.32096812851061
1884422.110552764	0.2900290877659132	40.38880411574768	-116.4111357436295
1909547.7386934676	0.2944925477880412	39.722864828825486	177.8432876563762
1934673.3668341709	0.2994624722912424	38.953610348196946	145.3378215036572
1959798.9949748742	0.3026959204227646	38.09485001644526	155.20700063246233
1984924.6231155777	0.3060488947180036	37.59528968658139	-143.78745623014356
2010050.2512562815	0.3090535963486297	36.68202643103474	-23.30053973441996
2035175.879396985	0.31444318986434444	36.16440550420805	163.19052759241683
2060301.5075376884	0.3176592704761255	35.42237319056794	62.09774554297063
2085427.135678392	0.3223449999548716	34.70290354883245	39.047755267348144
2110552.763819095	0.3261471308092493	34.10380104584168	98.38641992523642
2135678.391959799	0.3287872700646634	33.53235199899127	-114.9856853086608
2160804.0201005023	0.33496917829272643	33.01118995085283	121.70151686828443
2185929.648241206	0.3377965374276778	32.42214789011245	91.69233284830827
2211055.27638191	0.3422666812716956	31.80081052475619	158.3980143369986
2236180.9045226136	0.3448539038622069	31.31071614052356	-36.35549452531441
2261306.5326633165	0.35025844846166526	30.755699975704992	-131.04920337648045
2286432.16080402	0.35341226446131907	30.286454974913706	-123.69569091325498
2311557.7889447236	0.3583371464652121	29.777635537179933	-13.11439123189041
2336683.4170854273	0.36143256872600915	29.472083211412034	-158.38244328962944
2361809.045226131	0.36467519642491786	29.007590720320824	161.0006878047028
2386934.6733668344	0.3688493234627482	28.436808777371507	-134.14222078772045
2412060.301507538	0.37362750098584135	28.1188964233061	36.36871696248172
2437185.929648241	0.3782196720244285	27.611328162830972	-47.15207462992401
2462311.557788945	0.3815689989260598	27.17927906254363	-25.26159088088405
2487437.185929648	0.3840849088924785	26.810416828675347	101.62942065814913
2512562.814070352	0.38839180181490207	26.39226302816939	-26.00054685231448
2537688.4422110557	0.39353518881299226	25.97660998602372	-48.72413443186096
2562814.0703517585	0.3963034154440171	25.77998143059178	32.13699497236413
2587939.6984924623	0.4006607152619044	25.352176295558625	-143.18915116512005
2613065.3266331656	0.40558410784753096	24.89734010548755	144.05476272502887
2638190.9547738694	0.40758478474174775	24.63757749515153	173.33152589488418
2663316.582914573	0.4114860210554385	24.357827596208235	-56.80394241303644
2688442.211055277	0.41677480526180394	23.905535972303944	173.55178826372165
2713567.83919598	0.4187746022507026	23.638088541782256	143.26790736685527
2738693.467336684	0.4248847208200888	23.279880718157386	-149.23472933715618
2763819.095477387	0.42666972832878386	23.043160294546773	15.502284409344586
2788944.7236180906	0.4310138022050079	22.710851558728145	-83.5342943176605
2814070.3517587944	0.4340410917717412	22.489790902590357	-87.89937251938663
2839195.9798994977	0.43976425372555883	22.165077203714684	2.116244599071033
2864321.6080402015	0.4426183131692285	21.87750739742161	-175.6783670509135
2889447.2361809043	0.445391765717587	21.660793926687795	98.52149335925567
2914572.864321608	0.45044849046208085	21.34840421253867	102.96734815197259
2939698.4924623114	0.45474357516251435	21.04009122231539	-162.96061412419087
2964824.120603015	0.4579728545132124	20.83598525111148	18.80638173020152
2989949.748743719	0.4608956695661517	20.60635718523219	-71.87361017932672
3015075.376884422	0.46547292025484793	20.31359834812844	-77.25581585295897
3040201.0050251256	0.467240261846007	20.11357509096897	2.3884049306396973
3065326.633165829	0.47265662692731925	19.8532735963187	165.22611570554713
3090452.2613065327	0.47497621530161943	19.633788299460917	50.520771285373485
3115577.8894472364	0.47896341403223835	19.44307787773153	17.011053729396252
3140703.51758794	0.4834007170223798	19.176673988800324	63.81272032932714
3165829.1457286435	0.485011650916017	19.028289242561552	-170.50728472099445
3190954.7738693473	0.48909023745315217	18.78484570908234	32.788538913173504
3216080.40201005	0.4928294034079967	18.600333114293942	-46.757198825703405
3241206.030150754	0.4954130507291803	18.43198764374995	-51.126648312209646
3266331.658291457	0.5002589124237562	18.242965048674204	19.633314415666316
3291457.286432161	0.5029464814507456	18.07321456791554	178.708630328143
3316582.914572865	0.5056368460716569	17.88285997415844	50.1279443734215
3341708.5427135676	0.5090608823352023	17.7323518178244	-7.475296667889967
3366834.1708542714	0.5117883906118528	17.5241665315414	5.4648968827913915
3391959.7989949747	0.5178335869944133	17.295847510220952	87.1395734287531
3417085.4271356785	0.5190981662539967	17.130265655844028	-123.09069582836112
3442211.0552763822	0.523046720389065	17.003803497815582	93.88480611233967
3467336.683417085	0.5267154666280947	16.805714451677996	16.822617101580544
3492462.3115577884	0.529835960578028	16.66466485149906	5.136709540714068
3517587.939698492	0.5313625160411855	16.522624019863617	57.236019375402684
3542713.567839196	0.5359979816459363	16.29931785982365	172.95184022312733
3567839.1959798997	0.5395180349988472	16.154147619504318	-9.170289861819903
3592964.824120603	0.5411823980530651	16.02519546616322	-129.69733836825608
3618090.452261307	0.5458727196005596	15.841636985069163	170.4995223478625
3643216.0804020106	0.5470134571096258	15.734209938911558	170.15110749209163
3668341.7085427134	0.5500969342945559	15.59583360605102	-131.20657237612625
3693467.336683417	0.5556061467675647	15.407270658714081	-14.386119831263908
3718592.9648241205	0.5564497794232464	15.311577664568409	159.42600686814944
3743718.5929648243	0.5611126217267026	15.154038424062735	29.812981966479256
3768844.221105528	0.5622886569000161	14.995772633270722	-44.48073735052043
3793969.849246231	0.5659139357524243	14.9002914740895	-63.66258534815072
3819095.477386934	0.5683538650159977	14.766784608593458	-29.10079174158309
3844221.105527638	0.5739629825536955	14.584279035003812	58.88284164489114
3869346.7336683418	0.57754219754585	14.447536636060992	-160.75380284844258
3894472.3618090455	0.5799765125804022	14.338315381534908	31.529012905560307
3919597.9899497484	0.5801320494472493	14.234331429487359	-85.25921734125842
3944723.6180904517	0.5853774162668859	14.085349457870933	-151.67352183146966
3969849.2462311555	0.5871596458673357	13.98981889323244	-168.33964383025398
3994974.8743718592	0.5896259621175876	13.867971328334102	-136.34577289097157
4020100.502512563	0.5948685345855905	13.718543513567091	-55.70786508118515
4045226.1306532663	0.5973257608143561	13.606581969173352	72.40102538646498
4070351.75879397	0.600415000928179	13.472871044130226	-112.55315044440238
4095477.386934674	0.5999493655322642	13.425049615508899	108.72892892024883
4120603.0150753767	0.6026060379688499	13.306597051969	15.742154606867263
4145728.64321608	0.6084529359835236	13.175058525409513	-32.12847349667518
4170854.271356784	0.609033465410836	13.066145486918371	-35.66771297251376
4195979.899497488	0.6122261777597408	12.949330727096408	4.80189587617113
4221105.52763819	0.6167505365461146	12.842762216103127	88.45037922251467
4246231.155778894	0.6193547330719724	12.728335247135366	-145.0658024548584
4271356.783919598	0.6211751240547683	12.65249830265535	23.351343523408026
4296482.412060302	0.6249094621004346	12.534062651652286	-126.58655575624609
4321608.040201005	0.6241417993534321	12.447583494460542	124.23206641448674
4346733.668341708	0.6272797462856018	12.380017151914537	55.79239051651101
4371859.296482412	0.6325402132291529	12.259889491388495	27.204632537608433
4396984.924623116	0.6342038763305445	12.171629206286468	37.78749382535571
4422110.55276382	0.6346169134501404	12.112641181773155	87.54364758855377
4447236.1809045235	0.6370553085135875	11.998831110006579	175.6954713868881
4472361.809045227	0.6431929576979858	11.88067132118762	-58.45295937424667
4497487.437185929	0.6439531581170277	11.809206569850405	104.99672279303438
4522613.065326633	0.6481563775056313	11.699032113189068	-54.8835011267896
4547738.693467336	0.650606212755212	11.603431635285743	-178.17459241965813
4572864.32160804	0.6507315753550306	11.564353829505057	94.55453471970038
4597989.949748743	0.6513605788699454	11.465163950828973	42.502610044888854
4623115.577889447	0.6538587734174808	11.408693829899114	25.75799835082139
4648241.206030151	0.6590284306715477	11.280530280845012	43.77387115181594
4673366.834170855	0.6600621872350393	11.205357798178	95.82081794355307
4698492.462311558	0.6618270407779446	11.152744190759853	-178.58492511668595
4723618.090452262	0.6675469361881156	11.032185962194129	-59.231546783972036
4748743.718592966	0.6655935957303931	10.990904613082959	92.66915823742863
4773869.346733669	0.6690805072147925	10.892218120725758	-82.87616626836272
4798994.974874373	0.6718587693363276	10.809505314207964	133.71448406541853
4824120.603015076	0.6762885361637255	10.730970840915951	22.001029097697423
4849246.231155778	0.6792516367710378	10.644881742293302	-58.351100039649744
4874371.859296482	0.6773094762561306	10.604036132690121	-107.78848961005241
4899497.487437186	0.6815802281821989	10.516443171003425	-126.55230712119489
4924623.11557789	0.6839899853026683	10.434647965347962	-115.00923415974317
4949748.743718593	0.6866622683861883	10.359557734672109	-73.86103193671518
4974874.371859296	0.6889592005736336	10.300673923115147	-3.0897591844036443
5000000.0	0.6912373173307531	10.217334221501252	96.86959814492974
