0.0	0.47323096766244	52.44555024355379	91.52867101539216
25125.628140703517	0.47566862773335494	51.929518616276404	5.802308143803567
50251.25628140703	0.4797610098601963	51.26862066965301	-153.62339508411574
75376.88442211055	0.48117267683320036	50.70930693474027	-22.764047076807874
100502.51256281407	0.48341056135249744	50.186838950018654	41.617767734286225
125628.1407035176	0.4856559865183385	49.674705729527204	43.60618195085901
150753.7688442211	0.48693825703066296	49.229122084698076	-13.884051141796567
175879.39698492462	0.48896440085046033	48.689479045870684	-127.5955505828276
201005.02512562813	0.4915413998632097	48.052829655763325	66.04686771971014
226130.65326633168	0.49297178276761583	47.56675298185583	-150.50641967420185
251256.28140703513	0.4960996197869223	47.01160689732365	-53.51571078955441
276381.9095477387	0.49746917497698523	46.546469448402604	-0.5866905611608259
301507.5376884422	0.502414778959026	46.10885639371749	30.360859064186272
326633.1658291457	0.5047716183496823	45.62520735950812	29.758491461725512
351758.7939698493	0.5059168806164064	45.13662759547662	-6.948007451557021
376884.4221105527	0.5099751329960989	44.671093208228015	-77.1574676778586
402010.05025125627	0.5117300238285194	44.18746847187383	-178.17115483082293
427135.6783919598	0.5142221011745037	43.79869943765532	51.60632626092982
452261.30653266335	0.5156798836474157	43.29255154075909	-104.79910577233726
477386.9346733669	0.5196814588073412	42.862512013701405	73.93731874517846
502512.56281407026	0.521732881013896	42.41795636048426	-129.86876435232418
527638.1909547738	0.5249590158970328	41.99168609861933	5.961725720503025
552763.8190954772	0.5264906443536357	41.54659894933602	122.97124703500288
577889.4472361809	0.5290857906742531	41.14892169340937	-137.06610310895607
603015.0753768843	0.5315879599729643	40.73968226444264	-52.192482711885496
628140.703517588	0.5341598864058975	40.33974723506663	19.096389779867767
653266.3316582914	0.5347887083718947	39.99866432348111	78.22999348708493
678391.9597989948	0.538871503355604	39.55249362463021	127.0662267292523
703517.5879396984	0.5399188607749419	39.32580589813797	166.84915363107368
728643.216080402	0.5441202596234328	38.78781443718952	-161.1903802531002
753768.8442211054	0.5445130425132463	38.55014617221232	-135.49759446610165
778894.4723618089	0.5495610133229194	38.08363725866164	-115.03698301029706
804020.1005025125	0.551135239929565	37.767778964369484	-98.39253082520904
829145.728643216	0.5539113692861252	37.39562911980928	-84.47664964875675
854271.3567839196	0.5554900172913251	37.11139832293656	-72.4604761480153
879396.984924623	0.559366894312008	36.680857703700504	-60.81975169843871
904522.6130653265	0.5618869395708822	36.35342416176833	-48.82846063190049
929648.2412060301	0.5631638703691334	36.02909706645979	-35.754410985527635
954773.8693467336	0.5642035036601168	35.79366715142377	-20.018510442989996
979899.4974874371	0.5691259669934312	35.385721885541265	-1.6074254030394715
1005025.1256281405	0.5687358364105181	35.08181327128433	20.93597785079505
1030150.7537688442	0.5740235202471012	34.75101569886972	48.15924928500315
1055276.3819095476	0.5764450262245538	34.44308272733556	80.78661079759407
1080402.0100502511	0.5762907436743754	34.2301935056947	119.37480560017352
1105527.638190955	0.5792158625973214	33.90941559682502	164.9035143992967
1130653.2663316582	0.5815007058914347	33.62785708094985	-142.06145858352593
1155778.8944723618	0.5842401201973313	33.3257675213968	-81.07694090247104
1180904.5226130656	0.5887357176100189	32.931986206796395	-11.225794326893597
1206030.150753769	0.591284396853198	32.65654152450089	67.51153406686218
1231155.7788944724	0.5922078988360535	32.37906354262147	155.92439734031498
1256281.407035176	0.5937709937867677	32.15719698825837	-105.36461965083254
1281407.0351758793	0.5984539775972929	31.83763015361841	3.816818578819689
1306532.6633165828	0.6010572253296389	31.547067347567438	124.11614363462577
1331658.2914572866	0.6034573829771965	31.286725110875835	-104.11524062025613
1356783.91959799	0.6027728945170424	31.150083901147784	39.37901827450701
1381909.5477386934	0.6053960320915692	30.85675954432709	-164.75744271408885
1407035.1758793972	0.6094826260148538	30.531732118494517	3.488851184304631
1432160.8040201007	0.6100227388368538	30.380623835597465	-175.24867146808958
1457286.432160804	0.6149772292220238	30.05762201310262	18.946758591634115
1482412.0603015076	0.6143168807552399	29.833307069671125	-133.06999186660943
1507537.688442211	0.6178026492933093	29.583836343961767	88.32835893003269
1532663.3165829144	0.6221022277678027	29.328359645524916	-36.19637761968071
1557788.9447236182	0.6213913754615268	29.110188621441157	-146.40980460755745
1582914.5728643218	0.6263603180329265	28.877183411185218	117.47223416590401
1608040.201005025	0.6262767031009187	28.73372707992254	36.29911507702588
1633165.8291457286	0.6296799005197525	28.41553907253613	-30.344142211441582
1658291.4572864324	0.6336741394915804	28.16759042122563	-81.73362043310337
1683417.0854271357	0.6363638331241238	27.963930429165035	-118.16424006765776
1708542.7135678392	0.6387626807928501	27.719097682921532	-139.3349848662705
1733668.3417085425	0.637433778562056	27.565383367663816	-145.09455125172798
1758793.969849246	0.6419275325454884	27.32169142322566	-135.38453571812195
1783919.5979899499	0.6420950117263716	27.213717369569924	-109.82779952152713
1809045.2261306534	0.6467214667418104	26.919448921376755	-68.48074303875947
1834170.8542713567	0.649130206224183	26.70209450168858	-11.449865800397234
1859296.4824120603	0.6522683374065811	26.496208817284316	61.41153917123685
1884422.110552764	0.6539760356859675	26.31824896312068	150.49045926355987
1909547.7386934676	0.6565044194671811	26.112866999106778	-104.48289569832474
1934673.3668341709	0.655453585869904	25.98247046229621	16.77099304552058
1959798.9949748742	0.6572909365444602	25.786781198731397	153.8945308914502
1984924.6231155777	0.6633008491125675	25.5399581991139	-52.48894938823034
2010050.2512562815	0.6644839651185299	25.367622907648272	117.3972601862934
2035175.879396985	0.6660481941674945	25.18632265051739	-56.64294327197649
2060301.5075376884	0.6667528389021388	25.047413023419416	145.9521198078905
2085427.135678392	0.6689449416843595	24.863153576897055	4.6489836495689625
2110552.763819095	0.6726834093138262	24.63532451426723	-120.37455843110747
2135678.391959799	0.6722809354196407	24.538289421190377	130.9014941180674
2160804.0201005023	0.6752901067104121	24.346308181373434	38.40028281597595
2185929.648241206	0.6779330434496055	24.162119841362966	-37.35833419838848
2211055.27638191	0.6824043101980297	23.946676954969472	-97.08318692856926
2236180.9045226136	0.6847378942303904	23.75483184097765	-140.34837735931956
2261306.5326633165	0.6861258094691493	23.59531547099038	-167.3565410095735
2286432.16080402	0.6876041962744774	23.433547280635807	-178.27215550431117
2311557.7889447236	0.686979084115434	23.371459015585238	-172.77354753425516
2336683.4170854273	0.6930121729394129	23.11428874178833	-151.04181742866152
2361809.045226131	0.6905722469197593	23.021525640080103	-113.0830159796911
2386934.6733668344	0.6945639829796233	22.857269082509266	-59.20257466837791
2412060.301507538	0.6980541604672931	22.665330240983774	11.036547761379989
2437185.929648241	0.6976279298205388	22.5571713353696	97.16864488081106
2462311.557788945	0.7015403925932859	22.355745618661345	-160.8970364041528
2487437.185929648	0.7048179527242213	22.20850403353175	-42.639835450206384
2512562.814070352	0.7044848356297952	22.107812697373998	91.18173230803731
2537688.4422110557	0.7066198108183454	21.933063474967085	-118.75070883265101
2562814.0703517585	0.7092795700918687	21.81163328859308	46.968868826331864
2587939.6984924623	0.7123140885367738	21.614430740115473	-131.68741435543058
2613065.3266331656	0.7099786347435835	21.52749932686505	65.28349756972369
2638190.9547738694	0.7166866534459283	21.337361859879206	-82.0192730775599
2663316.582914573	0.7184902887068122	21.18797704956914	146.15761981520868
2688442.211055277	0.7206731620328429	21.0661503763002	29.958832396333836
2713567.83919598	0.7194245291139442	20.96018513536942	-70.97250451712924
2738693.467336684	0.7196423157622929	20.8562838906609	-156.44661680165905
2763819.095477387	0.725487349689128	20.667601279850032	133.37188645442245
2788944.7236180906	0.7275921787351748	20.534649237505665	78.17279196058918
2814070.3517587944	0.7252154507924622	20.46895445040892	38.42984956377865
2839195.9798994977	0.7299969446848174	20.302954833813146	13.635596596750213
2864321.6080402015	0.7318631442242414	20.17901762051358	3.568860332824209
2889447.2361809043	0.7325957863360893	20.07585059061544	8.714570853400037
2914572.864321608	0.731910702182774	19.950325604889127	28.743364415033664
2939698.4924623114	0.7352355094902635	19.80766749173795	63.27017859194892
2964824.120603015	0.7381167747408619	19.66180830962995	112.68473531682719
2989949.748743719	0.7400902224743621	19.552734550797744	176.86462882049503
3015075.376884422	0.7404814137228909	19.444007216918564	-104.70137698536962
3040201.0050251256	0.7410052374605535	19.36395358738735	-11.675585028862137
3065326.633165829	0.7424678576226487	19.272312931902103	95.73258091494586
3090452.2613065327	0.7483714149628671	19.052969988009774	-142.67063437840918
3115577.8894472364	0.7487830655250056	18.969260181038514	-6.582898479608966
3140703.51758794	0.7519749019161488	18.841442105223962	143.37327293892363
3165829.1457286435	0.7542136555269168	18.722900704895633	-52.481112514885936
3190954.7738693473	0.7511589342868336	18.654129226127896	125.49388701105167
3216080.40201005	0.7571739119289894	18.5110741523592	-42.362114908758905
3241206.030150754	0.7571025566146582	18.41940539332644	163.42881584838673
3266331.658291457	0.7561266844200506	18.366282168475756	22.936519770084214
3291457.286432161	0.762024271166379	18.18244476455304	-103.73582849788545
3316582.914572865	0.764598738434971	18.046487526870308	142.88272692050816
3341708.5427135676	0.762250453755478	18.013641478837414	43.34090589586844
3366834.1708542714	0.7651052976767891	17.877942069230098	-43.02508471317131
3391959.7989949747	0.7666886573486849	17.78598041556036	-115.93221998929536
3417085.4271356785	0.7691520433554576	17.657103468189025	-175.64437231404193
3442211.0552763822	0.7672982274813487	17.582643399229724	138.09629421410702
3467336.683417085	0.7743953089957957	17.431386626605835	104.72329850891198
3492462.3115577884	0.7742488864400978	17.355432816974332	84.52337710124036
3517587.939698492	0.772751148405523	17.30720433234279	77.14817166049895
3542713.567839196	0.7791525108754583	17.14824265937117	82.63877745958115
3567839.1959798997	0.7753127307319855	17.110953380332163	100.93526513045366
3592964.824120603	0.7782463173200603	16.98485642139093	131.96349487486788
3618090.452261307	0.7799843795204193	16.880962135944962	175.69610326049062
3643216.0804020106	0.7841846716101708	16.76753308104041	-127.83345878445081
3668341.7085427134	0.7804354875521305	16.721677090909054	-59.09151346764497
3693467.336683417	0.7878784748063167	16.584213518485793	22.113137370139707
3718592.9648241205	0.7833523400017769	16.567002138914777	115.56465854535176
3743718.5929648243	0.7868118031701762	16.444381029593384	-138.45480964716293
3768844.221105528	0.7907475291325882	16.32768992881996	-20.60903308914171
3793969.849246231	0.787503802479151	16.287808692593554	109.53034096827135
3819095.477386934	0.7953602420566876	16.124173936112	-108.25791407051047
3844221.105527638	0.7904468449587213	16.122707743769023	46.00298769971896
3869346.7336683418	0.7918025001959974	15.995580153253082	-147.96781715178884
3894472.3618090455	0.7956386432535307	15.901831138499983	29.7858749755401
3919597.9899497484	0.7957589962467799	15.828508918144239	-140.19127533602966
3944723.6180904517	0.8026986055229398	15.69331569911964	60.90022604704523
3969849.2462311555	0.8039168255959632	15.61299700753687	-86.00879871200931
3994974.8743718592	0.8017063976959728	15.551523555708197	138.47638566844725
4020100.502512563	0.8050520019232538	15.465545387416793	14.5233231251695
4045226.1306532663	0.8021827719963863	15.407451359995676	-97.92051366937135
4070351.75879397	0.8029389801673019	15.33103624640731	160.90523019351042
4095477.386934674	0.809933655848999	15.203116470219099	71.14161122672003
4120603.0150753767	0.8078557260572065	15.162406350389368	-7.766828746668194
4145728.64321608	0.8098985593257739	15.065418897936611	-75.15816635337875
4170854.271356784	0.809306892692975	15.026067501944986	-131.58003462737744
4195979.899497488	0.8155431224663777	14.880247010974259	-176.97569801928213
4221105.52763819	0.8161740283578272	14.811299133992978	148.57320553298348
4246231.155778894	0.8191117643832319	14.717569760869788	125.16082445716155
4271356.783919598	0.8144431731684382	14.712824721724521	112.40304260564444
4296482.412060302	0.8155393835731632	14.608000113628359	110.74680177237704
4321608.040201005	0.8152808075278345	14.549506093178842	119.50224832037756
4346733.668341708	0.817517751289572	14.493613828107518	139.0898389000821
4371859.296482412	0.8176798491243003	14.421874130264435	169.09472639990636
4396984.924623116	0.8206432242128013	14.327418660265668	-150.01349590733523
4422110.55276382	0.8254976544070646	14.213857264169125	-98.83947813512984
4447236.1809045235	0.8211528979023561	14.227369283294873	-37.41476640715099
4472361.809045227	0.8243430583257944	14.11984853810581	34.30486064156712
4497487.437185929	0.8314441546803334	13.989522632561304	116.81639367587907
4522613.065326633	0.8315920810356074	13.925263791473578	-150.57088721718952
4547738.693467336	0.8299463296714235	13.87656724738708	-47.78766965013686
4572864.32160804	0.8328813554618283	13.816534654159527	64.84628801403812
4597989.949748743	0.8341074450273289	13.72113683619888	-171.84258419112757
4623115.577889447	0.8347511076168788	13.673962454315161	-39.00691245887537
4648241.206030151	0.8391507814493181	13.566229056449377	104.15691203184032
4673366.834170855	0.8378276709309022	13.515427724628966	-102.57504829064824
4698492.462311558	0.8367486722482419	13.46449657889746	60.01862615843649
4723618.090452262	0.8425143899509833	13.356316479031586	-126.89995781033628
4748743.718592966	0.8348344281324153	13.369015050899504	55.65786930595658
4773869.346733669	0.8367576024532686	13.293564495057884	-111.8785305420356
4798994.974874373	0.8430601486177919	13.204498049369322	90.25475472103525
4824120.603015076	0.8429945394153964	13.159059903895233	-57.879571423711305
4849246.231155778	0.8473942272565177	13.05354928489724	163.219677379956
4874371.859296482	0.8401889171922219	13.074309172478877	34.32501493230685
4899497.487437186	0.8412376638199901	12.999936807914612	-85.03874179323316
4924623.11557789	0.8499155416495414	12.861901517027377	165.06726463126768
4949748.743718593	0.8514122558146975	12.8074250574052	64.26377314537501
4974874.371859296	0.8539735568246233	12.742907484969418	-26.656043979189278
5000000.0	0.8545577648354842	12.672753464016793	-108.38193539257894
