0.0
10.002302078558381
20.00230207341124
30.00230207317435
40.00230207307331
50.002302073014704
60.00230207297606
70.00230207294877
80.00230207292867
90.00230207291344
100.00230207290166
110.00230207289239
120.00230207288502
130.00230207287908
140.00230207287424
150.00230207287026
160.002302072867
170.00230207286427
180.002302072862
190.0023020728601
200.00230207285847
210.0023020728571
220.0023020728559
230.00230207285492
240.00230207285404
250.00230207285327
260.0023020728526
270.00230207285205
280.00230207285153
290.0023020728511
300.0023020728507
310.00230207285034
320.00230207285006
330.0023020728498
340.0023020728495
350.0023020728492
360.002302072849
370.0023020728488
380.0023020728486
390.0023020728484
400.00230207284824
410.0023020728481
420.00230207284795
430.00230207284784
440.0023020728477
450.0023020728476
460.0023020728475
470.0023020728474
480.0023020728473
490.0023020728472
500.00230207284716
510.00230207284704
520.002302072847
530.0023020728469
540.0023020728469
550.0023020728468
560.0023020728468
570.0023020728466
580.0023020728466
590.0023020728465
600.0023020728465
610.0023020728464
620.0023020728464
630.0023020728463
640.0023020728463
650.0023020728463
660.0023020728462
670.0023020728462
680.0023020728462
690.0023020728461
700.0023020728461
710.0023020728461
720.002302072846
730.002302072846
740.002302072846
750.0023020728459
760.0023020728459
770.0023020728459
780.0023020728457
790.0023020728457
800.0023020728457
810.0023020728457
820.0023020728456
830.0023020728456
840.0023020728456
850.0023020728456
860.0023020728455
870.0023020728455
880.0023020728455
890.0023020728454
900.0023020728454
910.0023020728454
920.0023020728454
930.0023020728454
940.0023020728453
950.0023020728453
960.0023020728453
970.0023020728453
980.0023020728452
990.0023020728452
