0.0	1.9121768622934014	88.31870452421587	0.0
50.25125628140704	1.9120434130334163	88.31071719833845	1.284180372372708e-05
100.50251256281408	1.9119103003025726	88.30620630150229	-1.831242555917435e-08
150.7537688442211	1.9117801565162682	88.3095463966522	1.2814115217843473e-05
201.00502512562815	1.9116516147137643	88.2933635134777	-2.986915818627928e-08
251.25628140703523	1.911519982310627	88.28015540311713	1.277593706651181e-05
301.5075376884422	1.9113867265343958	88.28107910482541	-3.5746486335024563e-08
351.7587939698493	1.9112548667365297	88.27486286930612	1.2733372411494107e-05
402.0100502512563	1.9111268369892944	88.26859648774618	-3.321693169255576e-08
452.26130653266335	1.9109967435614257	88.25736786423273	1.2682945181256289e-05
502.51256281407046	1.9108636335117313	88.25655359960992	-2.6919925528299443e-08
552.7638190954775	1.9107307496113548	88.26023256841813	1.262870808066091e-05
603.0150753768844	1.9106019662887785	88.2427533167106	-1.1861279651795968e-08
653.2663316582915	1.9104727774786752	88.23310188638746	1.2560417726347214e-05
703.5175879396986	1.9103412062713372	88.23082122964838	6.406280839508528e-09
753.7688442211057	1.9102076276183761	88.2251361607297	1.2489639797129727e-05
804.0201005025126	1.9100773853284245	88.2179449892521	3.3274095810339405e-08
854.2713567839196	1.9099490706128337	88.20390434946712	1.2406593138541012e-05
904.5226130653267	1.9098191166679643	88.20728989317008	6.38546841038835e-08
954.7738693467338	1.9096851700451865	88.20881364750267	1.2324478262058638e-05
1005.0251256281409	1.909553910692954	88.19240079564683	1.005581009688263e-07
1055.2763819095478	1.9094250657349987	88.1856374164321	1.2225173664274644e-05
1105.527638190955	1.9092962373462297	88.180775340009	1.423562884289683e-07
1155.778894472362	1.9091636871360593	88.17712101227255	1.212463211779413e-05
1206.0301507537688	1.909031264309508	88.16671503439287	1.8851994436898407e-07
1256.2814070351758	1.9089012590218561	88.15180120389698	1.2009185261581175e-05
1306.532663316583	1.9087738896055584	88.1578528632998	2.4189501693012777e-07
1356.78391959799	1.9086423794996132	88.15567991704543	1.1895529177644668e-05
1407.0351758793972	1.9085094455063993	88.14246681861744	2.9632065719987966e-07
1457.2864321608042	1.908378399133573	88.13679232311638	1.1766542118125824e-05
1507.5376884422114	1.9082507520718468	88.1310982546317	3.586131112496677e-07
1557.7889447236184	1.9081208328873285	88.12988036385308	1.1633654330113833e-05
1608.0402010050252	1.9079887487727336	88.11538159469718	4.2106085611995423e-07
1658.2914572864322	1.9078561653685173	88.10179255286744	1.1487554862488782e-05
1708.5427135678392	1.9077279198749943	88.10767105663832	4.92442057963137e-07
1758.7939698492464	1.9075995431216046	88.10210442338419	1.133939278712634e-05
1809.0452261306534	1.9074683582305378	88.09278806712668	5.628983243234365e-07
1859.2964824120606	1.9073349675381197	88.08598236232203	1.1181090882965611e-05
1909.5477386934676	1.9072057377171576	88.08184536520491	6.399953455456314e-07
1959.7989949748744	1.907077481128635	88.08236673065576	1.1015302480175002e-05
2010.0502512562814	1.9069479000112344	88.06448281346631	7.171338156563525e-07
2060.3015075376884	1.9068149189397614	88.05361769136763	1.0838580228342602e-05
2110.5527638190956	1.9066840186164085	88.05672380031315	8.001787307318794e-07
2160.804020100503	1.9065556596506847	88.04958407019014	1.0656407700819273e-05
2211.05527638191	1.9064278961948817	88.04278026780261	8.846300857033188e-07
2261.306532663317	1.9062952115760807	88.03341968524143	1.046657155221254e-05
2311.557788944724	1.906163411758797	88.03300787700101	9.711808380041012e-07
2361.8090452261313	1.9060341701004897	88.03363573584285	1.0269946956330562e-05
2412.0603015075376	1.9059068458302202	88.01426809697077	1.05972132422505e-06
2462.3115577889444	1.905775960924902	88.00639210540696	1.0060961144294242e-05
2512.5628140703516	1.9056439373894958	88.0056047094583	1.1497722464116253e-06
2562.814070351759	1.905513008365401	87.998991623962	9.847496049660995e-06
2613.065326633166	1.9053862105728987	87.99184224906124	1.243115102404293e-06
2663.316582914573	1.9052569004475146	87.98021107717653	9.623695031378654e-06
2713.56783919598	1.9051249519426647	87.98431785221352	1.3360802789575346e-06
2763.8190954773872	1.904993026787991	87.98305962777675	9.398026682758466e-06
2814.0703517587945	1.9048654903476652	87.96472065180316	1.429903154388659e-06
2864.321608040201	1.9047370979576053	87.9591022813701	9.15647179818709e-06
2914.5728643216084	1.9046066598683478	87.95504867111755	1.5243329266658864e-06
2964.8241206030157	1.9044739930423689	87.95020629477813	8.91317275320848e-06
3015.075376884423	1.9043450216491986	87.93994029572268	1.619320959447687e-06
3065.3266331658297	1.904217613328054	87.92781860097872	8.65602555130017e-06
3115.577889447237	1.9040886895492029	87.9351439878695	1.7161225216839474e-06
3165.829145728643	1.9039556540683424	87.93069038998048	8.40044304350027e-06
3216.0804020100504	1.9038256352081593	87.91568018263935	1.808752664951123e-06
3266.331658291457	1.9036977268738284	87.9108527400923	8.128811754836868e-06
3316.5829145728644	1.903569998991039	87.90544416866996	1.9041190065236716e-06
3366.8341708542716	1.9034383041793907	87.90241822407926	7.854969076378723e-06
3417.0854271356784	1.9033070665681122	87.88775405330335	1.9946938924185004e-06
3467.3366834170856	1.903178080828221	87.87721459044545	7.567814376267119e-06
3517.587939698493	1.9030517692803919	87.8848331871269	2.0901399560498477e-06
3567.8391959799	1.9029211360404317	87.87744248545049	7.2803645710729805e-06
3618.090452261307	1.9027893261140285	87.86676636008896	2.177328746256104e-06
3668.341708542714	1.9026593359734296	87.86101239998843	6.981597493295695e-06
3718.5929648241213	1.9025328017693552	87.85675415825963	2.2674437307818357e-06
3768.8442211055285	1.902403740496431	87.85466485955857	6.677002474053611e-06
3819.0954773869353	1.9022727195490838	87.83621165432821	2.3500161184775137e-06
3869.3467336683425	1.9021411811638875	87.82841124763159	6.362486121554319e-06
3919.597989949749	1.9020140775095913	87.83330224437081	2.436321548872275e-06
3969.849246231156	1.9018866565288537	87.82469046402748	6.04362621869351e-06
4020.100502512563	1.901756414860349	87.81729235871404	2.5150651719156738e-06
4070.35175879397	1.9016240881785684	87.80950308351011	5.718146177556085e-06
4120.603015075377	1.9014959895692334	87.8086866947085	2.592747951576352e-06
4170.854271356784	1.9013687051974324	87.80612350000432	5.385306240314904e-06
4221.105527638191	1.901240115058046	87.78588375465868	2.6638378485923978e-06
4271.3567839195985	1.9011081264262246	87.78068217967902	5.0435663377667084e-06
4321.608040201006	1.900978341056496	87.7812685998595	2.7338255872434916e-06
4371.859296482413	1.9008510733898347	87.7734635912162	4.6968021576837205e-06
4422.11055276382	1.9007241976278197	87.76654665129284	2.7991615573811534e-06
4472.361809045227	1.9005925227726543	87.75703358951783	4.343157054829926e-06
4522.613065326634	1.9004617943504165	87.7607384051397	2.8591881170575746e-06
4572.864321608041	1.9003336770278856	87.75620419353932	3.985688381745176e-06
4623.115577889448	1.900207328758696	87.73677593584144	2.9128820791236867e-06
4673.366834170855	1.9000773962792574	87.73312130079671	3.6164738824182987e-06
4723.618090452263	1.899946371504451	87.7298254737097	2.962102467775087e-06
4773.86934673367	1.8998166096077194	87.72389499709449	3.2452579828751336e-06
4824.120603015075	1.8996907882532383	87.71437445201612	3.0062337742687187e-06
4874.371859296482	1.8995625027840344	87.70484030655956	2.8635845316905892e-06
4924.623115577889	1.8994314481907555	87.71215054849968	3.0452624858397134e-06
4974.874371859296	1.899300716732106	87.70474439906572	2.4829158909664144e-06
5025.125628140703	1.8991741797192223	87.68850600380271	3.0741279248062813e-06
5075.37688442211	1.8990468054177339	87.68498987224028	2.088371348387282e-06
5125.628140703518	1.898917265508536	87.67974467661713	3.099179189633908e-06
5175.879396984925	1.8987857381206819	87.67535078536277	1.693536971060089e-06
5226.130653266332	1.8986577842243435	87.66148917794192	3.1142637846456165e-06
5276.381909547738	1.898531518838689	87.65395750731314	1.2870955350507675e-06
5326.633165829146	1.8984033524358754	87.66213963427361	3.1277823875561755e-06
5376.884422110553	1.89827147418372	87.65225607749969	8.821291845335337e-07
5427.13567839196	1.8981424499400268	87.64045882730723	3.1259344425777923e-06
5477.386934673367	1.8980157090919716	87.63577429334143	4.660877611376402e-07
5527.6381909547745	1.8978888341869895	87.63112511815127	3.1215201707698727e-06
5577.889447236182	1.8977582110370168	87.62699082345219	4.719586211437582e-08
5628.140703517589	1.8976279113331977	87.60911505649842	3.102471290691981e-06
5678.391959798995	1.8975001845348027	87.60461121520015	-3.8016580226785195e-07
5728.643216080402	1.897374675578679	87.61045322434114	3.0830818381690247e-06
5778.89447236181	1.8972451600173927	87.59980198376802	-8.098685291448922e-07
5829.145728643217	1.89711421730512	87.59180560000482	3.047010570960177e-06
5879.396984924624	1.8969855103737379	87.58527576274204	-1.24523034806954e-06
5929.648241206031	1.8968598406180213	87.58353415902242	3.0059276609384365e-06
5979.899497487439	1.8967318582894357	87.5781731828628	-1.686784410334888e-06
6030.150753768846	1.8966016652759365	87.55823342822967	2.949564383845742e-06
6080.402010050252	1.8964714003739187	87.55625199805675	-2.1337563807142596e-06
6130.653266331659	1.896345192214497	87.55775268643207	2.889155623744015e-06
6180.904522613067	1.8962189524464552	87.54837407690799	-2.5856521634155907e-06
6231.155778894474	1.896089398478407	87.54169431574306	2.8150691991901836e-06
6281.407035175881	1.8959583604715902	87.53383007798861	-3.0411186401865754e-06
6331.658291457286	1.8958311586016672	87.53625504815513	2.7311215279328194e-06
6381.909547738694	1.8957050686934451	87.52849700819131	-3.5018457111265005e-06
6432.160804020101	1.895577235572515	87.509085924783	2.6330571698862385e-06
6482.412060301507	1.8954464475774713	87.50809888066236	-3.969178688885387e-06
6532.663316582914	1.8953175388843844	87.50534306807042	2.526082017990434e-06
6582.914572864322	1.8951915796316707	87.49826392421832	-4.43951394412947e-06
6633.165829145729	1.895065360967666	87.48976483609488	2.407492027438022e-06
6683.417085427136	1.8949349123595611	87.48229884973644	-4.916195686907555e-06
6733.668341708543	1.8948050268391072	87.48838581329937	2.277120810692476e-06
6783.9195979899505	1.894678238479459	87.47778551415318	-5.393607163420805e-06
6834.170854271357	1.894552636288484	87.46124134632507	2.1308435826545e-06
6884.422110552764	1.8944238574304098	87.45960117554667	-5.880962345983871e-06
6934.673366834171	1.8942936143957099	87.45439972110597	1.9744036671313765e-06
6984.9246231155785	1.8941652239836684	87.44900163644644	-6.368202192157456e-06
7035.175879396986	1.8940401651765615	87.43658920903096	1.8034688441498484e-06
7085.427135678393	1.8939130980788854	87.43157976760169	-6.864617860465911e-06
7135.6783919598	1.893782719540767	87.43900549311837	1.6237099315553994e-06
7185.929648241207	1.8936533676641696	87.42624142055905	-7.359370665067045e-06
7236.180904522614	1.8935276220801935	87.41390888290468	1.423096431341514e-06
7286.432160804021	1.893401461662777	87.4104884412017	-7.864087811876456e-06
7336.683417085428	1.893272618112955	87.4053377036431	1.2139232487251362e-06
7386.934673366835	1.8931424100893248	87.39986482440118	-8.369392863714326e-06
7437.185929648243	1.8930152683004504	87.38350292751366	9.849435340929348e-07
7487.43718592965	1.8928903184290218	87.38198873401103	-8.882331428611983e-06
7537.688442211057	1.8927627241467262	87.38763703332565	7.50518144341635e-07
7587.939698492462	1.8926321749920598	87.37452172840585	-9.396350853198936e-06
7638.190954773869	1.8925039589059547	87.36612609595018	4.921346154415606e-07
7688.442211055276	1.8923785548505163	87.3606542110876	-9.916021619598354e-06
7738.693467336683	1.892252340319573	87.35777268109848	2.2480363608118367e-07
7788.94472361809	1.8921229520545801	87.35039229793551	-1.044031045034485e-05
7839.195979899498	1.8919934098389122	87.331848430922	-6.474346182226559e-08
7889.447236180905	1.8918670983244328	87.33311379564661	-1.096830879415899e-05
7939.698492462312	1.8917422323970727	87.33472714617022	-3.6101790951483083e-07
7989.949748743719	1.8916139795791762	87.32339253923845	-1.1501502224013262e-05
8040.201005025126	1.8914837387422045	87.31691784903543	-6.791818799044008e-07
8090.452261306533	1.891356450171011	87.31021530842918	-1.2036748232884181e-05
8140.70351758794	1.8912314774114753	87.3108665122167	-1.010362011321862e-06
8190.954773869347	1.8911047264796605	87.3004612270616	-1.257864758582095e-05
8241.206030150754	1.8909752078962772	87.28223374285358	-1.3624910486249657e-06
8291.457286432162	1.890846348649545	87.28427351402014	-1.3123343913266971e-05
8341.708542713568	1.89072088543077	87.28158599686421	-1.726260798287271e-06
8391.959798994976	1.8905959387822535	87.27315964524189	-1.3673489599297176e-05
8442.211055276382	1.890466946835401	87.2656978143675	-2.107953430512907e-06
8492.46231155779	1.8903373100308063	87.25963020055676	-1.4227013555200883e-05
8542.713567839197	1.8902108704285718	87.26360629096698	-2.5061764636018814e-06
8592.964824120603	1.8900860973793288	87.2500870014631	-1.4784656706850753e-05
8643.216080402011	1.889958882499457	87.23436685663482	-2.924904034343367e-06
8693.467336683418	1.8898294046927162	87.23507456567685	-1.534834247646963e-05
8743.718592964826	1.8897012455616773	87.22967976992516	-3.3583465457192846e-06
8793.969849246232	1.8895766839394275	87.22345438405998	-1.5914328298966002e-05
8844.22110552764	1.8894510322490996	87.21276512550156	-3.8096071256615084e-06
8894.472361809047	1.889321894235593	87.20949750381766	-1.6487556599291454e-05
8944.723618090455	1.8891927480162667	87.21497503397453	-4.275977831568744e-06
8994.974874371861	1.8890673659379322	87.19936403603464	-1.7061728540406688e-05
9045.226130653267	1.888942395287666	87.18739787516756	-4.76621669047733e-06
9095.477386934675	1.8888148647944307	87.18553517769598	-1.76446319058475e-05
9145.728643216082	1.888685310790952	87.17980889788244	-5.270106832005563e-06
9195.97989949749	1.8885583597421367	87.17362820014095	-1.8228591950643538e-05
9246.231155778896	1.888433984599573	87.15935392246072	-5.796195266594787e-06
9296.482412060304	1.8883081785575342	87.16006807404575	-1.882062016280283e-05
9346.73366834171	1.8881784169564504	87.16428900258288	-6.332870383499763e-06
9396.984924623117	1.8880504897289945	87.14858455750152	-1.9414795328384234e-05
9447.236180904525	1.8879254596056765	87.14028318910604	-6.8974385275969184e-06
9497.487437185931	1.8878005787663257	87.13582358191127	-2.0015953913720147e-05
9547.73869346734	1.887672359038936	87.1318080282095	-7.474200207252715e-06
9597.989949748746	1.8875435145192514	87.12334106670728	-2.062150250481068e-05
9648.24120603015	1.88741712416186	87.10700421783955	-8.07691508703981e-06
9698.492462311557	1.8872935008075011	87.11098650850037	-2.1231827937274194e-05
9748.743718592965	1.8871664641635744	87.11168583888931	-8.688557406106591e-06
9798.994974874371	1.887037261234719	87.09816744216741	-2.1849011062270553e-05
9849.246231155777	1.886909815532771	87.09198558867503	-9.327687777636785e-06
9899.497487437186	1.886785764526786	87.08606794732817	-2.246949016566072e-05
9949.748743718592	1.8866601583096465	87.08484936186146	-9.98119805909545e-06
10000.0	1.88653203191445	87.0727456609981	-2.3098616926593898e-05
