0.0	1.4524923383294217	17.661804583356275	0.0
50.25125628140704	1.4524288898219504	17.657416333041496	1.291523400064418e-05
100.50251256281408	1.452365676947762	17.656510253195048	-2.354758619600254e-08
150.7537688442211	1.452304728506939	17.663461114380883	1.288773289875578e-05
201.00502512562815	1.4522449580658943	17.650859034448384	-4.059595918010988e-08
251.25628140703523	1.452182867525433	17.641257400947204	1.2828028882327495e-05
301.5075376884422	1.4521194851841863	17.645771644186485	-5.1937851672244205e-08
351.7587939698493	1.4520572105761516	17.64314739234372	1.2782150349163958e-05
402.0100502512563	1.4519977688523549	17.640481044601046	-5.4838508930803454e-08
452.26130653266335	1.4519368253879794	17.632851235117215	1.2718868600220564e-05
502.51256281407046	1.451873493052657	17.635636556096145	-5.402547368782939e-08
552.7638190954774	1.4518104178467242	17.642929143078817	1.2667565531379592e-05
603.0150753768844	1.451750343358088	17.629028047736476	-4.579230493415021e-08
653.2663316582915	1.4516900648620275	17.62297235928688	1.2578029547657214e-05
703.5175879396986	1.4516278416442872	17.624285344098293	-3.373789003433478e-08
753.7688442211057	1.4515642157016861	17.62219456003464	1.2501043883563129e-05
804.0201005025126	1.4515029724181219	17.618607796585763	-1.3935970084448293e-08
854.2713567839196	1.4514433357144514	17.60816668103015	1.2400391737605904e-05
904.5226130653267	1.451382281672664	17.615141267376707	1.10149570417229e-08
954.7738693467338	1.4513183530477833	17.62027611645659	1.232167999573362e-05
1005.0251256281409	1.4512562770815565	17.6074447763963	3.8278971359869394e-08
1055.2763819095478	1.4511962145091537	17.60427123495294	1.2202171817183073e-05
1105.527638190955	1.4511359565737243	17.60300498253549	7.249632005886233e-08
1155.778894472362	1.4510730660477047	17.602945124968034	1.209321355833788e-05
1206.0301507537688	1.4510100462880906	17.5961452475968	1.0833870710622628e-07
1256.2814070351758	1.4509490783804417	17.584834365902417	1.1954846286902143e-05
1306.532663316583	1.4508898706884528	17.59446479221895	1.554217622733087e-07
1356.78391959799	1.4508277471788646	17.595894809935608	1.184139261185892e-05
1407.0351758793972	1.4507642798432852	17.586268520837788	1.9734024036294842e-07
1457.2864321608042	1.4507024967728208	17.58418366846843	1.1693340730700382e-05
1507.5376884422114	1.4506430197344116	17.58208939798093	2.497263940377667e-07
1557.7889447236184	1.4505820816382329	17.584464047410986	1.1550324230185829e-05
1608.0402010050252	1.450519202156723	17.573565807404776	2.975962392350246e-07
1658.2914572864322	1.4504562259962708	17.563583337145513	1.1376742140755699e-05
1708.5427135678392	1.4503962362768044	17.573036458805205	3.603419457229075e-07
1758.7939698492464	1.45033644647807	17.571063326966605	1.12224822015813e-05
1809.0452261306534	1.4502741930340737	17.565337929815072	4.153846293035505e-07
1859.2964824120606	1.4502105779940948	17.562123155592527	1.104455966807694e-05
1909.5477386934676	1.4501497827911343	17.561591171156138	4.792325383240011e-07
1959.7989949748744	1.450090059215113	17.56570476630711	1.0867524252862973e-05
2010.0502512562814	1.4500289685869099	17.55140950560485	5.369960349583538e-07
2060.3015075376884	1.449965639256158	17.544150007154602	1.0659535530155825e-05
2110.5527638190956	1.4499035172370638	17.550833768896762	6.069990558655515e-07
2160.804020100503	1.4498436899873135	17.5472818440002	1.0463871479420562e-05
2211.05527638191	1.4497839258699352	17.544072528117756	6.727227507532455e-07
2261.306532663317	1.449720795504748	17.53830152571534	1.025053083301122e-05
2311.557788944724	1.4496579337025575	17.54149654018567	7.423363904992726e-07
2361.8090452261313	1.4495974085584509	17.54572001506265	1.004172980796975e-05
2412.0603015075376	1.449537923519346	17.529929495919788	8.060062608637664e-07
2462.3115577889444	1.449476134825047	17.525652197621596	9.7981073298133e-06
2512.5628140703516	1.4494130480472176	17.528448564568286	8.772316572329689e-07
2562.814070351759	1.4493512118018386	17.52542253234115	9.564284451553263e-06
2613.065326633166	1.449292073294032	17.52187273130691	9.468144629361659e-07
2663.316582914573	1.4492314545901497	17.513827538493135	9.30987020357116e-06
2713.56783919598	1.449168370920729	17.521535197044443	1.0194099305119952e-06
2763.8190954773872	1.449105748498155	17.52387685338575	9.069749813967938e-06
2814.0703517587945	1.449045995034001	17.50911018666992	1.0820365146410945e-06
2864.321608040201	1.4489860456840697	17.507081800681156	8.790604866452016e-06
2914.5728643216084	1.4489240583711602	17.506617122386718	1.1512854821814374e-06
2964.8241206030157	1.448860842128276	17.505362191581415	8.520857657223134e-06
3015.075376884423	1.4487999447881652	17.4987018257194	1.2151200545404976e-06
3065.3266331658297	1.4487407145051816	17.49016436483548	8.224530808261804e-06
3115.577889447237	1.448679827709898	17.501077962233484	1.2878178132065571e-06
3165.829145728643	1.4486163004539918	17.50022447680515	7.949112820563923e-06
3216.0804020100504	1.4485545549971681	17.488789348588156	1.3426407567856185e-06
3266.331658291457	1.448494913579221	17.487546840473424	7.63720031688232e-06
3316.5829145728644	1.448434886338467	17.485731556510775	1.4060226144409027e-06
3366.8341708542716	1.4483723477699741	17.48629047751551	7.331133173755985e-06
3417.0854271356784	1.4483096247479896	17.475234065938505	1.4563400864197356e-06
3467.3366834170856	1.4482491315741197	17.468281661200436	6.996550385546903e-06
3517.587939698493	1.4481901330412248	17.479475864743677	1.522139892095401e-06
3567.8391959799	1.4481283698492666	17.475679808042354	6.680424416633891e-06
3618.090452261307	1.448065162206045	17.468584997332165	1.5652808979733536e-06
3668.341708542714	1.4480038717736923	17.46641539250038	6.337798517198417e-06
3718.5929648241213	1.4479446557190705	17.465756101496982	1.6160251179729982e-06
3768.8442211055285	1.4478840554414185	17.46724686888394	5.995355934203234e-06
3819.0954773869353	1.4478214005811803	17.452394965996596	1.6485813677075567e-06
3869.3467336683425	1.4477588974369704	17.448186424942698	5.625916321699499e-06
3919.597989949749	1.4476992010954195	17.456647585163676	1.6969258425765738e-06
3969.849246231156	1.4476398148795926	17.451622846049716	5.267564722844759e-06
4020.100502512563	1.447577706647325	17.447811727809718	1.7253252798592217e-06
4070.35175879397	1.4475145680959913	17.44360648676595	4.892055563894541e-06
4120.603015075377	1.4474540686660065	17.446395272471044	1.7560627371926276e-06
4170.854271356784	1.4473947507667073	17.447409858309033	4.515861216951815e-06
4221.105527638191	1.4473338547073835	17.43075783946672	1.76712278529667e-06
4271.3567839195985	1.4472709369103371	17.429149458833695	4.1119362082966585e-06
4321.608040201006	1.4472091087118175	17.433308906600278	1.7885781389479893e-06
4371.859296482413	1.447149766672991	17.429086325287585	3.7147718824395515e-06
4422.11055276382	1.447090132166715	17.42576128717029	1.7956514925435966e-06
4472.361809045227	1.4470274154904346	17.41982828203404	3.3016269437180822e-06
4522.613065326634	1.4469648258664853	17.427140236639413	1.8016043452452641e-06
4572.864321608041	1.446904798888855	17.426186805775902	2.8945942609403236e-06
4623.115577889448	1.4468455235626325	17.41033299546185	1.784884301922968e-06
4673.366834170855	1.44678409478309	17.41026730806276	2.4558279474549665e-06
4723.618090452263	1.4467212373783984	17.41055102339231	1.774057494294756e-06
4773.86934673367	1.4466599185791569	17.408202417654362	2.023914077645478e-06
4824.120603015075	1.4466010034646235	17.40227981581808	1.7490893171592543e-06
4874.371859296482	1.4465407889796307	17.396319306714954	1.5710579712278175e-06
4924.623115577889	1.4464778679549568	17.407230001440958	1.7270526515625555e-06
4974.874371859296	1.4464157701889873	17.40340999155334	1.1323437779118594e-06
5025.125628140703	1.4463562701462265	17.39074018679635	1.6749884907792542e-06
5075.37688442211	1.4462967085046297	17.39080681138237	6.608192114286279e-07
5125.628140703518	1.4462349017101062	17.389146822428643	1.62831760196841e-06
5175.879396984925	1.4461721556928198	17.388334326580313	1.951212498015566e-07
5226.130653266332	1.4461115377574905	17.378076961278392	1.560814306915874e-06
5276.381909547738	1.4460527785476995	17.374115166128316	-2.9458554301492845e-07
5326.633165829146	1.4459919798993994	17.385884086877237	1.504788528804783e-06
5376.884422110553	1.445928923407959	17.37958874080391	-7.693146715113403e-07
5427.13567839196	1.4458674526723938	17.371362660231352	1.4119931286269457e-06
5477.386934673367	1.4458082878645249	17.37025767447289	-1.2702656845144706e-06
5527.6381909547745	1.4457484363443218	17.36919830552588	1.324031415942215e-06
5577.889447236182	1.4456862916665094	17.368641120100037	-1.770550688675769e-06
5628.140703517589	1.4456238129155972	17.35437129991992	1.207681267552335e-06
5678.391959798995	1.445563852212642	17.35343933292484	-2.2927969235589675e-06
5728.643216080402	1.4455050060986683	17.362855070007864	1.1071307618160883e-06
5778.89447236181	1.4454436597863585	17.35578870248988	-2.8065059511071423e-06
5829.145728643217	1.4453806559773885	17.351369815089114	9.705053737616418e-07
5879.396984924624	1.4453199026809902	17.348419648952532	-3.3364854919439116e-06
5929.648241206031	1.4452608998735283	17.350273463815682	8.339925103540048e-07
5979.899497487439	1.4452006753371436	17.348482787229706	-3.8703125007155455e-06
6030.150753768846	1.445138208980121	17.332141962859676	6.655167926315698e-07
6080.402010050252	1.4450762212352504	17.333737630183748	-4.423762254306285e-06
6130.653266331659	1.4450167752377088	17.338806446528377	5.091008924142748e-07
6180.904522613067	1.4449578311041251	17.333007504222483	-4.9747182406674705e-06
6231.155778894474	1.4448958191076138	17.32991072858751	3.2376502417418433e-07
6281.407035175881	1.4448331938810766	17.325625145200203	-5.537365741566911e-06
6331.658291457286	1.4447729587524445	17.331651608234157	1.3298465496715642e-07
6381.909547738694	1.4447140802561442	17.327459828193746	-6.101762951882501e-06
6432.160804020101	1.4446533484886024	17.31163379721275	-9.192818966720146e-08
6482.412060301507	1.4445908643388545	17.314226923411148	-6.687796161161487e-06
6532.663316582914	1.4445292974645298	17.315041595892012	-3.115142630151807e-07
6582.914572864322	1.4444704689110714	17.31153981292165	-7.272011285093915e-06
6633.165829145729	1.444410937702156	17.306628013236057	-5.55043151994341e-07
6683.417085427136	1.4443486617114158	17.302734942311986	-7.870947009243135e-06
6733.668341708543	1.444286320481096	17.312425307564745	-8.030981321667687e-07
6783.9195979899505	1.4442268093161144	17.305393146200892	-8.464926321107868e-06
6834.170854271357	1.444167719038055	17.292420745454862	-1.0909336211692807e-06
6884.422110552764	1.4441066645786533	17.294359349360303	-9.08386097328056e-06
6934.673366834171	1.444044022057145	17.29273388799862	-1.3768271557381827e-06
6984.9246231155785	1.4439832377065787	17.290914178045988	-9.699886817261183e-06
7035.175879396986	1.4439245338909985	17.28209398631428	-1.6898968938506415e-06
7085.427135678393	1.443864732233051	17.280648907031978	-1.0334646641214505e-05
7135.6783919598	1.44380195862277	17.291671743845615	-1.9989904069226776e-06
7185.929648241207	1.443740388539985	17.28248086362186	-1.0961460532511253e-05
7236.180904522614	1.4436811341352849	17.273714310022168	-2.3554262730250402e-06
7286.432160804021	1.4436219707731262	17.273869708803016	-1.161119695232417e-05
7336.683417085428	1.4435603409262427	17.272299240097038	-2.7106613565625444e-06
7386.934673366835	1.44349806424505	17.27040474716241	-1.2261026421453065e-05
7437.185929648243	1.443437719082481	17.257640136671288	-3.1011463358820005e-06
7487.43718592965	1.4433794250502976	17.259684457948524	-1.2928338745255645e-05
7537.688442211057	1.4433187221828752	17.268917289523507	-3.4794660746830193e-06
7587.939698492462	1.4432561307583953	17.259378071872334	-1.3592456232541087e-05
7638.190954773869	1.4431949410686509	17.25455067975069	-3.907231075340099e-06
7688.442211055276	1.4431362461285118	17.252654179814098	-1.4271736887433745e-05
7738.693467336683	1.4430765707329027	17.253355898793693	-4.337104166895588e-06
7788.94472361809	1.443014809439759	17.2495489442783	-1.4957263459046769e-05
7839.195979899498	1.4429525837100288	17.234603564032057	-4.80791285606921e-06
7889.447236180905	1.4428931412512265	17.23942783782037	-1.565586251929731e-05
7939.698492462312	1.442834470665502	17.244613706272983	-5.266530977107546e-06
7989.949748743719	1.4427735194857447	17.236854135314363	-1.6358447300257734e-05
8040.201005025126	1.442710736983764	17.23395289297728	-5.767975778654981e-06
8090.452261306533	1.4426504932715232	17.230827378417164	-1.7070022089013836e-05
8140.70351758794	1.44259171795238	17.23506602999721	-6.2778141714336725e-06
8190.954773869347	1.442531856089319	17.228225595706853	-1.7790587806292553e-05
8241.206030150754	1.4424696013886316	17.213590358179555	-6.830560522775562e-06
8291.457286432162	1.4424081026272686	17.219194001540075	-1.852318286596678e-05
8341.708542713568	1.4423489305948622	17.220073325788206	-7.37794137195199e-06
8391.959798994976	1.4422903884207952	17.215220166217318	-1.926213227707252e-05
8442.211055276382	1.4422285129492796	17.21133532679673	-7.959272015817267e-06
8492.46231155779	1.4421663636315394	17.20884386628203	-2.0011000534865218e-05
8542.713567839197	1.442106424614155	17.21641287303607	-8.551587155269568e-06
8592.964824120603	1.442047957660929	17.20645188208143	-2.0765715900824535e-05
8643.216080402011	1.4419874161926347	17.194311727253773	-9.190010405184311e-06
8693.467336683418	1.4419253303844708	17.198587996282942	-2.1535928892219947e-05
8743.718592964826	1.4418640575590822	17.196761017940013	-9.829133396058934e-06
8793.969849246232	1.441805694322773	17.194109912186885	-2.23103893149017e-05
8844.22110552764	1.4417463244138427	17.186999291572388	-1.0500254367291823e-05
8894.472361809047	1.4416844396717095	17.187301154036106	-2.3099244540926104e-05
8944.723618090455	1.4416223922799012	17.196374208424274	-1.1176232233612353e-05
8994.974874371861	1.4415633450085503	17.184320890981816	-2.38906966677473e-05
9045.226130653267	1.4415044738686538	17.175922989765205	-1.1904941254378482e-05
9095.477386934675	1.4414437576657189	17.17763051786619	-2.4699685895925057e-05
9145.728643216082	1.4413813779714393	17.175475389179983	-1.2636185467828975e-05
9195.97989949749	1.4413210748534393	17.172872557402645	-2.5512993202103493e-05
9246.231155778896	1.441262637716586	17.162179016205904	-1.3405551674415265e-05
9296.482412060304	1.4412031792594389	17.166452254431977	-2.634111392577574e-05
9346.73366834171	1.44114062028458	17.17426446376562	-1.416947949540812e-05
9396.984924623117	1.4410795135451617	17.162121398876895	-2.7174893196336732e-05
9447.236180904525	1.4410205560583988	17.157383181318586	-1.4990644415604483e-05
9497.487437185931	1.440961745409709	17.156494337936252	-2.8022512915046224e-05
9547.73869346734	1.4409003428752758	17.15605161403937	-1.581603234173831e-05
9597.989949748746	1.4408384771188565	17.15116372508334	-2.8879905801539473e-05
9648.24120603015	1.4407784608791085	17.13841092132913	-1.6686591554700053e-05
9698.492462311557	1.4407205518451907	17.14594399857446	-2.9747093050003197e-05
9748.743718592965	1.440660032145528	17.150224421546433	-1.754704497365007e-05
9798.994974874371	1.4405978339247512	17.14027110305736	-3.062750566780542e-05
9849.246231155777	1.4405369916812585	17.137653971968238	-1.846066596846124e-05
9899.497487437186	1.4404786978111295	17.13530949952927	-3.151619677593502e-05
9949.748743718592	1.4404192499432988	17.137664128232792	-1.938384147523607e-05
10000.0	1.4403578150686427	17.12913391773846	-3.242083720631317e-05
