0.0	1.16672998435963	159.4981862733798	0.0
50.25125628140704	1.1664418411898603	159.49056913460174	1.2716457575645568e-05
100.50251256281408	1.1661539297368	159.48642151985308	-1.6984492343432137e-07
150.7537688442211	1.1658678780609064	159.49011793957033	1.2541417398655677e-05
201.00502512562815	1.1655828140799729	159.47431539048586	-3.278886134128129e-07
251.25628140703523	1.1652959280266506	159.46146367202903	1.2347972530291014e-05
301.5075376884422	1.1650080484622625	159.46275543127845	-4.934472212531353e-07
351.7587939698493	1.1647210982322875	159.45690443156383	1.2154871196412988e-05
402.0100502512563	1.1644364637973479	159.45099407651287	-6.36878668329907e-07
452.26130653266335	1.1641506639415784	159.4401210769712	1.1949261875106859e-05
502.51256281407046	1.1638629924569128	159.43965942690397	-7.984883706057736e-07
552.7638190954774	1.1635755667553258	159.44367746323732	1.1750948109616395e-05
603.0150753768844	1.1632905907505338	159.4265655600518	-9.369316751767754e-07
653.2663316582915	1.1630054893026476	159.41726501278552	1.1504793162564968e-05
703.5175879396986	1.1627188744975685	159.4153344659367	-1.0947613905061278e-06
753.7688442211057	1.1624311743941718	159.4099978056682	1.1276486596405874e-05
804.0201005025126	1.1621454283076493	159.40314362817378	-1.2345139461457424e-06
854.2713567839196	1.1618610059508363	159.389443182942	1.100408810778118e-05
904.5226130653267	1.161575494439504	159.39317517830307	-1.386432946193751e-06
954.7738693467338	1.1612877191296278	159.39502536425488	1.0766020290775823e-05
1005.0251256281409	1.161001473504608	159.37896162752938	-1.5374995515267978e-06
1055.2763819095478	1.1607168751557904	159.37253935294186	1.0459069608505979e-05
1105.527638190955	1.1604321670607738	159.3680102023366	-1.6886875775845234e-06
1155.778894472362	1.1601453893232196	159.36468924940485	1.0174154408190643e-05
1206.0301507537688	1.1598585562523844	159.35460350238966	-1.8533652092423086e-06
1256.2814070351758	1.159573399160538	159.34001207628063	9.83325682238414e-06
1306.532663316583	1.1592896966554473	159.34640368813834	-2.0036657847418267e-06
1356.78391959799	1.1590036984622267	159.34454930958586	9.522441139249006e-06
1407.0351758793972	1.1587166756304854	159.33166538950493	-2.185776473375179e-06
1457.2864321608042	1.1584310330070253	159.32631723604075	9.15717285829706e-06
1507.5376884422114	1.1581472808500548	159.32093734965952	-2.348998362519778e-06
1557.7889447236184	1.157862395412747	159.32003955534682	8.788575034576404e-06
1608.0402010050252	1.1575760099572052	159.30585045146736	-2.5481822071768625e-06
1658.2914572864322	1.1572895810844614	159.29256582758086	8.37990311703513e-06
1708.5427135678392	1.1570055855086756	159.2987724245942	-2.7256800696851497e-06
1758.7939698492464	1.156721781758945	159.29351755210902	7.970189826134727e-06
1809.0452261306534	1.1564360633053028	159.28451141094035	-2.939873588456602e-06
1859.2964824120606	1.1561492916936604	159.27801597157134	7.536296439939494e-06
1909.5477386934676	1.1558648199140706	159.27417333538978	-3.147804863261935e-06
1959.7989949748744	1.1555812337899802	159.27500005253074	7.072412187353412e-06
2010.0502512562814	1.1552966094331942	159.2574205733322	-3.3821288311627187e-06
2060.3015075376884	1.1550102326314777	159.246845744606	6.579627167716307e-06
2110.5527638190956	1.1547248702443496	159.25026187662323	-3.6196387475878083e-06
2160.804020100503	1.1544413664267874	159.2434237881135	6.0664944516413816e-06
2211.05527638191	1.1541579650225273	159.2369117576761	-3.8710429042340315e-06
2261.306532663317	1.1538719135404953	159.2278475821136	5.534430971814619e-06
2311.557788944724	1.1535861295808303	159.22771320482767	-4.1472988142288685e-06
2361.8090452261313	1.1533022352870603	159.22862845145764	4.978242344277204e-06
2412.0603015075376	1.15301922169263	159.20955965752947	-4.431309120006159e-06
2462.3115577889444	1.152734404481853	159.20196485124683	4.374381368535736e-06
2512.5628140703516	1.1524486092401314	159.20146676714418	-4.7442975104502346e-06
2562.814070351759	1.1521638376734282	159.19514091087862	3.7612987372981483e-06
2613.065326633166	1.1518812652446517	159.18826351490554	-5.058830923377788e-06
2663.316582914573	1.1515975441296915	159.17691676351777	3.102511299062342e-06
2713.56783919598	1.1513119190964043	159.18129059742546	-5.407993142727675e-06
2763.8190954773872	1.1510266890658492	159.18030102037108	2.4491157239822007e-06
2814.0703517587945	1.1507437935214835	159.16224949086038	-5.773428269424277e-06
2864.321608040201	1.1504607694523823	159.15690458902054	1.7188954164281178e-06
2914.5728643216084	1.1501761827884613	159.15312039318147	-6.163469056381636e-06
2964.8241206030157	1.1498906479217377	159.14854978589042	9.947619793969355e-07
3015.075376884423	1.1496070101931317	159.13853513454475	-6.57653842877105e-06
3065.3266331658297	1.1493247218818432	159.1266842411041	2.0126919874463736e-07
3115.577889447237	1.1490411753974807	159.13427195059475	-7.0016613953025865e-06
3165.829145728643	1.1487555607892839	159.1300716623445	-5.747227393623873e-07
3216.0804020100504	1.1484714169353119	159.11533101281864	-7.476549252175672e-06
3266.331658291457	1.1481889672736862	159.11076610613	-1.429166447340174e-06
3316.5829145728644	1.1479062685850778	159.10560776361694	-7.954171045379795e-06
3366.8341708542716	1.147621604878126	159.10284054813422	-2.2901465674768625e-06
3417.0854271356784	1.1473368532384776	159.0884104296598	-8.487048206348623e-06
3467.3366834170856	1.1470538936934367	159.07812421577404	-3.2134308012370517e-06
3517.587939698493	1.1467721757344687	159.0860002338799	-9.010442689628546e-06
3567.8391959799	1.1464882927087203	159.0788522794179	-4.142327283614215e-06
3618.090452261307	1.146203324823245	159.0684248699397	-9.603619441254678e-06
3668.341708542714	1.14591989966841	159.0629186578449	-5.121168455024693e-06
3718.5929648241213	1.1456381747158941	159.0588903676591	-1.01981341306141e-05
3768.8442211055285	1.14535537818329	159.0570485123333	-6.137967481086303e-06
3819.0954773869353	1.1450710153649815	159.03881931152324	-1.0854516342331869e-05
3869.3467336683425	1.144786796906403	159.031252852292	-7.197026891393063e-06
3919.597989949749	1.1445048574859924	159.03639023999114	-1.1512773485715016e-05
3969.849246231156	1.1442231864879309	159.02801236456423	-8.2911618154197e-06
4020.100502512563	1.1439394230422009	159.02084260914506	-1.2226023003058774e-05
4070.35175879397	1.1436548691468797	159.01328603173496	-9.414610258194255e-06
4120.603015075377	1.1433724607856866	159.01267884409808	-1.296858853072347e-05
4170.854271356784	1.1430910086356696	159.01034958080888	-1.0587535026553894e-05
4221.105527638191	1.1428083696321305	158.99032975348274	-1.3755469242647075e-05
4271.3567839195985	1.1425241572074818	158.9853456517012	-1.1805973756335356e-05
4321.608040201006	1.1422408657625471	158.98616041524699	-1.457545264900525e-05
4371.859296482413	1.1419595595063212	158.9785778497487	-1.3060737489846553e-05
4422.11055276382	1.1416780823224295	158.9718695367944	-1.5426663635111356e-05
4472.361809045227	1.1413941955880706	158.96257714593187	-1.43594106065019e-05
4522.613065326634	1.1411104703269146	158.9664739736612	-1.6330742413908156e-05
4572.864321608041	1.1408287888271993	158.9621556830468	-1.568545319358829e-05
4623.115577889448	1.1405477602781746	158.94294293585358	-1.7273860913254167e-05
4673.366834170855	1.1402650559355691	158.9394938530459	-1.708554950503494e-05
4723.618090452263	1.139981286786866	158.936405288605	-1.826258409263317e-05
4773.86934673367	1.1396987526227256	158.93068227214636	-1.8502481886748454e-05
4824.120603015075	1.1394181731333013	158.92134970289604	-1.928755533139023e-05
4874.371859296482	1.139136591595467	158.91202616952685	-1.9993085985270753e-05
4924.623115577889	1.138852939594183	158.9195184388255	-2.0354794591847955e-05
4974.874371859296	1.1385699583243345	158.91230820591045	-2.1487260802915982e-05
5025.125628140703	1.13828908330753	158.89627461534795	-2.1487002850738528e-05
5075.37688442211	1.138008181194837	158.89295362023347	-2.3072955145582352e-05
5125.628140703518	1.1377255733595852	158.887895365192	-2.264872423379806e-05
5175.879396984925	1.1374422487413278	158.88369375170333	-2.4672640232895413e-05
5226.130653266332	1.137160659663339	158.86999929059917	-2.3878801247486017e-05
5276.381909547738	1.1368805539219058	158.86266584524665	-2.6352264673967162e-05
5326.633165829146	1.1365989052990901	158.8710257655826	-2.512265053729673e-05
5376.884422110553	1.1363155037380792	158.86132084690553	-2.804464200221959e-05
5427.13567839196	1.136033410373637	158.84971059584007	-2.6461966530018228e-05
5477.386934673367	1.1357531507037086	158.8452082069415	-2.9811168958379866e-05
5527.6381909547745	1.1354724121376167	158.8407265664918	-2.7817941614241567e-05
5577.889447236182	1.135189894195875	158.83677240064736	-3.161856263548009e-05
5628.140703517589	1.1349071755515452	158.81904681965867	-2.9264062718234773e-05
5678.391959798995	1.134626456093741	158.81472390091696	-3.3485207168486585e-05
5728.643216080402	1.134346672152879	158.82073889673475	-3.071815189475404e-05
5778.89447236181	1.1340649476385687	158.81025346219204	-3.539705401070647e-05
5829.145728643217	1.1337819839076826	158.80242313747792	-3.22669676604583e-05
5879.396984924624	1.133500808319743	158.79605963843073	-3.7354095991239224e-05
5929.648241206031	1.133221066179877	158.79446531866625	-3.385011327261807e-05
5979.899497487439	1.1329403878370008	158.7892742873992	-3.937782765377728e-05
6030.150753768846	1.1326580126679782	158.76947500976567	-3.551468598039032e-05
6080.402010050252	1.132376035528018	158.7676544014504	-4.1448449553157457e-05
6130.653266331659	1.1320961109013048	158.76931702920345	-3.721386889641306e-05
6180.904522613067	1.1318166016854534	158.76009284427013	-4.3580182019357255e-05
6231.155778894474	1.1315347491552308	158.753558910027	-3.898109992475747e-05
6281.407035175881	1.1312524396745909	158.74584611252288	-4.5755827224834725e-05
6331.658291457286	1.1309720621941872	158.74839771205828	-4.0813588726195084e-05
6381.909547738694	1.1306927694690987	158.74079704795264	-4.7991298573183215e-05
6432.160804020101	1.1304120855421498	158.72152236231474	-4.2712841347765966e-05
6482.412060301507	1.1301300537899674	158.720677698686	-5.029267058886661e-05
6532.663316582914	1.1298487997698332	158.71806620485225	-4.4672644393216055e-05
6582.914572864322	1.1295697113074235	158.71112757427548	-5.264010302504114e-05
6633.165829145729	1.1292901319891824	158.70275509255157	-4.668798954607459e-05
6683.417085427136	1.1290084302615642	158.69542948199697	-5.50594536384065e-05
6733.668341708543	1.1287267371267289	158.70162583835122	-4.877400991668305e-05
6783.9195979899505	1.1284472803081411	158.69116542038327	-5.751181146999045e-05
6834.170854271357	1.128168210482037	158.67475298085128	-5.0939328781141325e-05
6884.422110552764	1.1278876303824004	158.6732403260924	-6.0057832210069355e-05
6934.673366834171	1.1276058684814385	158.6681630110877	-5.3161545619261335e-05
6984.9246231155785	1.1273255829521467	158.66288864431968	-6.263397784379715e-05
7035.175879396986	1.127046979597217	158.65058312156873	-5.546153917467599e-05
7085.427135678393	1.1267675440185672	158.64570519013705	-6.530177898694868e-05
7135.6783919598	1.1264858464624246	158.65322979494914	-5.780619634033342e-05
7185.929648241207	1.1262051142945446	158.64058548146994	-6.799639326561367e-05
7236.180904522614	1.1259262458139083	158.62837372108203	-6.026310254858203e-05
7286.432160804021	1.125647473944957	158.6250671192517	-7.078431789192889e-05
7336.683417085428	1.1253668351306299	158.62002137794687	-6.275886508714523e-05
7386.934673366835	1.1250857189286796	158.61465610014437	-7.36166725758313e-05
7437.185929648243	1.1248061649129837	158.5983813807795	-6.536343863325911e-05
7487.43718592965	1.1245282361312057	158.59698745431794	-7.652796051363076e-05
7537.688442211057	1.124248485571554	158.602729239784	-6.799166462746211e-05
7587.939698492462	1.1239672915602705	158.58971531708792	-7.949320869005351e-05
7638.190954773869	1.1236872451559743	158.58142284897406	-7.074678642386845e-05
7688.442211055276	1.123409169209278	158.57604906256935	-8.252443735049554e-05
7738.693467336683	1.1231303840657072	158.57325442450804	-7.354449938443093e-05
7788.94472361809	1.1228500038461213	158.56596947136015	-8.563229599419855e-05
7839.195979899498	1.1225693169006523	158.54749624257286	-7.645581941339345e-05
7889.447236180905	1.1222908246966457	158.54886536487075	-8.879618520695116e-05
7939.698492462312	1.1220129860691457	158.5505663049894	-7.940448325229678e-05
7989.949748743719	1.1217334030210822	158.5393178626326	-9.204212958942765e-05
8040.201005025126	1.1214524494630311	158.53292629878453	-8.24596991032181e-05
8090.452261306533	1.121173500218604	158.52630439208002	-9.533830315987322e-05
8140.70351758794	1.1208957444011098	158.5270233309907	-8.558722959831315e-05
8190.954773869347	1.1206171746014493	158.51670416639712	-9.872246533848637e-05
8241.206030150754	1.12033679773639	158.49853682741647	-8.881154647870562e-05
8291.457286432162	1.1200570398899314	158.50065999472918	-0.00010216611441231664
8341.708542713568	1.1197791403106037	158.4980489767327	-9.210496768822675e-05
8391.959798994976	1.1195017613209344	158.4896941065109	-0.00010568864745900549
8442.211055276382	1.119221845015713	158.4822967459986	-9.547939998142839e-05
8492.46231155779	1.1189417494076594	158.47629432770393	-0.00010928007970477874
8542.713567839197	1.1186634192094251	158.4803179053029	-9.894647876899355e-05
8592.964824120603	1.1183862639119204	158.46687371444818	-0.00011293964544372409
8643.216080402011	1.1181075483932879	158.4512080249116	-0.00010250797019572614
8693.467336683418	1.1178276695360658	158.4519789007975	-0.00011668746864856705
8743.718592964826	1.1175484700917044	158.44664410696024	-0.00010615000469277283
8793.969849246232	1.1172715606077537	158.4404730000981	-0.00012049213907650617
8844.22110552764	1.1169939182548496	158.42983114396648	-0.00010987883882819448
8894.472361809047	1.1167143626644604	158.42661790716124	-0.000124394396598683
8944.723618090455	1.1164347288861332	158.4321249679756	-0.00011368538190854536
8994.974874371861	1.1161574549448392	158.41657321830996	-0.00012834702077985338
9045.226130653267	1.115880363341992	158.40465524340115	-0.00011761300225707154
9095.477386934675	1.1156018798906426	158.40283787962937	-0.00013240468197986226
9145.728643216082	1.1153221549511518	158.39715319012055	-0.00012160581997121193
9195.97989949749	1.1150440748938928	158.39100740676363	-0.00013651712265319932
9246.231155778896	1.1147674833869208	158.3767631588981	-0.0001257167930502562
9296.482412060304	1.1144901396017721	158.37752375296577	-0.0001407283796865772
9346.73366834171	1.114210442188696	158.38176179360914	-0.00012987615732553196
9396.984924623117	1.1139319073502563	158.36609724915223	-0.00014500523338630176
9447.236180904525	1.1136550775536393	158.35783229844145	-0.0001341829321030585
9497.487437185931	1.113378400495111	158.35340110360008	-0.00014937095434002737
9547.73869346734	1.1130997631117407	158.3494100046081	-0.000138545666989836
9597.989949748746	1.1128208088413034	158.34096040640534	-0.00015381982932855673
9648.24120603015	1.1125433255157864	158.32463528268366	-0.0001430450638409126
9698.492462311557	1.1122675104774753	158.3286541911284	-0.00015834278233978726
9748.743718592965	1.1119897203249725	158.32936301031157	-0.0001475895572641734
9798.994974874371	1.111710676902842	158.31586513660912	-0.000162964962107148
9849.246231155777	1.1114327210127495	158.30970246774334	-0.0001522744464730324
9899.497487437186	1.1111567741556017	158.30379485095213	-0.0001676521469075908
9949.748743718592	1.1108799760660255	158.3025845037354	-0.00015703588452631523
10000.0	1.1106016891310821	158.29048602064432	-0.00017244884046571196
