0.0	1.9544624148281946	18.27974181283337	0.0
50.25125628140704	1.9543307033610098	18.27578467053842	1.2906386326262889e-05
100.50251256281408	1.9541993147271677	18.275309407530806	2.932326911611864e-09
150.7537688442211	1.954070978086624	18.282690768034886	1.2903689585915525e-05
201.00502512562815	1.9539442321698879	18.270520219171182	1.153850387931716e-08
251.25628140703517	1.9538143703260833	18.261349056792753	1.287409014670816e-05
301.5075376884422	1.9536827768540248	18.266294306285797	2.8062116517123022e-08
351.7587939698493	1.9535526788529527	18.264100876975633	1.2854197792897459e-05
402.0100502512563	1.9534263978126039	18.26186502303394	5.067952741838816e-08
452.26130653266335	1.9532981016110837	18.254665604601236	1.2819419356263123e-05
502.51256281407046	1.953166598627343	18.25788126334337	8.0710014482588e-08
552.7638190954774	1.9530354463900372	18.265603521189465	1.2791868082919922e-05
603.0150753768844	1.9529083369489464	18.252133394979644	1.1595725986520728e-07
653.2663316582915	1.9527809577297868	18.246507841311765	1.2736200946831279e-05
703.5175879396984	1.9526509695938612	18.248251055016958	1.5871158283147522e-07
753.7688442211057	1.9525190994428365	18.246590284379938	1.2686901903931338e-05
804.0201005025126	1.952390440882221	18.243433189285014	2.0774506262877074e-07
854.2713567839196	1.9522639472112493	18.233421706928567	1.2621390119710547e-05
904.5226130653267	1.952135554472224	18.24082634985358	2.64333008688986e-07
954.7738693467336	1.9520033001820463	18.24639024056846	1.2568344311735978e-05
1005.0251256281409	1.9518735446515973	18.233989082136002	3.2480302496448556e-07
1055.2763819095478	1.9517465006831316	18.231245168040278	1.2487541867635503e-05
1105.527638190955	1.9516192014189047	18.23040839772931	3.92751964160613e-07
1155.778894472362	1.9514883658818913	18.230777822731163	1.2411203856038583e-05
1206.0301507537688	1.9513573642972166	18.22440688650803	4.6582289255822143e-07
1256.2814070351758	1.951229125458958	18.2135247760349	1.2315042487684611e-05
1306.532663316583	1.951103261055088	18.22358497423461	5.481697560042643e-07
1356.78391959799	1.9509734796394365	18.225443610968057	1.2234792288143499e-05
1407.0351758793972	1.9508418993892973	18.21624663853979	6.320218695997692e-07
1457.2864321608042	1.9507125870151032	18.214590699834137	1.213006853064575e-05
1507.5376884422114	1.9505863831948291	18.21292509187078	7.239870210035538e-07
1557.7889447236184	1.950458218176358	18.215728375231283	1.2028649745357836e-05
1608.0402010050252	1.9503274513402622	18.20525861731218	8.183759948333281e-07
1658.2914572864322	1.9501965576991012	18.1957040487135	1.1904370834933695e-05
1708.5427135678392	1.9500696873278998	18.205586434632643	9.243827508891424e-07
1758.7939698492464	1.949943088466998	18.20404154764629	1.1795338412504408e-05
1809.0452261306534	1.9498131863323	18.198744642078328	1.0299549363573476e-06
1859.2964824120606	1.9496814566527085	18.195958013339713	1.1667481544900057e-05
1909.5477386934676	1.949553526195044	18.195853817931432	1.1439830074135554e-06
1959.7989949748744	1.9494270388111954	18.200395343050392	1.1542784296543177e-05
2010.0502512562814	1.949298722654838	18.186528339724827	1.2574993963213446e-06
2060.3015075376884	1.949167399834002	18.179696048255824	1.139382041747216e-05
2110.5527638190956	1.9490377088844801	18.18680829759497	1.383617391107947e-06
2160.804020100503	1.948911104548182	18.18368410330305	1.1256455845135334e-05
2211.05527638191	1.9487845940486537	18.180902475549356	1.509066037084611e-06
2261.306532663317	1.9486535615470988	18.175558946433966	1.1105139656867923e-05
2311.557788944724	1.9485228992653358	18.17918099883946	1.6426137337923384e-06
2361.8090452261313	1.9483953793763034	18.18383156538068	1.0959225844491286e-05
2412.0603015075376	1.9482692666881036	18.168469065373024	1.7733026335438277e-06
2462.3115577889444	1.9481400599779806	18.164618511553538	1.0788552151700464e-05
2512.5628140703516	1.9480091183958281	18.16784246806378	1.9155815258978953e-06
2562.814070351759	1.9478798592155286	18.16524346973008	1.0625878302344203e-05
2613.065326633166	1.9477542347610584	18.16212049255937	2.0579264646110387e-06
2663.316582914573	1.9476266228610004	18.154502180220916	1.0450457084557698e-05
2713.56783919598	1.9474957085802436	18.162636419746892	2.208436628618094e-06
2763.8190954773872	1.9473654156268332	18.16540429644036	1.0285150817832145e-05
2814.0703517587945	1.9472389874693015	18.151065151766588	2.3538360212281186e-06
2864.321608040201	1.9471122974912207	18.14946312694467	1.0095335822594768e-05
2914.5728643216084	1.9469828792423245	18.14942516625585	2.5090124602303463e-06
2964.8241206030157	1.9468518112525242	18.14859653650233	9.911567504753062e-06
3015.075376884423	1.9467238689577628	18.142362088995032	2.6638401385201726e-06
3065.3266331658297	1.946598167430882	18.134250841140116	9.712915951021877e-06
3115.577889447237	1.9464702505940839	18.145590825901795	2.828571161400074e-06
3165.829145728643	1.9463387876762062	18.145162838253064	9.528949336163287e-06
3216.0804020100504	1.9462097287089721	18.134154441764682	2.9856291311624103e-06
3266.331658291457	1.946083497267726	18.133337781317508	9.322767243868171e-06
3316.5829145728644	1.9459567578934136	18.131948362494853	3.151096060199156e-06
3366.8341708542716	1.945826645905667	18.132932976947135	9.121680463441077e-06
3417.0854271356784	1.9456962967057936	18.122301720659888	3.3135259214609075e-06
3467.3366834170856	1.9455689436194872	18.115774688467752	8.903139471291622e-06
3517.587939698493	1.9454436085706661	18.127395090519915	3.488715422319311e-06
3567.8391959799	1.945314560867813	18.12402402086889	8.70052141692732e-06
3618.090452261307	1.9451835837363787	18.117355016702792	3.65425949540641e-06
3668.341708542714	1.9450551822994315	18.115610576500146	8.480706189533622e-06
3718.5929648241213	1.9449295776727211	18.115376237141362	3.827270246417807e-06
3768.8442211055285	1.944802114497574	18.117292188977014	8.265396670876414e-06
3819.0954773869353	1.9446719027156205	18.10286499940573	3.993205500078406e-06
3869.3467336683425	1.9445418953389213	18.09908092269227	8.031676748978962e-06
3919.597989949749	1.944415668222822	18.107967818516848	4.1736689119666365e-06
3969.849246231156	1.9442898579296852	18.10336763495904	7.811411622750579e-06
4020.100502512563	1.9441604032051458	18.0999814198464	4.34445773648789e-06
4070.35175879397	1.9440295653459498	18.096200644873427	7.579749647342021e-06
4120.603015075377	1.9439022823291023	18.099413440563655	4.52172676586534e-06
4170.854271356784	1.9437765862508434	18.100852612758832	7.3532938849804896e-06
4221.105527638191	1.943648781998866	18.084625133633672	4.688083430861476e-06
4271.3567839195985	1.9435182634112005	18.083440459844212	7.108724959822751e-06
4321.608040201006	1.9433892189757136	18.08802485080527	4.8681319551969e-06
4371.859296482413	1.9432635128859739	18.084226282100314	6.874057932435681e-06
4422.11055276382	1.9431374250723652	18.081325270662095	5.040058816827813e-06
4472.361809045227	1.943007199441144	18.075816167909473	6.631318967702051e-06
4522.613065326634	1.9428771554894637	18.083551357685614	5.21813430292128e-06
4572.864321608041	1.9427505522426427	18.083021705109154	6.396851385698413e-06
4623.115577889448	1.942624969221869	18.067592247814346	5.38204051848002e-06
4673.366834170855	1.942496495346208	18.067949743086565	6.144823694652862e-06
4723.618090452263	1.942366114783653	18.06865745242669	5.556888765203944e-06
4773.86934673367	1.9422377999805374	18.066732172165256	5.900536508376101e-06
4824.120603015075	1.9421127229017676	18.061232667361338	5.724507710576003e-06
4874.371859296482	1.9419859017094723	18.055695590324262	5.6478934428009386e-06
4924.623115577889	1.9418554587166086	18.067029089415506	5.899868186372981e-06
4974.874371859296	1.941726120937181	18.063631947353528	5.407759293190533e-06
5025.125628140703	1.9416002811469573	18.051386020112506	6.058082312785621e-06
5075.37688442211	1.9414743588159509	18.05187538804766	5.151382789502991e-06
5125.628140703518	1.9413454341438392	18.050638463685434	6.2243472313647686e-06
5175.879396984925	1.9412152491423962	18.050248620362026	4.9020239114350885e-06
5226.130653266332	1.941087931509	18.04041339827894	6.381621043560772e-06
5276.381909547738	1.9409631085381982	18.036874466710042	4.6424602152868505e-06
5326.633165829146	1.9408355596146387	18.049066040830812	6.550049053284085e-06
5376.884422110553	1.9407049808696435	18.04319277064894	4.397801925386818e-06
5427.13567839196	1.9405765412842406	18.035389762300543	6.699140463957113e-06
5477.386934673367	1.9404511964497697	18.034706962890397	4.1403373315008895e-06
5527.6381909547745	1.940324941128232	18.034069762058678	6.8540909645429574e-06
5577.889447236182	1.9401956088187664	18.033934722245508	3.889306462463801e-06
5628.140703517589	1.9400658393294317	18.020086258776594	6.995917314367937e-06
5678.391959798995	1.9399394490236925	18.019576372937422	3.627348518967129e-06
5728.643216080402	1.939814565152902	18.029414588307645	7.151879514090718e-06
5778.89447236181	1.9396863269371996	18.02276971427327	3.3791696971851308e-06
5829.145728643217	1.9395558757610738	18.018772946743997	7.28848576321763e-06
5879.396984924624	1.9394284445149537	18.01624426984442	3.123326770916852e-06
5929.648241206031	1.9393033728004512	18.018519312338306	7.429215181759473e-06
5979.899497487439	1.9391766623388647	18.01715038416718	2.8734147895699825e-06
6030.150753768846	1.9390469549963383	18.001230468190883	7.5521966187681146e-06
6080.402010050252	1.9389178903800737	18.00324732240108	2.6134684400157437e-06
6130.653266331659	1.938792246434002	18.0087381364341	7.689453202443949e-06
6180.904522613067	1.9386672762019626	18.003360184674467	2.364139781197671e-06
6231.155778894474	1.9385382012086678	18.000684607220233	7.809750794337465e-06
6281.407035175881	1.9384083042424036	17.996819851562616	2.111400794982396e-06
6331.658291457286	1.9382816240552845	18.00326658371758	7.933148708682589e-06
6381.909547738694	1.9381567644003286	17.999496044144784	1.86547208228529e-06
6432.160804020101	1.9380294292976565	17.984090747853497	8.034956638813204e-06
6482.412060301507	1.937899744464973	17.98710426666996	1.6106495269690645e-06
6532.663316582914	1.937771300539343	17.98834012442936	8.148208114280287e-06
6582.914572864322	1.9376465303030104	17.98525872689963	1.3640256453315098e-06
6633.165829145729	1.9375208279035951	17.980767241057585	8.247174742893384e-06
6683.417085427136	1.9373914452261733	17.97729452202155	1.115269009383542e-06
6733.668341708543	1.9372619853220272	17.987404368338677	8.350233258796662e-06
6783.9195979899505	1.9371363220511424	17.98079269202573	8.758596865762807e-07
6834.170854271357	1.9370112334004388	17.968240835339426	8.42856966440621e-06
6884.422110552764	1.936883511724486	17.9705992251867	6.28359339769826e-07
6934.673366834171	1.9367536704692843	17.96939399742286	8.51452223613804e-06
6984.9246231155785	1.9366263224649731	17.967993952085568	3.883482241327852e-07
7035.175879396986	1.9365017742830468	17.95959314727407	8.586291033222643e-06
7085.427135678393	1.9363757552780099	17.958568063886172	1.4525573497777664e-07
7135.6783919598	1.9362457610389598	17.970009927934488	8.665750414993822e-06
7185.929648241207	1.936117382101229	17.96123863518978	-8.625134930649238e-08
7236.180904522614	1.935992117889284	17.95289213994616	8.71811846228407e-06
7286.432160804021	1.9358669773741006	17.953466779253606	-3.242554217816143e-07
7336.683417085428	1.9357385393304203	17.95231563616869	8.775020964670407e-06
7386.934673366835	1.9356092358776498	17.950840143595048	-5.550683628985801e-07
7437.185929648243	1.9354825315883504	17.93849397176157	8.814509252786549e-06
7487.43718592965	1.9353585790331371	17.940957838073533	-7.895382564073911e-07
7537.688442211057	1.9352314063559544	17.950609496752588	8.866016148713305e-06
7587.939698492462	1.9351017038949834	17.941489047600438	-1.012698171486175e-06
7638.190954773869	1.9349738897593411	17.937080906331534	8.890098811929682e-06
7688.442211055276	1.9348494222356984	17.935602990863	-1.2391120046969263e-06
7738.693467336683	1.9347236493746944	17.936723181344455	8.916498641054741e-06
7788.94472361809	1.934595082613126	17.933334775028733	-1.4593455081309168e-06
7839.195979899498	1.9344659022466633	17.91880703144562	8.920798275094311e-06
7889.447236180905	1.934340455222691	17.924050162858187	-1.6821274417921692e-06
7939.698492462312	1.934216051455944	17.929654626430395	8.939000073926996e-06
7989.949748743719	1.9340885934558538	17.92231316737339	-1.8961638891882486e-06
8040.201005025126	1.933958689461338	17.919830246914003	8.932474924258769e-06
8090.452261306533	1.9338321910152705	17.91712256127572	-2.1098198167628082e-06
8140.70351758794	1.9337076691011097	17.92177878546786	8.926715910914739e-06
8190.954773869347	1.9335816938147694	17.915356596353828	-2.318326389183172e-06
8241.206030150754	1.9334525198173378	17.901138499198378	8.894852107397658e-06
8291.457286432162	1.9333243621257212	17.90716013966034	-2.5276363980070124e-06
8341.708542713568	1.9331993307284336	17.90845755423331	8.874937744014303e-06
8391.959798994976	1.9330751465568385	17.90402189327512	-2.7307644609175836e-06
8442.211055276382	1.9329465034458617	17.90055450652714	8.834638093067302e-06
8492.462311557787	1.9328174967774934	17.89848021430537	-2.931580161686501e-06
8542.713567839197	1.932691459760198	17.906465847084068	8.795185774789615e-06
8592.964824120603	1.9325673989392402	17.896922706191145	-3.12714637909229e-06
8643.216080402011	1.9324405658440318	17.885199455107003	8.726758326083325e-06
8693.467336683418	1.9323116671868537	17.889892877695498	-3.322634319422145e-06
8743.718592964822	1.932183865377086	17.88848320022731	8.666177135388273e-06
8793.969849246232	1.9320599659518183	17.88624887407472	-3.5128350807506845e-06
8844.221105527637	1.9319347249001402	17.87955489904129	8.587816254629839e-06
8894.472361809047	1.9318061186143198	17.88027351253482	-3.7008979730147127e-06
8944.723618090451	1.9316773014757973	17.8897623657909	8.513287502475345e-06
8994.974874371861	1.9315525080668765	17.878126243365347	-3.882942432896675e-06
9045.226130653267	1.9314279574958064	17.87014500307133	8.407690601240557e-06
9095.477386934672	1.9313009395179608	17.87226896240106	-4.06468326525284e-06
9145.728643216082	1.9311716997730852	17.87053024525531	8.306222069957105e-06
9195.979899497486	1.9310452466165684	17.868343383526593	-4.24111031942503e-06
9246.231155778896	1.93092129953368	17.858065643805123	8.185723308528493e-06
9296.4824120603	1.9307959891086808	17.862755385701707	-4.4158252833679245e-06
9346.73366834171	1.9306665318774343	17.870982847802065	8.074107676129593e-06
9396.984924623117	1.9305390249006178	17.859256130635526	-4.58487919479903e-06
9447.236180904521	1.9304144029313444	17.85493406681955	7.930772944216717e-06
9497.487437185931	1.930289982844155	17.85446096704375	-4.752724968654564e-06
9547.738693467336	1.930162097078257	17.854433841871245	7.789134932422003e-06
9597.989949748746	1.9300335963424926	17.849961218981115	-4.916095631685664e-06
9648.24120603015	1.929907578560188	17.837623310239422	7.6245122943280266e-06
9698.49246231156	1.9297843884384747	17.845572575005438	-5.076673708029579e-06
9748.743718592965	1.9296577075188415	17.85026794364312	7.472613565341511e-06
9798.994974874375	1.9295287844557851	17.840730122251195	-5.233751317941274e-06
9849.246231155777	1.929401682691777	17.838528360446826	7.291281674165005e-06
9899.497487437186	1.9292779996637712	17.83659884906864	-5.3878109227362155e-06
9949.748743718596	1.9291527764253307	17.83936833081427	7.1099950619778575e-06
10000.0	1.9290248984422287	17.831252966011128	-5.5394863790166915e-06
