0.0	0.3818447599675423	78.0400378272125	0.0
50.25125628140704	0.38184548551611197	78.0161037493585	1.2860909104611436e-05
100.50251256281408	0.38184632314021344	77.99564957933941	-1.1264091417582654e-07
150.7537688442211	0.38184779903095906	77.98304968063798	1.2744462729589318e-05
201.00502512562815	0.3818496395866453	77.95092830985934	-2.1559896803775055e-07
251.25628140703517	0.3818509078967116	77.92178604846619	1.260022595327629e-05
301.5075376884422	0.38185189606661	77.9067780816461	-3.207820597827639e-07
351.7587939698492	0.38185320853447274	77.88463293594232	1.2464920431235456e-05
402.0100502512563	0.3818553306950684	77.86244169681314	-4.092307466514897e-07
452.26130653266335	0.38185708594532686	77.83529069185269	1.2313438180575227e-05
502.51256281407035	0.38185828201223454	77.81855783563084	-5.07140497682106e-07
552.7638190954774	0.3818595688635752	77.80632143327323	1.2173917442621287e-05
603.0150753768844	0.38186171915448325	77.77292856849782	-5.883396976444461e-07
653.2663316582915	0.3818638343675218	77.7473669012648	1.1986024865605641e-05
703.5175879396984	0.38186551655829054	77.72917988280348	-6.795672571607593e-07
753.7688442211057	0.3818668432281355	77.70759065169854	1.1816547965833109e-05
804.0201005025126	0.3818688801510524	77.68450008419737	-7.569332279920688e-07
854.2713567839196	0.3818713489766839	77.65456181576623	1.160903042962215e-05
904.5226130653267	0.3818735328395651	77.64205343345094	-8.392988954196552e-07
954.7738693467336	0.38187496411122024	77.62768641944133	1.1434669985456816e-05
1005.0251256281409	0.3818769756229492	77.59538550787106	-9.208764697003998e-07
1055.2763819095478	0.3818795168068148	77.57273638341083	1.119833659724656e-05
1105.5276381909546	0.38188210362518155	77.55199351003708	-9.993995166866073e-07
1155.778894472362	0.3818839923814013	77.53245994959323	1.098157383758444e-05
1206.0301507537688	0.3818859486163844	77.50618017516301	-1.0858632264875999e-06
1256.2814070351762	0.38188843562352603	77.47539395850451	1.0716764281979003e-05
1306.532663316583	0.3818914920732303	77.46557665435303	-1.1584378982278826e-06
1356.78391959799	0.381893766603906	77.447537516363	1.0484113465330232e-05
1407.0351758793968	0.38189579770237575	77.41846234189006	-1.2533196266795783e-06
1457.2864321608042	0.3818982539270114	77.39692723505674	1.020142976313274e-05
1507.537688442211	0.3819014319489247	77.37537835664007	-1.332154302651056e-06
1557.7889447236184	0.38190420244194306	77.35830633433355	9.920328295093784e-06
1608.0402010050252	0.3819065804921079	77.32795922133589	-1.4352661275690781e-06
1658.2914572864322	0.38190890612504147	77.29852336801497	9.599806759762733e-06
1708.5427135678392	0.3819121411795742	77.28855851307574	-1.5182937966167256e-06
1758.7939698492464	0.38191539771381183	77.26715050788243	9.290147347551585e-06
1809.0452261306534	0.38191813233825	77.241998284559	-1.6276852842658138e-06
1859.2964824120602	0.38192047293189557	77.21935750576026	8.954083835525227e-06
1909.5477386934676	0.38192368731315735	77.19939207139517	-1.7293793625033438e-06
1959.7989949748744	0.3819271447132553	77.18408480364043	8.60178135011034e-06
2010.0502512562819	0.3819303767673313	77.15037789739115	-1.850466681567263e-06
2060.3015075376884	0.38193297585929087	77.1236915633251	8.21617169517536e-06
2110.5527638190956	0.38193603149569166	77.11098063441894	-1.967443289926831e-06
2160.804020100503	0.38193964485564036	77.08802490885145	7.826359696151263e-06
2211.055276381909	0.38194341713872	77.06541168878965	-2.095481778413434e-06
2261.306532663317	0.38194625152498424	77.04024173918212	7.41631945534944e-06
2311.557788944723	0.3819493025272149	77.02402794596937	-2.2366019496203043e-06
2361.8090452261313	0.3819529149966546	77.0088532077074	6.995558174388871e-06
2412.0603015075376	0.38195695083400544	76.97368824025338	-2.3861463725794023e-06
2462.3115577889453	0.3819603217962532	76.950016553826	6.528205240175905e-06
2512.5628140703516	0.38196350310991606	76.93343892005376	-2.5490444158042077e-06
2562.814070351759	0.3819669528529226	76.9110358371184	6.061732496670543e-06
2613.065326633166	0.38197126958203836	76.88810386197028	-2.7143768846230607e-06
2663.316582914573	0.3819751317495642	76.8606892354159	5.557691182465778e-06
2713.56783919598	0.38197850292549534	76.84902025217514	-2.8987492688480806e-06
2763.8190954773872	0.38198192798780717	76.8319858490268	5.065469407177284e-06
2814.0703517587935	0.3819862714691809	76.79787590624665	-3.098797965393831e-06
2864.321608040201	0.38199049284103126	76.77648753371068	4.507291945305292e-06
2914.5728643216075	0.38199434152311684	76.75667072228026	-3.3099436333973343e-06
2964.8241206030157	0.38199779254564736	76.73606471723646	3.958510931833457e-06
3015.075376884422	0.3820020225642494	76.71004326882137	-3.5381591640788426e-06
3065.3266331658297	0.3820066162544263	76.68216449124169	3.3550804026334143e-06
3115.577889447236	0.38201094306436983	76.67374015478775	-3.7688288219666718e-06
3165.829145728643	0.382014494296783	76.65353688675108	2.7739718192156093e-06
3216.0804020100504	0.38201868823217056	76.62278282458314	-4.039020971441898e-06
3266.331658291458	0.3820233559425346	76.60221160631768	2.127417597324907e-06
3316.5829145728644	0.38202809669700155	76.58106711095773	-4.306391119984666e-06
3366.8341708542716	0.382032091132881	76.56230400468358	1.4806935918253989e-06
3417.0854271356784	0.3820362139623909	76.53191156305337	-4.613712972466011e-06
3467.3366834170856	0.38204083936622757	76.50564200338826	7.823650081279534e-07
3517.587939698493	0.3820460382390377	76.49753714346807	-4.907238100347111e-06
3567.839195979899	0.3820504194487781	76.47442326996733	9.134991482978495e-08
3618.090452261307	0.38205460058250346	76.44803087555609	-5.254382189572371e-06
3668.341708542713	0.3820591977807927	76.42655998066772	-6.430082130227064e-07
3718.5929648241213	0.3820645252252221	76.40659345618674	-5.598445645311699e-06
3768.8442211055276	0.38206939559792735	76.3887936079772	-1.399088951390136e-06
3819.0954773869353	0.3820739081038171	76.35463903445813	-5.988910716033624e-06
3869.3467336683416	0.38207836734092443	76.33113594437037	-2.194415029212039e-06
3919.597989949749	0.3820837533113154	76.3203304524834	-6.372046338934694e-06
3969.849246231156	0.3820891264180203	76.29602220573076	-3.003708447862706e-06
4020.1005025125637	0.38209396805361234	76.27293561793755	-6.798447017764089e-06
4070.35175879397	0.38209844142064964	76.24945661857375	-3.839358041776676e-06
4120.603015075377	0.3821038000386285	76.23295988381821	-7.240953075933483e-06
4170.854271356784	0.3821093732683922	76.21471322056935	-4.703897511412128e-06
4221.105527638191	0.3821147191645494	76.1787988085841	-7.720308391754852e-06
4271.3567839195985	0.3821194328016695	76.15792202138451	-5.610240241968305e-06
4321.608040201006	0.38212462432626515	76.14283972360109	-8.213404514670311e-06
4371.859296482413	0.3821303733194571	76.11936546655399	-6.533671535999438e-06
4422.11055276382	0.38213623600241337	76.09678802033504	-8.732754120589732e-06
4472.361809045227	0.38214118452193485	76.07161256968094	-7.491526263236719e-06
4522.613065326634	0.38214635811795283	76.05966492765954	-9.283642290446019e-06
4572.864321608041	0.3821521080826827	76.03947501017235	-8.461653538619829e-06
4623.115577889448	0.3821582485501726	76.0043990511447	-9.869970784401578e-06
4673.366834170855	0.38216371920603764	75.98509658899061	-9.492579637944911e-06
4723.618090452263	0.38216900443152374	75.96616033237697	-1.0479570978145169e-05
4773.86934673367	0.38217459495658457	75.94458838004907	-1.0529326073442832e-05
4824.120603015075	0.3821810128712062	75.91943563288467	-1.1118233434641294e-05
4874.371859296482	0.38218698626049974	75.89426662565911	-1.1620652242742191e-05
4924.623115577889	0.3821924363538877	75.88595192858318	-1.177974891862181e-05
4974.874371859296	0.3821980026697539	75.86291835967668	-1.2706133341407514e-05
5025.125628140703	0.3822044475977856	75.83105994810906	-1.2495885635571581e-05
5075.37688442211	0.3822107753105131	75.81192354111587	-1.38631773905467e-05
5125.628140703518	0.38221670096891724	75.79106642315564	-1.3226001270897709e-05
5175.879396984925	0.3822222775906725	75.77105910057018	-1.502521299733688e-05
5226.130653266332	0.3822286077757376	75.74159388282021	-1.4007518089070185e-05
5276.381909547738	0.38223532950497235	75.71845537641656	-1.624716469072654e-05
5326.633165829146	0.3822417020767311	75.71103981542615	-1.4790418705444223e-05
5376.884422110553	0.38224737805041703	75.68555728435727	-1.746840079906032e-05
5427.13567839196	0.38225366290980245	75.65816848066679	-1.5649277897661892e-05
5477.386934673367	0.38226045900316624	75.6378917530856	-1.8747427782369293e-05
5527.6381909547745	0.3822672618061231	75.61765934627623	-1.651491220516318e-05
5577.889447236182	0.38227336046227683	75.59793967329233	-2.005015519156065e-05
5628.140703517589	0.38227955801250485	75.56448885441911	-1.744860296340763e-05
5678.391959798995	0.38228632525042405	75.54440687319848	-2.1399701363271442e-05
5728.643216080402	0.38229357314102363	75.53467870611242	-1.8377906935158467e-05
5778.89447236181	0.38230006441969494	75.50845693190321	-2.2771115269309715e-05
5829.145728643217	0.38230630167857144	75.48489791563627	-1.9382088465633902e-05
5879.396984924624	0.38231304062851984	75.46280455658649	-2.4178092691280762e-05
5929.648241206031	0.3823204255686993	75.44550870888328	-2.040597697782939e-05
5979.899497487439	0.38232739506792884	75.42459052296236	-2.5626334320247313e-05
6030.150753768846	0.38233395247713536	75.3891039414611	-2.1494610250703802e-05
6080.402010050252	0.38234054610742074	75.37157354189223	-2.7113132471478793e-05
6130.653266331659	0.3823479915370109	75.35753232627812	-2.259640876774941e-05
6180.904522613067	0.3823554813842014	75.3326118158062	-2.863440302774245e-05
6231.155778894474	0.38236233626394006	75.31039850121005	-2.375341733408584e-05
6281.407035175881	0.38236894226851686	75.28699971195651	-3.0188189963069485e-05
6331.658291457286	0.3823763559946931	75.27389966119738	-2.4951108198009575e-05
6381.909547738694	0.38238404443669316	75.25061309663755	-3.177805677946229e-05
6432.160804020101	0.3823914149410914	75.21568316601648	-2.6206160850272307e-05
6482.412060301507	0.3823982393873967	75.19917642932411	-3.341887737953242e-05
6532.663316582914	0.38240547683394777	75.18090780498137	-2.7493025511014554e-05
6582.914572864322	0.382413359799855	75.15831586238176	-3.508582530979383e-05
6633.165829145729	0.3824212242810525	75.13431246538737	-2.882506041033129e-05
6683.417085427136	0.3824282847570319	75.11134092575027	-3.680341310281302e-05
6733.668341708543	0.3824354928298107	75.10193199187276	-3.0200171035699007e-05
6783.9195979899505	0.3824433759810159	75.07583263036048	-3.8537852673160425e-05
6834.170854271357	0.3824515327736114	75.04379782842473	-3.16431280602601e-05
6884.422110552764	0.3824590976877351	75.02666721013543	-4.0341290424279256e-05
6934.673366834171	0.38246640092740314	75.00598252373537	-3.311742265549847e-05
6984.9246231155785	0.3824741276878629	74.98510120863352	-4.216116960793019e-05
7035.175879396986	0.38248256176502	74.95721404213639	-3.465163543136509e-05
7085.427135678393	0.38249063945701595	74.9367281548196	-4.4045387564557456e-05
7135.6783919598	0.38249808223442633	74.92868672726097	-3.6208874995452046e-05
7185.929648241207	0.38250578140445307	74.90045366128145	-4.594142041614908e-05
7236.180904522614	0.38251424391788535	74.87265940311937	-3.7857289235594704e-05
7286.432160804021	0.38252267136969637	74.8537779700441	-4.790505886578611e-05
7336.683417085428	0.3825305910944651	74.83317373318658	-3.952687810116362e-05
7386.934673366835	0.3825382834426675	74.81224735318546	-4.9895356295424055e-05
7437.185929648243	0.3825466304251905	74.78044058594831	-4.127879279287846e-05
7487.43718592965	0.38255546898956516	74.76347949454454	-5.1941873597849845e-05
7537.688442211057	0.38256380761244785	74.7536891670372	-4.303695296987225e-05
7587.939698492462	0.38257159672183916	74.72513514730106	-5.401880808208273e-05
7638.190954773869	0.38257989282905414	74.70130745613875	-4.48957715952558e-05
7688.442211055276	0.38258880535827056	74.68040456946795	-5.614316903376689e-05
7738.693467336683	0.38259758919117076	74.66209938290629	-4.6779847812711515e-05
7788.94472361809	0.3826057785182044	74.6392951342725	-5.831641578835093e-05
7839.195979899498	0.3826139721764457	74.60533626485652	-4.875198510176492e-05
7889.447236180905	0.3826228666429887	74.59118493516948	-6.053023061776119e-05
7939.698492462312	0.3826320891934382	74.57738849245972	-5.073837416312584e-05
7989.949748743719	0.3826406733237341	74.55064547459293	-6.279479439960142e-05
8040.201005025126	0.38264889096107324	74.52876880504535	-5.280971439027642e-05
8090.452261306533	0.38265775269057456	74.5066657748482	-6.509436909989587e-05
8140.70351758794	0.38266711919312496	74.49192342996444	-5.492711714306543e-05
8190.954773869347	0.38267617202016735	74.46612395424454	-6.745088956900716e-05
8241.206030150754	0.382684700921081	74.43251103068239	-5.7123802086243454e-05
8291.457286432162	0.382693409179195	74.41916485235657	-6.984961476280379e-05
8341.708542713568	0.3827028415463233	74.40109711751539	-5.935693503300671e-05
8391.959798994976	0.3827124242597928	74.37729284487452	-7.229849352953755e-05
8442.211055276382	0.3827212243785111	74.35445924759755	-6.165521661543728e-05
8492.46231155779	0.38272993920122417	74.33302182577462	-7.479392672086739e-05
8542.713567839197	0.38273933863462933	74.32163474288893	-6.401267734682863e-05
8592.964824120603	0.38274912051926646	74.29275141856452	-7.73329769439235e-05
8643.216080402011	0.38275844509137635	74.26167514482576	-6.644990630637206e-05
8693.467336683418	0.3827673557270269	74.24702787248367	-7.99329844486326e-05
8743.718592964826	0.38277657101899293	74.2262831947696	-6.89334228631107e-05
8793.969849246232	0.3827865595695875	74.20471078846927	-8.256920705031159e-05
8844.22110552764	0.38279636503617837	74.17868014188613	-7.148446652469627e-05
8894.472361809047	0.3828055077316239	74.16007325948695	-8.527115886949077e-05
8944.723618090455	0.3828146867774968	74.1502179825597	-7.408240951117889e-05
8994.974874371861	0.3828246722939556	74.11927390372422	-8.800470865176244e-05
9045.226130653267	0.38283477970818924	74.09198110907504	-7.677939943953464e-05
9095.477386934675	0.382844411179948	74.07479446600449	-9.081002060084196e-05
9145.728643216082	0.3828536709424965	74.05374905255438	-7.951467338399928e-05
9195.97989949749	0.3828635011466209	74.03225260371538	-9.365055794326236e-05
9246.231155778896	0.3828738928909317	74.00266767861265	-8.233911593750535e-05
9296.482412060304	0.3828840367541156	73.98807305402438	-9.655765695396493e-05
9346.73366834171	0.3828934172755135	73.97699128604835	-8.518766225139447e-05
9396.984924623117	0.3829032118431819	73.94598538076728	-9.950707606772164e-05
9447.236180904525	0.3829136339117213	73.92238751404044	-8.815299983880221e-05
9497.487437185931	0.3829241276827805	73.90263524985069	-0.00010251669231956854
9547.73869346734	0.3829339837971179	73.88333137317645	-9.115228146928912e-05
9597.989949748746	0.3829437540739089	73.8595799693077	-0.00010558117741942359
9648.24120603015	0.38295406279338906	73.82796361088492	-9.425527512948304e-05
9698.492462311557	0.38296497386519607	73.81666792119475	-0.00010869500820555679
9748.743718592965	0.3829752324104262	73.80209453004682	-9.737799030717775e-05
9798.994974874371	0.38298509136510744	73.77330658067415	-0.00011187494216930139
9849.246231155777	0.38299534810689156	73.75185905993088	-0.00010061099502729516
9899.497487437186	0.38300633386634586	73.73068054538565	-0.00011509814324104091
9949.748743718592	0.3830170450200885	73.71420449768053	-0.00010389302750031584
10000.0	0.3830272836516334	73.68684742384931	-0.00011839489317407911
