0.0	1.7448680769395049	43.593411439555624	0.0
50.25125628140704	1.7447797704571464	43.58836319839874	1.2907042806898073e-05
100.50251256281408	1.7446917505733741	43.58679334369612	-7.946382212634138e-09
150.7537688442211	1.7446064394606777	43.59307601723204	1.2890762080655246e-05
201.00502512562815	1.7445225567018585	43.579826278399	-9.58879461310737e-09
251.25628140703523	1.7444358662217625	43.56955899452104	1.285889216670816e-05
301.5075376884422	1.7443476472501267	43.57341902278456	-4.517117571344288e-09
351.7587939698493	1.7442607281328641	43.570138518492485	1.2827000494132065e-05
402.0100502512563	1.744177244550752	43.5668115576219	7.916286588081295e-09
452.26130653266335	1.7440919167137294	43.5585205634707	1.2785079663213125e-05
502.51256281407046	1.7440037622871853	43.560645554126204	2.580504690346831e-08
552.7638190954774	1.7439158664853984	43.56726666546324	1.2742588985809885e-05
603.0150753768844	1.743831627137416	43.552719621885295	5.099931968394332e-08
653.2663316582915	1.7437470830156367	43.54600413298666	1.2682301021477686e-05
703.5175879396986	1.743660264988281	43.54666074239494	8.131568879322291e-08
753.7688442211057	1.7435716928740104	43.54391079840499	1.2621856508725843e-05
804.0201005025126	1.7434860539393897	43.53966039724363	1.1928485671809225e-07
854.2713567839196	1.7434022657111796	43.52855625905363	1.2548592841522007e-05
904.5226130653267	1.7433168560893937	43.53487751751374	1.6257553578407123e-07
954.7738693467338	1.743227905757271	43.53934122854987	1.2479146367221918e-05
1005.0251256281409	1.7431412707333653	43.52586159642689	2.1141081202140412e-07
1055.2763819095478	1.743056956324686	43.52203087644343	1.239030242040183e-05
1105.527638190955	1.7429725067664124	43.52010668109211	2.662372273478068e-07
1155.778894472362	1.742884788701734	43.51938619596968	1.2301478810155705e-05
1206.0301507537688	1.742797024072079	43.511921431674814	3.261034939866707e-07
1256.2814070351758	1.7427116079376386	43.4999438837336	1.2197104717862191e-05
1306.532663316583	1.7426284233556595	43.50892778358512	3.936880528103274e-07
1356.78391959799	1.742541612187085	43.50969079734442	1.2098358782736329e-05
1407.0351758793972	1.7424533137161553	43.49941253289472	4.6325057078264735e-07
1457.2864321608042	1.742366904365726	43.496669311968	1.1982242028672374e-05
1507.5376884422114	1.7422833997341607	43.49391429046449	5.405165006954565e-07
1557.7889447236184	1.7421979981849278	43.495628296534164	1.1864494396273951e-05
1608.0402010050252	1.7421104090193977	43.48406877145449	6.195195742708e-07
1658.2914572864322	1.742022553090248	43.473415888877824	1.1731049752187098e-05
1708.5427135678392	1.7419384358944625	43.48222512794047	7.080333652262733e-07
1758.7939698492464	1.741854399570175	43.47959006176657	1.160103647416321e-05
1809.0452261306534	1.7417675653231783	43.47320973393148	7.966297449830132e-07
1859.2964824120606	1.741678928668284	43.46933443960606	1.1458413235054103e-05
1909.5477386934676	1.7415938469440766	43.468138014878626	8.924732359111036e-07
1959.7989949748744	1.7415098767926884	43.47158990009221	1.131221292122859e-05
2010.0502512562814	1.7414244415726645	43.45664115615276	9.888132167926194e-07
2060.3015075376884	1.7413361349486285	43.44871061716083	1.1151215987637786e-05
2110.5527638190956	1.7412494624191694	43.4547482546547	1.0934303011029728e-06
2160.804020100503	1.7411653547784816	43.45053697906123	1.0990553652335022e-05
2211.05527638191	1.7410815147170868	43.44667014212498	1.1991647093652468e-06
2261.306532663317	1.7409934343517062	43.440238289495674	1.0820465039206385e-05
2311.557788944724	1.7409058755692408	43.44276741067991	1.3095625550341182e-06
2361.8090452261313	1.7408209172826965	43.44632566889514	1.0647878085818456e-05
2412.0603015075376	1.7407374141828298	43.42988919547811	1.4206482315854877e-06
2462.3115577889444	1.7406509326149462	43.42494430637524	1.0459774280463391e-05
2512.5628140703516	1.7405631053608137	43.42709017670465	1.537192046974597e-06
2562.814070351759	1.740476560733237	43.42340410231389	1.0271281060765338e-05
2613.065326633166	1.7403934750610344	43.41919307706565	1.656131241329909e-06
2663.316582914573	1.740308386512671	43.410488274203225	1.0072495604773425e-05
2713.56783919598	1.7402205642982354	43.417533745454286	1.7782390453576377e-06
2763.8190954773872	1.7401330640392962	43.419206141859334	9.875500406949872e-06
2814.0703517587945	1.7400492408537234	43.40379645971664	1.8997207514985206e-06
2864.321608040201	1.7399649446805006	43.4011051940571	9.661272083886391e-06
2914.5728643216084	1.7398784395670426	43.39998621310439	2.0253429600137485e-06
2964.8241206030157	1.73979021533074	43.39806983732662	9.447604960746687e-06
3015.075376884423	1.739705019123707	43.39074381908924	2.1518061625279124e-06
3065.3266331658297	1.7396215754356437	43.38154679913874	9.221046587400779e-06
3115.577889447237	1.7395363919181979	43.39180639069029	2.283011950068757e-06
3165.829145728643	1.739447783775566	43.3902823810989	8.999879606821238e-06
3216.0804020100504	1.7393615691501312	43.378201997902515	2.4100097426023567e-06
3266.331658291457	1.7392776214950425	43.37629892563501	8.762139774052116e-06
3316.5829145728644	1.7391934696426223	43.373826005946775	2.54170682486008e-06
3366.8341708542716	1.739106038622035	43.373724150849476	8.52463000151155e-06
3417.0854271356784	1.739018649723979	43.362000234096676	2.6703704600979973e-06
3467.3366834170856	1.7389336697393027	43.35438530771145	8.273623870869331e-06
3517.587939698493	1.7388507519701162	43.36493357392283	2.806338182911956e-06
3567.8391959799	1.7387642425007144	43.36046964051632	8.027640101577643e-06
3618.090452261307	1.7386762706759347	43.35272491979643	2.935061694727149e-06
3668.341708542714	1.7385903242933092	43.34989412483926	7.76936024034396e-06
3718.5929648241213	1.7385071438697965	43.34857290128411	3.0682832040996585e-06
3768.8442211055285	1.7384220217466828	43.349405134654575	7.5093127319112e-06
3819.0954773869353	1.7383347118295633	43.3338895838012	3.19539887355334e-06
3869.3467336683425	1.738247301101974	43.32901429305594	7.2373893023047335e-06
3919.597989949749	1.73816354193544	43.33683268062478	3.329848863495087e-06
3969.849246231156	1.7380798690610626	43.33114422984563	6.967540288148e-06
4020.100502512563	1.737993213137501	43.32667884220826	3.457186927848738e-06
4070.35175879397	1.7379050316878912	43.32181168535453	6.690081141056417e-06
4120.603015075377	1.7378203056844082	43.323933777816805	3.586557292226675e-06
4170.854271356784	1.7377367071889172	43.32429045579922	6.41027117035754e-06
4221.105527638191	1.7376515035058058	43.30698337060705	3.7088506515959796e-06
4271.3567839195985	1.7375635798729796	43.30470643827375	6.11948418510519e-06
4321.608040201006	1.7374772554620281	43.308220588297836	3.835537890327178e-06
4371.859296482413	1.737393620975289	43.30333652372248	5.829183762938907e-06
4422.11055276382	1.7373099281141775	43.29935328106607	3.957105216132117e-06
4472.361809045227	1.737222239349464	43.29276017950383	5.532501851223901e-06
4522.613065326634	1.7371349970298426	43.29940346895033	4.07815064396253e-06
4572.864321608041	1.7370505338808335	43.297789266663735	5.236427800395872e-06
4623.115577889448	1.7369672679870791	43.28128869241437	4.191142160104761e-06
4673.366834170855	1.736881119243677	43.28055649873318	4.928216295509956e-06
4723.618090452263	1.7367935510143926	43.28018983631392	4.30556416670629e-06
4773.86934673367	1.73670753153109	43.277179319819986	4.621482093906855e-06
4824.120603015075	1.7366246930961118	43.27059372710209	4.414958810343076e-06
4874.371859296482	1.736539996597868	43.26397667203583	4.306452783320312e-06
4924.623115577889	1.7364523469936974	43.27422248715705	4.524239094690242e-06
4974.874371859296	1.7363653873477742	43.269737325453875	3.996234769131164e-06
5025.125628140703	1.7362818412961387	43.25642396631108	4.6224190047129145e-06
5075.37688442211	1.7361979236853142	43.25582752841914	3.6732114542019234e-06
5125.628140703518	1.736111605792177	43.25351256447698	4.721193029905799e-06
5175.879396984925	1.7360238637223377	43.2520377597727	3.3525773136195424e-06
5226.130653266332	1.7359389697371697	43.2411123505164	4.811689269543562e-06
5276.381909547738	1.7358560111365073	43.23649584758332	3.02239594551307e-06
5326.633165829146	1.735770896984986	43.247608304899046	4.904986264016096e-06
5376.884422110553	1.7356827785423594	43.24064572302972	2.698340083731849e-06
5427.13567839196	1.7355968542299403	43.23177351454625	4.983527864504249e-06
5477.386934673367	1.735513405254041	43.23000697672594	2.3641468705047558e-06
5527.6381909547745	1.7354294209261674	43.22828866474927	5.062539664082966e-06
5577.889447236182	1.7353423938027235	43.22707143165899	2.0309824311395246e-06
5628.140703517589	1.7352552523675235	43.21213152855828	5.129172237319261e-06
5678.391959798995	1.735170845290173	43.210542882173876	1.689769930541105e-06
5728.643216080402	1.7350880599797323	43.219310093221665	5.200283121617135e-06
5778.89447236181	1.7350019886190409	43.21157813901498	1.3523935290222182e-06
5829.145728643217	1.7349142091863234	43.206507931242	5.2556854779029796e-06
5879.396984924624	1.7348288484990617	43.20289554886708	1.0096655289057786e-06
5929.648241206031	1.7347458669091413	43.204085681281775	5.309693499652906e-06
5979.899497487439	1.7346611399713427	43.201639006725024	6.660531395503933e-07
6030.150753768846	1.7345739971378593	43.184631873488755	5.3491801118678995e-06
6080.402010050252	1.734487153364304	43.185566788253496	3.1654395485125874e-07
6130.653266331659	1.7344036310037503	43.18998988861853	5.391202129706668e-06
6180.904522613067	1.7343204393886946	43.18352835086291	-3.158782109593922e-08
6231.155778894474	1.7342338328963673	43.17977554380162	5.419771995423552e-06
6281.407035175881	1.734146223023316	43.17482792285568	-3.822700599414465e-07
6331.658291457286	1.7340617441967754	43.18018556940511	5.443920922938319e-06
6381.909547738694	1.733978630555199	43.17534004428712	-7.330566657977097e-07
6432.160804020101	1.7338935508882949	43.15885604525921	5.452796727309807e-06
6482.412060301507	1.7338061099367923	43.160785874460636	-1.0897678704091708e-06
6532.663316582914	1.7337200230118053	43.16095217787496	5.46047724019663e-06
6582.914572864322	1.7336369690707698	43.15678890611864	-1.4448718789387077e-06
6633.165829145729	1.7335533199681556	43.15121708455719	5.456719318128299e-06
6683.417085427136	1.733466129006234	43.14666542007956	-1.803419751303648e-06
6733.668341708543	1.7333791024032348	43.155684576581265	5.447628013121909e-06
6783.9195979899505	1.7332952295257404	43.14799698658112	-2.1586955293737884e-06
6834.170854271357	1.7332120988984878	43.13437449144583	5.421291638291658e-06
6884.422110552764	1.7331263744407583	43.135650347569786	-2.5213416507209445e-06
6934.673366834171	1.7330389754275362	43.133371653891324	5.391566817724056e-06
6984.9246231155785	1.7329535756032097	43.1308893860189	-2.8807843069315665e-06
7035.175879396986	1.7328708974537517	43.12140466741523	5.348922082499547e-06
7085.427135678393	1.7327866774953267	43.11930641349248	-3.2455016723730695e-06
7135.6783919598	1.732699109893905	43.12966113058453	5.303567230135384e-06
7185.929648241207	1.7326127684841484	43.11981104601703	-3.6046941263664617e-06
7236.180904522614	1.7325294179666115	43.11039713187748	5.237490901666261e-06
7286.432160804021	1.7324459654937963	43.109891436487004	-3.9707731484268645e-06
7336.683417085428	1.7323597585602397	43.107663636115404	5.167744044089613e-06
7386.934673366835	1.7322725711610982	43.1051062585417	-4.333899597788829e-06
7437.185929648243	1.732187899702369	43.09167247364416	5.08102575561005e-06
7487.43718592965	1.7321054923306447	43.093067272874706	-4.7017007830209355e-06
7537.688442211057	1.73202038546961	43.101639273146844	4.994867085510289e-06
7587.939698492462	1.7319328227192854	43.09143858958915	-5.0653600914979935e-06
7638.190954773869	1.7318471253925742	43.08596106816443	4.886032353351312e-06
7688.442211055276	1.7317642393245853	43.08340350123462	-5.432472100250234e-06
7738.693467336683	1.7316803526838827	43.08344460658873	4.77263129506594e-06
7788.94472361809	1.7315937886677641	43.078977862705976	-5.799041581716303e-06
7839.195979899498	1.7315068354491336	43.06336120760201	4.639171289214497e-06
7889.447236180905	1.7314230552616663	43.06753543979964	-6.167701506692223e-06
7939.698492462312	1.7313403611282887	43.07206733174095	4.506287889441784e-06
7989.949748743719	1.7312547722187528	43.063646754299164	-6.535282651853538e-06
8040.201005025126	1.7311671378531353	43.060090559872336	4.3525699967614314e-06
8090.452261306533	1.731082399358241	43.05630262602942	-6.902985504137516e-06
8140.70351758794	1.7309995662074604	43.0598765065264	4.191616773098659e-06
8190.954773869347	1.7309152875885272	43.052381876538625	-7.271649859457313e-06
8241.206030150754	1.7308282730710007	43.037078261058525	4.009819064234487e-06
8291.457286432162	1.7307420323168952	43.042028292495935	-7.641120937435452e-06
8341.708542713568	1.7306587094831538	43.04225615261568	3.825255688771582e-06
8391.959798994976	1.7305760177931662	43.03674302559793	-8.010585462939508e-06
8442.211055276382	1.730489444605183	43.03219949073331	3.623439036781423e-06
8492.46231155779	1.7304024271068168	43.02904599938394	-8.380053743357323e-06
8542.713567839197	1.7303181701348282	43.03594517368929	3.4124100247918844e-06
8592.964824120603	1.7302355725162264	43.025334236827725	-8.749128459761067e-06
8643.216080402011	1.7301505858361437	43.01253265409137	3.1798764403772057e-06
8693.467336683418	1.7300636485898448	43.01615195791235	-9.120342177684183e-06
8743.718592964826	1.7299777773700586	43.01367147913477	2.9413638610807074e-06
8793.969849246232	1.7298953082141526	43.01035949063148	-9.490132226944408e-06
8844.22110552764	1.7298117128341821	43.00258767762054	2.686639438943944e-06
8894.472361809047	1.7297250211207569	43.00223186226295	-9.862033253968436e-06
8944.723618090455	1.7296382064013371	43.0106319256378	2.424306501081835e-06
8994.974874371861	1.729554920799365	42.99792891202674	-1.0231473851153415e-05
9045.226130653267	1.7294719094534203	42.98887615604423	2.1380518070687805e-06
9095.477386934675	1.7293866239429647	42.9899254318981	-1.060448560792352e-05
9145.728643216082	1.7292993962783272	42.98711314196742	1.8450188840141666e-06
9195.97989949749	1.729214608540811	42.98384683618955	-1.09752356887348e-05
9246.231155778896	1.729132103282043	42.97248927174454	1.533022059297199e-06
9296.482412060304	1.7290483311077907	42.976111741821484	-1.1348784696998859e-05
9346.73366834171	1.7289608739875832	42.98325242444216	1.2175343195908483e-06
9396.984924623117	1.7288751266842042	42.97045699940386	-1.1720477228866916e-05
9447.236180904525	1.7287919826379046	42.96506599171137	8.756959828620809e-07
9497.487437185931	1.7287089920861762	42.963518382208115	-1.2094600483559755e-05
9547.73869346734	1.7286229077361048	42.96241594435244	5.271129946548515e-07
9597.989949748746	1.7285362545815421	42.956863609892075	-1.246841381854861e-05
9648.24120603015	1.728451825924428	42.94344311764814	1.5608917264762798e-07
9698.492462311557	1.7283699214245725	42.950330926284536	-1.2842940012605622e-05
9748.743718592965	1.7282848815572036	42.953945313071	-2.1610460532850956e-07
9798.994974874371	1.7281978342886093	42.943336977292795	-1.3218831985720079e-05
9849.246231155777	1.7281124002078179	42.940064575182355	-6.137970860864706e-07
9899.497487437186	1.7280300385994676	42.93705955498374	-1.3594535152660588e-05
9949.748743718592	1.7279462699090227	42.9387527895057	-1.0198169970584128e-06
10000.0	1.7278601428789744	42.92956176830908	-1.3972977423195601e-05
