0.0	0.8886111151252949	172.94339265795514	0.0
50.25125628140704	0.888344931384608	172.9379120861899	1.254364576125784e-05
100.50251256281408	0.8880789259193475	172.93589152978458	-6.04510243481012e-07
150.7537688442211	0.8878143407484292	172.94170422565833	1.1949575180544283e-05
201.00502512562815	0.8875505079999912	172.92807102687536	-1.1828935424276955e-06
251.25628140703517	0.887285292663111	172.91734321556785	1.1298988453172956e-05
301.5075376884422	0.8870193196712745	172.9207879253332	-1.8060718534820859e-06
351.7587939698492	0.886754060911806	172.9170858892398	1.0675347312522338e-05
402.0100502512563	0.8864905630516567	172.91331269636547	-2.36797734214844e-06
452.26130653266335	0.8862261856127363	172.90457692573642	1.0019139003827673e-05
502.51256281407035	0.8859603792233101	172.90625382435664	-3.010243529433972e-06
552.7638190954774	0.8856947693792916	172.9123835213585	9.41318321401448e-06
603.0150753768844	0.8854310192656375	172.89744775735298	-3.589274977290965e-06
653.2663316582915	0.8851671841438397	172.89028985517442	8.646029053571914e-06
703.5175879396984	0.8849021903941244	172.89050925515724	-4.2512278538554315e-06
753.7688442211057	0.8846363826172264	172.88731776350158	7.965323000671832e-06
804.0201005025126	0.8843720542005004	172.88259564428273	-4.8686901622598055e-06
854.2713567839196	0.8841087465646291	172.8710315043445	7.141960238124592e-06
904.5226130653267	0.8838446005962217	172.8769224872515	-5.5421959221328295e-06
954.7738693467336	0.8835787465770958	172.88088907914937	6.462904441941941e-06
1005.0251256281409	0.8833140461020597	172.86699787298082	-6.232469282025523e-06
1055.2763819095478	0.8830506150490138	172.86272856796757	5.551194263530736e-06
1105.5276381909546	0.8827870884168452	172.86034795267494	-6.936175393852863e-06
1155.778894472362	0.8825220044515507	172.85917209833934	4.736069320807505e-06
1206.0301507537688	0.8822568651769095	172.85121792858826	-7.705944697541069e-06
1256.2814070351762	0.881993019570637	172.83875736099426	3.7378830901907337e-06
1306.532663316583	0.8817302659255817	172.8473276700068	-8.437945975232899e-06
1356.78391959799	0.8814657858106991	172.84760402368283	2.8667388964738057e-06
1407.0351758793968	0.8812005104891251	172.83688572778613	-9.29946747116519e-06
1457.2864321608042	0.8809363062761499	172.8336911253477	1.8161782294317488e-06
1507.537688442211	0.8806735227349737	172.8304553289646	-1.0108823437160077e-05
1557.7889447236184	0.8804098996432773	172.8317062209943	7.703102516793529e-07
1608.0402010050252	0.8801451174856751	172.81966051206822	-1.1059964653029497e-05
1658.2914572864322	0.8798803260311933	172.80850109436773	-4.044319069030709e-07
1708.5427135678392	0.8796173653610428	172.8168954727652	-1.1948833931255517e-05
1758.7939698492464	0.879354575354427	172.8137878247426	-1.5619482894973163e-06
1809.0452261306534	0.8790903086838193	172.80694241166532	-1.2980791039505085e-05
1859.2964824120602	0.8788252674858102	172.80259869472883	-2.793298501796079e-06
1909.5477386934676	0.8785619529004202	172.8008936348005	-1.4005940677961007e-05
1959.7989949748744	0.8782993386966488	172.80386992403874	-4.112531314180539e-06
2010.0502512562819	0.8780359121265237	172.78845611426098	-1.5136900156422336e-05
2060.3015075376884	0.8777711818787427	172.78000865648417	-5.5261883323041045e-06
2110.5527638190956	0.8775071985591302	172.7856094412861	-1.6292229756662503e-05
2160.804020100503	0.8772446572652163	172.7809286410442	-6.989718134004564e-06
2211.055276381909	0.8769821684611372	172.77657352081428	-1.7508974453332603e-05
2261.306532663317	0.876717696174754	172.76966381537565	-8.511470592526371e-06
2311.557788944723	0.876453400967003	172.77166623150364	-1.8825755280119917e-05
2361.8090452261313	0.8761905733127058	172.77472583176836	-1.0098447226897362e-05
2412.0603015075376	0.8759283873649607	172.75784411891001	-2.018370643030503e-05
2462.3115577889453	0.8756648635714618	172.75238891652003	-1.1849653983652823e-05
2512.5628140703516	0.8754005684094226	172.75406720179083	-2.1652764476189436e-05
2562.814070351759	0.8751370845831876	172.74990043681868	-1.3613313806340784e-05
2613.065326633166	0.8748752420577047	172.74517351687837	-2.314070740930017e-05
2663.316582914573	0.8746125613660092	172.73598786102465	-1.5530596411929303e-05
2713.56783919598	0.8743484041558907	172.742510548692	-2.4758027328975365e-05
2763.8190954773872	0.8740845826180511	172.7436588596242	-1.7410294737909844e-05
2814.0703517587935	0.8738225029642653	172.72780428735356	-2.6448160436944496e-05
2864.321608040201	0.8735603618912129	172.72461415687147	-1.955662059961446e-05
2914.5728643216075	0.8732970020845294	172.72299963496584	-2.8230095645594813e-05
2964.8241206030157	0.873032959512748	172.72058812159833	-2.1666705120859222e-05
3015.075376884422	0.8727703246984851	172.71271590731172	-3.010640822669662e-05
3065.3266331658297	0.8725087524364634	172.70302974708883	-2.401302087190566e-05
3115.577889447236	0.8722461911248205	172.71278927687493	-3.202904674633165e-05
3165.829145728643	0.8719820984915987	172.71072734702364	-2.6282765555671777e-05
3216.0804020100504	0.8717190881237648	172.69818075085834	-3.4140878846005446e-05
3266.331658291458	0.8714574033462433	172.69577970334822	-2.8822962620721e-05
3316.5829145728644	0.871195494287358	172.69278569175893	-3.626680371661839e-05
3366.8341708542716	0.8709321339121664	172.69218259257826	-3.137630211373994e-05
3417.0854271356784	0.8706686710424352	172.67989337928705	-3.859728789277398e-05
3467.3366834170856	0.8704066092048364	172.67176811241816	-3.4142114809383496e-05
3517.587939698493	0.8701454531776103	172.68183842096562	-4.0897577713637005e-05
3567.839195979899	0.8698826954931054	172.6768388421176	-3.691522614924244e-05
3618.090452261307	0.8696190775485607	172.66859680916542	-4.345280777925044e-05
3668.341708542713	0.8693566724583459	172.66525625837394	-3.985900909137524e-05
3718.5929648241213	0.8690955197408933	172.66338479391558	-4.601818877080217e-05
3768.8442211055276	0.8688335964947919	172.66371577932387	-4.292774880577623e-05
3819.0954773869353	0.868570446837233	172.64763995150744	-4.8807419240856666e-05
3869.3467336683416	0.8683074498695363	172.6422275676203	-4.614302652406721e-05
3919.597989949749	0.8680461432342023	172.64956964540193	-5.1605812782170884e-05
3969.849246231156	0.8677850836721788	172.64335370098124	-4.946958254774028e-05
4020.1005025125637	0.8675223978295002	172.63836157922054	-5.460288421649513e-05
4070.35175879397	0.8672591565477664	172.6329722078729	-5.289762678675185e-05
4120.603015075377	0.8669975031914505	172.63451340472992	-5.770712390241916e-05
4170.854271356784	0.8667366192309948	172.63436165022242	-5.648997247555499e-05
4221.105527638191	0.8664747954002999	172.61651902894997	-6.097232727554445e-05
4271.3567839195985	0.866211823120131	172.61368797663144	-6.024553384049352e-05
4321.608040201006	0.8659495092307378	172.61670412441066	-6.435323428050264e-05
4371.859296482413	0.8656887454603561	172.6112921819311	-6.411784392344103e-05
4422.11055276382	0.8654278117399001	172.60675499021292	-6.78479643344873e-05
4472.361809045227	0.8651650963043619	172.59963745960812	-6.8145891766985e-05
4522.613065326634	0.8649024629222148	172.60568110802618	-7.152760966641388e-05
4572.864321608041	0.864641424229647	172.60353655559902	-7.22610439911332e-05
4623.115577889448	0.8643808397079087	172.58652399132484	-7.535109316422516e-05
4673.366834170855	0.8641190303644811	172.58523608165044	-7.664169465418971e-05
4723.618090452263	0.8638563732859543	172.5843396523965	-7.932949381489971e-05
4773.86934673367	0.8635946978081926	172.58078943209208	-8.107498585997887e-05
4824.120603015075	0.8633344628626604	172.573619646767	-8.343927004625531e-05
4874.371859296482	0.8630735139986022	172.5664826622972	-8.576905703316961e-05
4924.623115577889	0.8628109553399911	172.57613402463141	-8.769106132290633e-05
4974.874371859296	0.8625489507098413	172.57109020755567	-9.047027909510568e-05
5025.125628140703	0.8622885011072674	172.5572674309625	-9.217787901932203e-05
5075.37688442211	0.8620280763678778	172.55611891744704	-9.549716497981696e-05
5125.628140703518	0.8617663186222226	172.55324493313586	-9.676056671671448e-05
5175.879396984925	0.8615040634195693	172.55121825056966	-0.0001005726054361295
5226.130653266332	0.8612430823316299	172.53967785615305	-0.00010158529564877866
5276.381909547738	0.8609832700674033	172.53453840697432	-0.00010593095410237779
5326.633165829146	0.8607222486208939	172.54508059721132	-0.00010644909586956696
5376.884422110553	0.8604599446967977	172.53754032137326	-0.00011133274649408348
5427.13567839196	0.8601985913970932	172.52813775036324	-0.00011165125078965822
5477.386934673367	0.8599386716122466	172.5258144361851	-0.00011699869500929544
5527.6381909547745	0.8596783490664421	172.52351089955252	-0.00011690481061169613
5577.889447236182	0.8594167237695561	172.52173997102852	-0.00012281091726743757
5628.140703517589	0.8591549068773893	172.50616708872568	-0.00012247281883845086
5678.391959798995	0.8588946479592654	172.50403648164146	-0.0001288363016396947
5728.643216080402	0.8586350579422029	172.51225560052794	-0.00012805887003364977
5778.89447236181	0.8583740426035826	172.5039418444149	-0.00013502067512583698
5829.145728643217	0.8581120502628902	172.49831002400617	-0.00013397518177211748
5879.396984924624	0.8578514551670398	172.49412702862722	-0.00014137014023769023
5929.648241206031	0.8575919064648237	172.49470299243848	-0.00014000541036857998
5979.899497487439	0.8573316921125297	172.49170755397785	-0.00014795625709832717
6030.150753768846	0.8570701555154749	172.47407333682924	-0.00014631685532863207
6080.402010050252	0.8568089627948464	172.474438384127	-0.0001547172642863408
6130.653266331659	0.8565492858389409	172.4783148429076	-0.00015273806250726615
6180.904522613067	0.8562899651378645	172.47127240151	-0.00016169338885731747
6231.155778894474	0.8560288342614493	172.46692913556802	-0.00015939264217697992
6281.407035175881	0.8557673992251561	172.46140025415716	-0.0001688337726776711
6331.658291457286	0.8555073896387001	172.46611354104317	-0.00016626649920466598
6381.909547738694	0.8552482414152991	172.4607164920221	-0.00017618618630205044
6432.160804020101	0.8549880049548791	172.44362978175707	-0.00017337099278289707
6482.412060301507	0.8547267891106772	172.44496768300763	-0.00018378360626085873
6532.663316582914	0.8544661266251783	172.44456704755999	-0.0001806722594685776
6582.914572864322	0.8542071415376712	172.43981567325142	-0.00019154566039866096
6633.165829145729	0.8539477508275022	172.4336279156349	-0.0001881626280593277
6683.417085427136	0.853686793557309	172.42849717405971	-0.00019957167164310426
6733.668341708543	0.8534258094271139	172.43685313631903	-0.00019588548353487658
6783.9195979899505	0.8531665543803845	172.4285951768663	-0.00020771801560709192
6834.170854271357	0.8529075591059676	172.41439232685374	-0.00020388473556135603
6884.422110552764	0.8526474588755736	172.41506628010723	-0.00021620631527771676
6934.673366834171	0.8523864333454905	172.41219190440677	-0.0002120646674355694
6984.9246231155785	0.8521265602858256	172.40910514051708	-0.00022480836397122602
7035.175879396986	0.8518679279472562	172.39897744130812	-0.00022051103558886232
7085.427135678393	0.8516087016220142	172.39630971281258	-0.0002337428306748995
7135.6783919598	0.8513477354089299	172.40600457031948	-0.00022909442247396488
7185.929648241207	0.8510875334666594	172.39555679209502	-0.0002427801674189591
7236.180904522614	0.8508287110021333	172.38556419652437	-0.00023806837424010865
7286.432160804021	0.8505699947929101	172.38445072874904	-0.00025215643927377763
7336.683417085428	0.850309839561332	172.38160194605507	-0.00024715999221571383
7386.934673366835	0.8500493560530593	172.3784262364463	-0.0002617009670730511
7437.185929648243	0.8497900259686052	172.36432235636522	-0.0002566239367165308
7487.43718592965	0.8495319552018895	172.36514966952865	-0.00027153358082460214
7537.688442211057	0.849272481842516	172.37308192311386	-0.00026615036038602294
7587.939698492462	0.8490119482433465	172.36226216492742	-0.000281566812208307
7638.190954773869	0.8487522568329886	172.35618579182483	-0.00027611390056045334
7688.442211055276	0.8484940831104046	172.3530079283348	-0.0002918437711194667
7738.693467336683	0.848235349720127	172.35240625242488	-0.000286210402048327
7788.94472361809	0.8479754395385928	172.34732056280876	-0.0003024025240089804
7839.195979899498	0.8477152750886784	172.33101716309932	-0.0002966930451867976
7889.447236180905	0.8474567951806053	172.33460887988448	-0.0003131722066036499
7939.698492462312	0.8471987873163818	172.3385193702987	-0.0003072860691247766
7989.949748743719	0.846939487653359	172.32946893570048	-0.0003242407326908738
8040.201005025126	0.8466791328581256	172.32528583735728	-0.0003182406436740675
8090.452261306533	0.8464203161590459	172.32085955999162	-0.0003355008337212821
8140.70351758794	0.8461623813675525	172.32376553424484	-0.0003294321877990637
8190.954773869347	0.8459038551507149	172.3156608927213	-0.00034708090931508454
8241.206030150754	0.8456439468728972	172.2996736991738	-0.0003409511927793432
8291.457286432162	0.8453845280048657	172.3040138744804	-0.0003588875993246268
8341.708542713568	0.845126495361813	172.3036215627399	-0.0003526897652541046
8391.959798994976	0.8448688762792718	172.29746978730049	-0.0003709816652905353
8442.211055276382	0.8446093266969159	172.29227588270788	-0.0003646995539776042
8492.46231155779	0.8443496613534719	172.28847278209201	-0.0003833347961442057
8542.713567839197	0.8440913144971477	172.29467550285642	-0.0003770135530426864
8592.964824120603	0.8438338722754712	172.2834579685597	-0.00039593838750486026
8643.216080402011	0.8435752399598501	172.26999170573697	-0.0003896497257520595
8693.467336683418	0.843315746639705	172.2729745448568	-0.000408869804453829
8743.718592964826	0.8430567547648612	172.26985739927852	-0.00040254267186761605
8793.969849246232	0.8427995060549489	172.2658899864169	-0.0004220136718073706
8844.22110552764	0.8425416943955926	172.2574495601253	-0.0004157279289012398
8894.472361809047	0.8422824533441077	172.25644815680553	-0.00043551601045158686
8944.723618090455	0.8420231449561609	172.26413086299087	-0.0004291606307474493
8994.974874371861	0.8417656293543672	172.25080890006143	-0.00044920954226307196
9045.226130653267	0.8415082439570745	172.24110854376724	-0.00044301049405041275
9095.477386934675	0.8412498199881097	172.24150278476253	-0.0004632870265807367
9145.728643216082	0.8409904540564958	172.23803113299164	-0.0004570632921320497
9195.97989949749	0.8407323385548096	172.2340858542344	-0.0004775734468658303
9246.231155778896	0.8404753411713048	172.22204044651068	-0.0004715173963614104
9296.482412060304	0.8402177848163879	172.22503086479648	-0.000492220288185207
9346.73366834171	0.8399584509055352	172.23145145994275	-0.00048611509676384
9396.984924623117	0.8397000007642598	172.21801337321656	-0.0005071145985139555
9447.236180904525	0.8394428345431756	172.2119740084492	-0.0005012197535788006
9497.487437185931	0.8391857889253405	172.20975585225773	-0.0005223342664922015
9547.73869346734	0.8389272654702811	172.20797568507032	-0.0005164982548299299
9597.989949748746	0.8386685074225603	172.2017270088778	-0.0005378636853613141
9648.24120603015	0.8384108594921634	172.18759643231095	-0.0005322406316292745
9698.492462311557	0.838154471649449	172.19385975516497	-0.0005536666324355498
9748.743718592965	0.837896597919756	172.19676694635106	-0.0005481164474724577
9798.994974874371	0.8376377810490633	172.18549228021615	-0.0005698346237984079
9849.246231155777	0.8373797881053145	172.18155307232112	-0.0005644706865544782
9899.497487437186	0.8371233088534071	172.17785723936746	-0.0005862454798778525
9949.748743718592	0.8368661937385782	172.17885761032935	-0.0005810737244980267
10000.0	0.8366079553079545	172.16897063228996	-0.000603056350272435
