0.0	1.011704083779194	96.22556282134711	0.0
50.25125628140704	1.011614805248055	96.21326550577025	1.28611220085889e-05
100.50251256281408	1.0115257276029401	96.20444401793732	-4.311623663980668e-08
150.7537688442211	1.0114382441545466	96.2034730564892	1.2809754880188388e-05
201.00502512562815	1.0113516309498811	96.18297998714719	-7.868100807914638e-08
251.25628140703517	1.0112634048421436	96.16546047214267	1.2744568952683113e-05
301.5075376884422	1.0111743419959158	96.16207291503113	-1.1069931713351998e-07
351.7587939698493	1.0110860407774134	96.15154536433732	1.2677420614350985e-05
402.0100502512563	1.0109997889630922	96.14096665381365	-1.3207288861416108e-07
452.26130653266335	1.0109124679029695	96.12542586990314	1.2600748478969975e-05
502.51256281407046	1.0108235725459591	96.12029866664174	-1.5324114824317056e-07
552.7638190954774	1.0107348199798896	96.11966426144605	1.2523506139156386e-05
603.0150753768844	1.0106482595726423	96.09787234614517	-1.63420932456761e-07
653.2663316582915	1.0105615076180883	96.08390782559641	1.2424455611876956e-05
703.5175879396986	1.0104735170636197	96.07731319238174	-1.739996682301304e-07
753.7688442211057	1.0103844873516776	96.06731453830974	1.2327591762028054e-05
804.0201005025126	1.010297245030011	96.0558082712198	-1.745000957939219e-07
854.2713567839196	1.0102110460456217	96.03745329278405	1.2212209911559037e-05
904.5226130653267	1.0101240015562516	96.0365238165421	-1.7372655708789024e-07
954.7738693467338	1.0100348674589743	96.03373213163053	1.2105120857312045e-05
1005.0251256281409	1.0099471773302262	96.01300391779317	-1.6801723371967708e-07
1055.2763819095478	1.009860788020689	96.00192555621634	1.1970230809117618e-05
1105.5276381909546	1.0097744291350241	95.99274686599173	-1.578788078419487e-07
1155.778894472362	1.0096861244337516	95.98477679410082	1.183896990289705e-05
1206.0301507537688	1.0095979088385052	95.97005309773283	-1.465060672188552e-07
1256.2814070351762	1.0095109957692987	95.95082266322059	1.1684762380853435e-05
1306.532663316583	1.0094254989968676	95.95255723626482	-1.2636813985760179e-07
1356.78391959799	1.0093378347652011	95.9460670543954	1.1539087533128541e-05
1407.0351758793968	1.0092494389063151	95.9285358543895	-1.1106892316302086e-07
1457.2864321608042	1.0091620653593079	95.91854424022837	1.1369920670782883e-05
1507.537688442211	1.0090765115383888	95.9085308931529	-8.58487865924185e-08
1557.7889447236184	1.0089897791747786	95.90299519516233	1.1197776167601815e-05
1608.0402010050252	1.0089019231287848	95.88417643975866	-6.67519387645196e-08
1658.2914572864322	1.0088138265441249	95.86626854096502	1.1006433481113447e-05
1708.5427135678392	1.0087280460870747	95.86782764641289	-3.6070139914140204e-08
1758.7939698492464	1.0086422198191403	95.85794206935262	1.0815182419622792e-05
1809.0452261306534	1.0085549294173441	95.84430496162238	-1.2725642008355703e-08
1859.2964824120602	1.0084664959053553	95.8331799511192	1.0610255135783545e-05
1909.5477386934676	1.00838028478144	95.82472101043628	1.7432515428554668e-08
1959.7989949748744	1.0082946119520724	95.82092243102268	1.0394965096336041e-05
2010.0502512562819	1.0082082598343087	95.79871658460308	4.2796761029605233e-08
2060.3015075376884	1.0081201331517915	95.78353055511477	1.016397065735923e-05
2110.5527638190956	1.0080331282320862	95.7823146704597	7.321451136160568e-08
2160.804020100503	1.0079474911800415	95.77085414983338	9.926761189282615e-06
2211.05527638191	1.0078621903860512	95.75972700949433	1.0205846662774703e-07
2261.306532663317	1.0077743103375465	95.74604507500474	9.679142765233629e-06
2311.557788944724	1.0076869196743587	95.74130885230487	1.2882873338615023e-07
2361.8090452261313	1.0076009056760529	95.73761446816239	9.422978979828517e-06
2412.0603015075376	1.0075159267441567	95.71392300055899	1.5531153096041013e-07
2462.3115577889444	1.0074290885400905	95.70172429791006	9.146654638869716e-06
2512.5628140703516	1.0073416694187831	95.69661222708567	1.7894597661343662e-07
2562.814070351759	1.0072548527673515	95.68567629998272	8.866418143995917e-06
2613.065326633166	1.0071702420293764	95.67420096875864	2.0467763148509917e-07
2663.316582914573	1.0070843264242115	95.6582465319324	8.56917355684582e-06
2713.56783919598	1.0069970366913839	95.65802678841222	2.2481945032628303e-07
2763.8190954773872	1.0069097831403822	95.65244399867294	8.272761115850253e-06
2814.0703517587945	1.0068248714146917	95.62977906391599	2.4208820322055934e-07
2864.321608040201	1.0067395307285079	95.61983623522264	7.948442254272882e-06
2914.5728643216084	1.006653129498817	95.6114553747088	2.5646151407469353e-07
2964.8241206030157	1.0065655734937113	95.60228804548935	7.624716032260167e-06
3015.075376884423	1.0064799925367782	95.58769347187187	2.6706482149060675e-07
3065.3266331658297	1.0063952618847076	95.57124655022884	7.276968989059672e-06
3115.577889447237	1.0063097509509784	95.57424362739586	2.7792558496218816e-07
3165.829145728643	1.0062220895991276	95.5654633444706	6.9352101389567045e-06
3216.0804020100504	1.0061360445613514	95.54612477365953	2.759974809683381e-07
3266.331658291457	1.0060511390055484	95.5369709596009	6.565397491333867e-06
3316.5829145728644	1.005966349806605	95.52723267094224	2.765061401391768e-07
3366.8341708542716	1.0058794870244843	95.51987976071901	6.193463908874712e-06
3417.0854271356784	1.0057928871235688	95.50088462341532	2.633143663223563e-07
3467.3366834170856	1.0057075013884589	95.48601778449415	5.7988840047027575e-06
3517.587939698493	1.0056235505303364	95.48930630437044	2.567813490273868e-07
3567.8391959799	1.0055373383951012	95.4775870793269	5.404934288061265e-06
3618.090452261307	1.0054505254594919	95.46258007506363	2.3072068795673273e-07
3668.341708542714	1.0053646982825213	95.45249765289026	4.992024301480255e-06
3718.5929648241213	1.0052807189625284	95.44390723893046	2.0738942089353248e-07
3768.8442211055285	1.0051954272706751	95.43748902493559	4.568676747047307e-06
3819.0954773869353	1.005109120959275	95.41470289946365	1.6675847342895007e-07
3869.3467336683425	1.005022564665419	95.40257286285464	4.128621358053091e-06
3919.597989949749	1.004938373650784	95.4031317518765	1.301316005640462e-07
3969.849246231156	1.0048540384282267	95.39018973143098	3.6807126984757423e-06
4020.100502512563	1.0047682333101626	95.37845828635996	7.714983416546584e-08
4070.35175879397	1.0046813497029743	95.36633848253858	3.22157861911277e-06
4120.603015075377	1.0045967221804861	95.36118749319382	1.8901307013390155e-08
4170.854271356784	1.0045125482692074	95.35429331367195	2.7489137137976456e-06
4221.105527638191	1.0044277054146582	95.32971907113864	-5.3218976637933435e-08
4271.3567839195985	1.0043410898504979	95.32018571816086	2.259722595816695e-06
4321.608040201006	1.0042556599616355	95.3164377106736	-1.3050902571821907e-07
4371.859296482411	1.004171584087333	95.30430062305939	1.7615686393395374e-06
4422.11055276382	1.0040877365689276	95.29304795369795	-2.1760151499860868e-07
4472.3618090452255	1.0040013759370152	95.27920249512526	1.2497462186157057e-06
4522.613065326634	1.0039155369851098	95.2785704907858	-3.17274500894226e-07
4572.864321608041	1.0038311011944325	95.2697030203898	7.312546556446163e-07
4623.115577889446	1.0037476214311745	95.24593873945541	-4.3003477338083453e-07
4673.366834170855	1.003662270855495	95.23795036994011	1.891174403112712e-07
4723.618090452261	1.0035763644772973	95.23031772323343	-5.529278247913232e-07
4773.86934673367	1.003491148571385	95.22005312835249	-3.565451202812112e-07
4824.120603015075	1.0034080363810047	95.20619447407952	-6.867339244958726e-07
4874.371859296482	1.0033236452164453	95.1923262009164	-9.238328836186011e-07
4924.6231155778905	1.003237812091077	95.19529778319277	-8.308707348664486e-07
4974.874371859296	1.0031521729687067	95.18355604876353	-1.4895691024665665e-06
5025.125628140705	1.0030687716032718	95.16297983688389	-9.95836266621725e-07
5075.37688442211	1.0029849507668263	95.15512807562514	-2.083476091653157e-06
5125.628140703518	1.0029000071508059	95.14554378809237	-1.1678728873159955e-06
5175.879396984925	1.0028140364168774	95.13681368302825	-2.6792503800691974e-06
5226.130653266332	1.0027299752776395	95.11861165230334	-1.3602927758787785e-06
5276.38190954774	1.0026468293433246	95.10674401765957	-3.298809695894191e-06
5326.633165829146	1.002562700323048	95.1105859610198	-1.554981688134149e-06
5376.884422110553	1.0024766330634185	95.09636468679194	-3.917869188329292e-06
5427.13567839196	1.0023920954950722	95.08022750051387	-1.779959017017434e-06
5477.386934673367	1.0023087870526974	95.071205335719	-4.559578588958634e-06
5527.6381909547745	1.0022254291868717	95.06221490750778	-2.0090324294195676e-06
5577.88944723618	1.00214011399318	95.05374241010493	-5.209899800088668e-06
5628.140703517589	1.0020549913870724	95.03152418501507	-2.266212979730277e-06
5678.391959798995	1.001971250785516	95.02268227128472	-5.878111795215779e-06
5728.643216080402	1.001888703409338	95.02418259814237	-2.523397754950357e-06
5778.89447236181	1.001804062037542	95.00919177512928	-6.554532797859758e-06
5829.145728643215	1.0017186885602847	94.99685319914049	-2.811673106396655e-06
5879.396984924624	1.0016345189762035	94.98598364517808	-7.2439333416554e-06
5929.6482412060295	1.0015519752646562	94.97989862468158	-3.1091661435938945e-06
5979.899497487439	1.0014682325190452	94.97019753837512	-7.949052904031146e-06
6030.150753768844	1.0013833439166644	94.94591373321968	-3.4341657974489393e-06
6080.402010050252	1.001298439925176	94.93959192967911	-8.667548764363181e-06
6130.6532663316575	1.0012157004663207	94.93674920491716	-3.766605155327744e-06
6180.904522613067	1.0011329668719673	94.92302923524069	-9.399327462011794e-06
6231.155778894472	1.00104850435207	94.91200509225219	-4.122896092716165e-06
6281.407035175881	1.0009632806626052	94.89979916437395	-1.0141886519901873e-05
6331.658291457286	1.0008801050514178	94.89787854996317	-4.497561439997647e-06
6381.909547738694	1.000797538966381	94.88577840220265	-1.089816289393654e-05
6432.160804020101	1.0007140740281573	94.86202201358225	-4.896679877699155e-06
6482.412060301509	1.0006290709871208	94.8566923258333	-1.1671968352020295e-05
6532.663316582914	1.0005450823553126	94.84959113335059	-5.311707341081386e-06
6582.914572864322	1.0004626737932054	94.838168700687	-1.2455240612753592e-05
6633.165829145729	1.000380150041911	94.82532315289234	-5.746550914432523e-06
6683.417085427136	1.000295414633325	94.81351374499265	-1.3256187914881055e-05
6733.668341708543	1.0002109987317043	94.81525313208891	-6.2020013266520595e-06
6783.9195979899505	1.0001282406862324	94.80030855201926	-1.4062495114795957e-05
6834.170854271357	1.0000461308290889	94.77941782211903	-6.685790956154267e-06
6884.422110552764	0.9999623657200253	94.773432894921	-1.489363670009369e-05
6934.673366834171	0.9998778494767966	94.76388404939274	-7.186148454830435e-06
6984.9246231155785	0.9997943336797396	94.75414054946387	-1.5729224288708084e-05
7035.175879396986	0.9997125991943121	94.7373796504182	-7.71237885831556e-06
7085.427135678391	0.9996298263626259	94.72802518164877	-1.658817580043377e-05
7135.6783919598	0.9995453268181335	94.73110169067387	-8.251998069955099e-06
7185.9296482412055	0.9994613917406249	94.71399111850923	-1.744941239161876e-05
7236.180904522614	0.9993793829048252	94.69731045546021	-8.829702054051673e-06
7286.432160804021	0.9992971769635228	94.68954323362912	-1.8335260897882383e-05
7336.683417085426	0.9992135763717567	94.68004319760685	-9.419911154492695e-06
7386.934673366835	0.9991292774409711	94.6702227562217	-1.9228668881728508e-05
7437.185929648241	0.999046619566998	94.64951047240064	-1.0045748930658907e-05
7487.43718592965	0.9989651410921637	94.64364950315276	-2.0142114098678986e-05
7537.688442211055	0.998882288228041	94.64494725254579	-1.0678279755336496e-05
7587.939698492462	0.998797897353289	94.62748338248491	-2.1064732334543302e-05
7638.1909547738705	0.9987147606189151	94.61473773293639	-1.135378942158474e-05
7688.442211055276	0.9986331303212106	94.604917018225	-2.200359060229908e-05
7738.693467336685	0.9985510940461548	94.597684347838	-1.2042999619844329e-05
7788.94472361809	0.9984674042931306	94.58595443108277	-2.295881230986813e-05
7839.195979899498	0.9983836554948943	94.56305850011476	-1.2770946779314563e-05
7889.447236180905	0.9983016341585281	94.5599750249336	-2.392701071828495e-05
7939.698492462312	0.99822039797972	94.5572365575174	-1.3508759517780654e-05
7989.949748743719	0.998137395646993	94.54155150175056	-2.491268130937908e-05
8040.201005025127	0.9980533660854864	94.53072480296258	-1.4284094196239148e-05
8090.452261306533	0.9979709170486817	94.51967139216384	-2.590876988594048e-05
8140.70351758794	0.9978897123790963	94.51596954878217	-1.5081569819794692e-05
8190.954773869347	0.9978075908501365	94.50121293447177	-2.6924846213610443e-05
8241.206030150754	0.9977240306466718	94.4786320492894	-1.59142887776856e-05
8291.457286432162	0.9976408403519327	94.47632067282035	-2.795367471634073e-05
8341.708542713568	0.997559464716623	94.4692799156176	-1.676633028986081e-05
8391.959798994976	0.9974783835963112	94.45650123917866	-2.8999872375384223e-05
8442.211055276382	0.9973951891270136	94.44468553427903	-1.764795950298566e-05
8492.46231155779	0.9973116763880987	94.43426518660993	-3.006058752235322e-05
8542.713567839197	0.9972298733530256	94.43388625235148	-1.855789689615308e-05
8592.964824120603	0.9971489715128116	94.41601383771736	-3.1135886597512894e-05
8643.216080402011	0.9970668029537342	94.39593918940632	-1.950264898077084e-05
8693.467336683418	0.9969834620010875	94.3922934307275	-3.2231349066437766e-05
8743.718592964826	0.9969008391048044	94.38254378980291	-2.047144191691339e-05
8793.969849246232	0.9968201367049058	94.37196402962668	-3.3338054010246306e-05
8844.22110552764	0.9967388809285924	94.356919208084	-2.1470496538517313e-05
8894.472361809047	0.9966558070076627	94.34929724675297	-3.446723287292311e-05
8944.723618090455	0.9965727509962582	94.35041789253553	-2.249380972998952e-05
8994.974874371861	0.9964917032804964	94.3304518489578	-3.56054334965286e-05
9045.226130653267	0.9964108945383179	94.31413001894018	-2.355938385029539e-05
9095.477386934675	0.9963287567637785	94.30791168887438	-3.676872152596201e-05
9145.728643216082	0.9962455732279488	94.2978289027471	-2.4645882135189607e-05
9195.97989949749	0.9961637851062022	94.28729162274882	-3.7941984347323644e-05
9246.231155778896	0.99608337831177	94.26866019232179	-2.577156752389315e-05
9296.482412060304	0.9960022381993106	94.2650185188761	-3.913857945761552e-05
9346.73366834171	0.995919032577686	94.26488102400265	-2.69124165370324e-05
9396.984924623117	0.9958368170779373	94.24481953834169	-4.034784044952338e-05
9447.236180904525	0.9957561521976178	94.23216103201582	-2.8103224192771784e-05
9497.487437185931	0.9956755877367099	94.2233437659389	-4.1577920721866294e-05
9547.73869346734	0.9955932833937118	94.21497008876676	-2.9312515600093968e-05
9597.989949748746	0.9955106713573453	94.20214440929968	-4.282556789078565e-05
9648.24120603015	0.9954293761655926	94.18144886058235	-3.05674569057142e-05
9698.492462311557	0.9953495628374986	94.18107369606653	-4.40896079580292e-05
9748.743718592965	0.9952679700783855	94.17741339589416	-3.183534603286545e-05
9798.994974874371	0.9951852564154012	94.15953600871185	-4.5375985929320036e-05
9849.246231155777	0.9951034919512086	94.1489952818018	-3.315137795483793e-05
9899.497487437186	0.9950235402705607	94.13871800413885	-4.667603614010047e-05
9949.748743718592	0.9949427896221487	94.13313966615334	-3.449135033046033e-05
10000.0	0.99486073144561	94.11667542013059	-4.800168046223036e-05
