0.0	0.835581275300575	143.2645407525721	0.0
50.25125628140704	0.8353695510870941	143.2529218380514	1.2791411149070383e-05
100.50251256281408	0.8351580086861561	143.24477341956393	-1.183359521347563e-07
150.7537688442211	0.8349478098771947	143.2444704404121	1.2667091165626717e-05
201.00502512562815	0.8347383371381258	143.22465392090524	-2.2663068467065345e-07
251.25628140703517	0.8345275679387503	143.20779830119733	1.2524336427772407e-05
301.5075376884422	0.8343161086836844	143.2050774109935	-3.37894984061027e-07
351.7587939698492	0.8341053207802258	143.1952136668383	1.2382574180829169e-05
402.0100502512563	0.833896216014329	143.18529185085467	-4.3173221699381386e-07
452.26130653266335	0.8336862793804295	143.17040637603597	1.222868686960979e-05
502.51256281407035	0.8334750295039837	143.16593020479255	-5.362063679004888e-07
552.7638190954774	0.8332639556873378	143.16593944802992	1.208025305846724e-05
603.0150753768844	0.8330546665680106	143.1448009796827	-6.226197628575295e-07
653.2663316582915	0.8328452848093618	143.13148134101826	1.1892528815370088e-05
703.5175879396984	0.8326348521608561	143.12552798819652	-7.20572550967423e-07
753.7688442211057	0.8324236365490942	143.1161689569875	1.1717546525009203e-05
804.0201005025126	0.8322138562157886	143.10529368757585	-8.037955995606145e-07
854.2713567839196	0.832005015604547	143.08757044061903	1.1507957950194613e-05
904.5226130653267	0.8317954335658898	143.08727193452683	-8.935398089535488e-07
954.7738693467336	0.8315842188622226	143.08510158448874	1.1323863327583135e-05
1005.0251256281409	0.8313741411972722	143.0650012437107	-9.810836833506553e-07
1055.2763819095478	0.8311652293890884	143.05454672153667	1.1085661551178436e-05
1105.5276381909546	0.8309562830942628	143.04598419792248	-1.06671243717709e-06
1155.778894472362	0.8307458378591064	143.03863029378607	1.0862978812969806e-05
1206.0301507537688	0.8305353998678026	143.0245126572614	-1.1600244983970315e-06
1256.2814070351762	0.830326142862345	143.00588920745065	1.059658727211595e-05
1306.532663316583	0.8301179771820562	143.00823446948343	-1.240899692938097e-06
1356.78391959799	0.8299081452597801	143.0023453863159	1.0353469274736504e-05
1407.0351758793968	0.8296976318024635	142.98541563481217	-1.343060204682947e-06
1457.2864321608042	0.8294880822215965	142.97602445837782	1.0066904804522769e-05
1507.537688442211	0.8292799412888445	142.9666013814095	-1.4297742144833173e-06
1557.7889447236184	0.8290709615020817	142.96165910212665	9.77793977436494e-06
1608.0402010050252	0.828860964932901	142.9434242227307	-1.5406128652196904e-06
1658.2914572864322	0.8286509075409519	142.92609837787296	9.45593784614999e-06
1708.5427135678392	0.8284426526342431	142.928245386826	-1.6333792871778344e-06
1758.7939698492464	0.828234502852499	142.91894104963302	9.135237555033956e-06
1809.0452261306534	0.8280250443149807	142.90587934510364	-1.7513862445477842e-06
1859.2964824120602	0.8278147968866428	142.895330673642	8.793478612621266e-06
1909.5477386934676	0.8276062613147575	142.8874355467675	-1.862705471868292e-06
1959.7989949748744	0.8273983228500759	142.88420687074566	8.430515922867354e-06
2010.0502512562819	0.8271897081352224	142.86256508605751	-1.9920880585920477e-06
2060.3015075376884	0.8269797990921374	142.84793784120154	8.042308292247034e-06
2110.5527638190956	0.8267706860085663	142.84728418307432	-2.1207128416772276e-06
2160.804020100503	0.8265628621626303	142.8363834279329	7.641111162299335e-06
2211.055276381909	0.826355183511877	142.82580582659128	-2.258668538184696e-06
2261.306532663317	0.8261455631489748	142.81267703282705	7.2236019028380934e-06
2311.557788944723	0.8259362084839817	142.80847942300784	-2.411966997113077e-06
2361.8090452261313	0.8257281608748995	142.80532985877701	6.789355081545114e-06
2412.0603015075376	0.825520820064348	142.78218241514725	-2.570644973692736e-06
2462.3115577889453	0.8253121395672216	142.77052140767702	6.316750441311985e-06
2512.5628140703516	0.8251028370265232	142.76594462493588	-2.7470435887734193e-06
2562.814070351759	0.8248942172515418	142.75554492566545	5.838357553072143e-06
2613.065326633166	0.8246872525036535	142.74459260299108	-2.9239172178129434e-06
2663.316582914573	0.8244794130398575	142.72916884027057	5.325133068663741e-06
2713.56783919598	0.8242702925020506	142.729465448397	-3.1232012670307105e-06
2763.8190954773872	0.8240614006981105	142.7244019305965	4.8168540561191375e-06
2814.0703517587935	0.8238542646334396	142.70225827919663	-3.3342032912986972e-06
2864.321608040201	0.823646980627951	142.69283258394304	4.249786810546158e-06
2914.5728643216075	0.8234386636811271	142.68496039029182	-3.560368843681058e-06
2964.8241206030157	0.8232296100861218	142.67630516532367	3.687534831999113e-06
3015.075376884422	0.8230220025454273	142.66220663799209	-3.802177688209494e-06
3065.3266331658297	0.8228153019645481	142.6462670547979	3.0734062816819825e-06
3115.577889447236	0.8226077897738903	142.64976075390769	-4.0503619589993325e-06
3165.829145728643	0.8223987357190846	142.64147562205983	2.473760538176153e-06
3216.0804020100504	0.8221908257483284	142.62263258480547	-4.334337503592327e-06
3266.331658291458	0.82198406638573	142.61397376425782	1.8145450631261804e-06
3316.5829145728644	0.821777221041503	142.60471779463555	-4.61840539055507e-06
3366.8341708542716	0.8215689048220981	142.59785385879647	1.1513175264636753e-06
3417.0854271356784	0.8213606194644928	142.57932927716107	-4.941400534574521e-06
3467.3366834170856	0.8211535520277531	142.56494452749658	4.4072265090369545e-07
3517.587939698493	0.8209474686601695	142.5687098297681	-5.255128924626762e-06
3567.839195979899	0.8207397685159851	142.55746367838094	-2.712707966603429e-07
3618.090452261307	0.8205313880627427	142.54292507124	-5.619280877227045e-06
3668.341708542713	0.8203240445069977	142.53331362269918	-1.0218255578134387e-06
3718.5929648241213	0.8201180157239153	142.5251786339474	-5.982681170887517e-06
3768.8442211055276	0.8199111508801366	142.51922695109536	-1.7985152437754146e-06
3819.0954773869353	0.8197032632734678	142.49688914913725	-6.390593493974909e-06
3869.3467336683416	0.8194954092140975	142.48521504010026	-2.6084765001811287e-06
3919.597989949749	0.8192892863960349	142.48622803818915	-6.796899649078193e-06
3969.849246231156	0.8190832850424328	142.47373766347857	-3.4409845887505175e-06
4020.1005025125637	0.8188758860295701	142.46244766492168	-7.2434267243090086e-06
4070.35175879397	0.8186678495300119	142.4507745602925	-4.29630385961754e-06
4120.603015075377	0.8184614504337284	142.4460518457695	-7.709095610307162e-06
4170.854271356784	0.8182556635668202	142.43960061791557	-5.185760882856439e-06
4221.105527638191	0.8180491289666446	142.41545514267125	-8.207730756319584e-06
4271.3567839195985	0.8178413949747607	142.40635273330628	-6.11048581131531e-06
4321.608040201006	0.8176344229113203	142.40303291704583	-8.726990798339314e-06
4371.859296482413	0.8174287986176644	142.39132472488959	-7.059269071887783e-06
4422.11055276382	0.8172231550538023	142.3804868140148	-9.269533465514387e-06
4472.361809045227	0.8170157124294564	142.36706501630627	-8.040346486390483e-06
4522.613065326634	0.8168084890257925	142.36683573194617	-9.848039816507384e-06
4572.864321608041	0.8166026544190876	142.35838544748447	-9.039419361290025e-06
4623.115577889448	0.8163973911072561	142.33503019299133	-1.0456365037719978e-05
4673.366834170855	0.8161908535162273	142.3274497444272	-1.0093613775342376e-05
4723.618090452263	0.8159836577624111	142.3202179424849	-1.1094823851563437e-05
4773.86934673367	0.8157772713222854	142.3103577691185	-1.1158396512739078e-05
4824.120603015075	0.8155723884926056	142.29688672380345	-1.175992261022345e-05
4874.371859296482	0.8153667134781337	142.28341982997264	-1.227641151578093e-05
4924.623115577889	0.8151596605061489	142.28677184309547	-1.2453471677380096e-05
4974.874371859296	0.8149530128590027	142.27542047501365	-1.3394730730935211e-05
5025.125628140703	0.8147479773353851	142.25523064227536	-1.3195617236714227e-05
5075.37688442211	0.8145428476748224	142.24776434069034	-1.458023513092339e-05
5125.628140703518	0.8143366010471993	142.23855385695404	-1.39572509416893e-05
5175.879396984925	0.8141297667441697	142.23020349439844	-1.5774207571823748e-05
5226.130653266332	0.8139242787535346	142.21236179748607	-1.4768506204969633e-05
5276.381909547738	0.8137197784894569	142.20087206790987	-1.7026162732174794e-05
5326.633165829146	0.8135142771908891	142.2050747547464	-1.5587657940802804e-05
5376.884422110553	0.813307447163001	142.19121812186086	-1.8284235067688313e-05
5427.13567839196	0.8131016568611552	142.17544140075196	-1.6477408129469485e-05
5477.386934673367	0.8128971058536404	142.16678092344273	-1.9596648690595733e-05
5527.6381909547745	0.8126923145625283	142.1581376402603	-1.7378002915751515e-05
5577.889447236182	0.8124861767704263	142.15002147325376	-2.0936375376559955e-05
5628.140703517589	0.8122799973429791	142.12813802851582	-1.834449343830745e-05
5678.391959798995	0.8120751769598696	142.1196481837312	-2.2319558349530887e-05
5728.643216080402	0.8118711274737181	142.12148927210893	-1.9314255696101718e-05
5778.89447236181	0.8116656175288226	142.10683925015206	-2.3731799021794364e-05
5829.145728643217	0.8114593210467964	142.09483377179478	-2.0354332134777928e-05
5879.396984924624	0.8112542341608244	142.08430070265672	-2.517693742988615e-05
5929.648241206031	0.8110502728860055	142.07853575162036	-2.1417975981888713e-05
5979.899497487439	0.8108455719599038	142.06916835527903	-2.6667635607411332e-05
6030.150753768846	0.8106397550771915	142.04519704838745	-2.2542383077714578e-05
6080.402010050252	0.8104341546749981	142.03920008819912	-2.819270871442922e-05
6130.653266331659	0.8102301209601633	142.03667524936304	-2.3688828854847578e-05
6180.904522613067	0.8100263173417493	142.02327277145966	-2.9758606534887144e-05
6231.155778894474	0.8098209326667799	142.01255465479767	-2.488651945820363e-05
6281.407035175881	0.8096151548789705	142.00066027474466	-3.1355522490436144e-05
6331.658291457286	0.8094108551497713	141.99903244386311	-2.6129835862132554e-05
6381.909547738694	0.8092072670492925	141.9872421214874	-3.29930259853627e-05
6432.160804020101	0.8090027769170306	141.96377848636126	-2.7424307211970307e-05
6482.412060301507	0.8087972587049901	141.95874706018074	-3.46778904751468e-05
6532.663316582914	0.8085923895096189	141.9519378270919	-2.8759754691926628e-05
6582.914572864322	0.808389008509096	141.94080830640064	-3.639336452954746e-05
6633.165829145729	0.8081853669611416	141.9282421353606	-3.013715946696523e-05
6683.417085427136	0.8079801459338707	141.91672094648436	-3.815922406225692e-05
6733.668341708543	0.8077750203569689	141.91872736851673	-3.156405145307079e-05
6783.9195979899505	0.8075714367548094	141.90406635567714	-3.9946231641113226e-05
6834.170854271357	0.807368217699348	141.8834483350537	-3.305142319186959e-05
6884.422110552764	0.8071638607388584	141.87773660090835	-4.179996882592569e-05
6934.673366834171	0.8069587437401161	141.86845257301678	-3.4578074370613936e-05
6984.9246231155785	0.8067546282821576	141.8589759826519	-4.367303296961299e-05
7035.175879396986	0.8065518008611477	141.8424675366723	-3.616231252229448e-05
7085.427135678393	0.806348324552786	141.83337883642767	-4.561056021273059e-05
7135.6783919598	0.8061433112682617	141.8366996737226	-3.777724794629507e-05
7185.929648241207	0.8059389376801909	141.8198450634729	-4.756426760713555e-05
7236.180904522614	0.8057359781773384	141.80341416729965	-3.947632283979267e-05
7286.432160804021	0.8055330385035397	141.7958954840106	-4.9584223688775285e-05
7336.683417085428	0.8053288406734599	141.78663355651747	-4.120257578229892e-05
7386.934673366835	0.8051242539635566	141.77705422734542	-5.1633421487405814e-05
7437.185929648243	0.8049208613673098	141.75656740152576	-4.300896389952506e-05
7487.43718592965	0.8047185870139102	141.75094855700033	-5.373823833380619e-05
7537.688442211057	0.8045150824433113	141.75247022334813	-4.483048740883838e-05
7587.939698492462	0.8043105019824265	141.73523536840483	-5.5878247535887224e-05
7638.190954773869	0.8041068145555571	141.7227134683302	-4.674670843965732e-05
7688.442211055276	0.8039044968445955	141.71311555754392	-5.8064647846721166e-05
7738.693467336683	0.803701740740673	141.70609472492367	-4.869305587025906e-05
7788.94472361809	0.803497804895512	141.69458181418946	-6.0303078110727225e-05
7839.195979899498	0.8032937164802331	141.6718857476584	-5.072393087561762e-05
7889.447236180905	0.8030911630840515	141.66901825148983	-6.258067900429333e-05
7939.698492462312	0.8028891418596316	141.6664829980538	-5.2779202180489375e-05
7989.949748743719	0.8026858388710169	141.6510013339116	-6.491371536285974e-05
8040.201005025126	0.8024816170502956	141.64037121848315	-5.491453365810294e-05
8090.452261306533	0.8022787989613858	141.6295139513344	-6.728123784033577e-05
8140.70351758794	0.8020768944000652	141.6259971583741	-5.7101178778888375e-05
8190.954773869347	0.8018743790611957	141.61143463195813	-6.970903743645184e-05
8241.206030150754	0.8016706273972446	141.58903073453288	-5.936128103156141e-05
8291.457286432162	0.8014672931557031	141.58690733680498	-7.217794148621897e-05
8341.708542713568	0.8012653430806709	141.58004664532405	-6.166855891258457e-05
8391.959798994976	0.8010637426812394	141.56744588227642	-7.470055304611287e-05
8442.211055276382	0.8008603779236564	141.55580016824615	-6.403714806983987e-05
8492.46231155779	0.8006568647025303	141.54555010206673	-7.727030779056361e-05
8542.713567839197	0.8004546638453895	141.5453288918875	-6.64714893638307e-05
8592.964824120603	0.800253286255874	141.52762673724217	-7.988635865095036e-05
8643.216080402011	0.8000508382531919	141.5077083547471	-6.897803177067882e-05
8693.467336683418	0.799847543038026	141.50422253460812	-8.256354123627343e-05
8743.718592964826	0.7996447774202624	141.4946272700844	-7.154069495967514e-05
8793.969849246232	0.7994436387223068	141.48419870966546	-8.527901129788809e-05
8844.22110552764	0.7992420160719241	141.46929793420964	-7.416819633549636e-05
8894.472361809047	0.7990390151983122	141.46182240139493	-8.806186130937488e-05
8944.723618090455	0.798835996123393	141.46307444038993	-7.685056609653644e-05
8994.974874371861	0.7986346596399749	141.4432524945401	-9.087824037215621e-05
9045.226130653267	0.7984334884887648	141.42706590053652	-7.962420260018731e-05
9095.477386934675	0.7982313180235382	141.42098045645105	-9.376760946387048e-05
9145.728643216082	0.7980282910889303	141.4110254211391	-8.24438851871497e-05
9195.97989949749	0.7978264408847913	141.4006115583564	-9.669364129586239e-05
9246.231155778896	0.7976256850241022	141.38209800048662	-8.53507140304018e-05
9296.482412060304	0.7974243933982317	141.37858013161173	-9.968809392901799e-05
9346.73366834171	0.79722144349535	141.37855016051142	-8.829088126642149e-05
9396.984924623117	0.7970193311579095	141.35860489443323	-0.00010272671501923091
9447.236180904525	0.7968184622062707	141.34605802801696	-9.13410456809226e-05
9497.487437185931	0.7966177109756705	141.3373468996277	-0.00010582686770199413
9547.73869346734	0.7964155771439382	141.32907487678074	-9.44310827571859e-05
9597.989949748746	0.796213228014485	141.31634557559997	-0.00010898371810374493
9648.24120603015	0.7960119488475734	141.29574121361807	-9.762212184334242e-05
9698.492462311557	0.7958118779527473	141.29546630197356	-0.00011219140024574902
9748.743718592965	0.7956104078505754	141.29189175760746	-0.00010084338246741578
9798.994974874371	0.7954080583832859	141.2741026022637	-0.0001154673031697027
9849.246231155777	0.7952064986122661	141.2636473526918	-0.00010416943596945773
9899.497487437186	0.7950063968101497	141.25344868180463	-0.00011878756772759413
9949.748743718592	0.7948056942147184	141.24794626699727	-0.00010755001905584274
10000.0	0.7946039496226288	141.231553739899	-0.0001221835350521349
