0.0	0.9045330956544393	91.50586460878476	0.0
50.25125628140704	0.9044639750369319	91.49289476547821	1.2869991361490778e-05
100.50251256281408	0.9043950360003722	91.48340113788231	-4.630045317872842e-08
150.7537688442211	0.9043275240687833	91.48175833573563	1.281574338166146e-05
201.00502512562815	0.9042607923911429	91.4605929254447	-8.495938287649327e-08
251.25628140703517	0.9041926201892674	91.44240183131173	1.2746582833948453e-05
301.5075376884422	0.9041237021103754	91.4383426323579	-1.2031964817884714e-07
351.7587939698492	0.9040554664308267	91.42714349336092	1.2676333161618309e-05
402.0100502512563	0.9039890657044681	91.4158938327376	-1.4476473758344335e-07
452.26130653266335	0.9039217101816426	91.39968201893278	1.2596053683067241e-05
502.51256281407035	0.9038529495607476	91.39388429441924	-1.6942592020977938e-07
552.7638190954774	0.90378431768822	91.3925796307455	1.2516096071345637e-05
603.0150753768844	0.9037176487928531	91.37011706210194	-1.8287352879753484e-07
653.2663316582915	0.9036508096001257	91.35548218636124	1.2412631387826419e-05
703.5175879396984	0.9035828657293044	91.34821775369694	-1.9712614773669734e-07
753.7688442211057	0.9035139933886509	91.33754908384869	1.2312390145513527e-05
804.0201005025126	0.9034467224271068	91.32537374373524	-2.0114911630302076e-07
854.2713567839196	0.9033803851511252	91.30634926875531	1.219252187801879e-05
904.5226130653267	0.9033132949797852	91.3047507535549	-2.0413876477680176e-07
954.7738693467336	0.9032443365963505	91.30129025851745	1.208249232545951e-05
1005.0251256281409	0.9031766728388669	91.27989324424159	-2.0245339363347412e-07
1055.2763819095478	0.9031101727736548	91.2681458897805	1.194264312472079e-05
1105.5276381909546	0.9030437033866991	91.25829922221399	-1.9635597885930628e-07
1155.778894472362	0.9029754940496459	91.24966066119276	1.1807376105180703e-05
1206.0301507537688	0.9029073679625456	91.23426970107535	-1.8948207520115535e-07
1256.2814070351762	0.9028404068620786	91.21437138720489	1.1647741182817248e-05
1306.532663316583	0.9027747161609064	91.21543841374782	-1.7352762309918271e-07
1356.78391959799	0.9027070869220448	91.20828073244735	1.1498177865603275e-05
1407.0351758793968	0.9026388071688574	91.1900826395644	-1.6330850968955093e-07
1457.2864321608042	0.9025714415623433	91.17942355860642	1.1323533164170126e-05
1507.537688442211	0.9025057074678173	91.16874410627388	-1.4284105389931988e-07
1557.7889447236184	0.9024389189981138	91.16254140195169	1.1146304504740055e-05
1608.0402010050252	0.9023711295660662	91.143057000219	-1.2939029054785857e-07
1658.2914572864322	0.9023031245578488	91.124482858034	1.0948606301852407e-05
1708.5427135678392	0.9022371953508967	91.12537607281466	-1.0384860753919847e-07
1758.7939698492464	0.9021712246439421	91.11482428636661	1.0751939225758285e-05
1809.0452261306534	0.9021039486495791	91.10052216315513	-8.662306002203105e-08
1859.2964824120602	0.902035649503272	91.08873126511104	1.0540737890645073e-05
1909.5477386934676	0.9019693426268672	91.07960812502857	-6.249389583301637e-08
1959.7989949748744	0.9019035164882186	91.07514407923989	1.0319098126583111e-05
2010.0502512562819	0.9018370872515712	91.05227403604096	-4.392945581290628e-08
2060.3015075376884	0.9017690697860348	91.03642329229388	1.008054048700262e-05
2110.5527638190956	0.9017020603302618	91.03454336228216	-2.021052265129551e-08
2160.804020100503	0.9016362735001384	91.02241803938968	9.836244353211683e-06
2211.055276381909	0.9015707921940727	91.01062774207655	1.397485928818779e-09
2261.306532663317	0.9015030025379822	90.99628144573187	9.580886823525503e-06
2311.557788944723	0.9014356554364524	90.99088283643246	2.0492660261820707e-08
2361.8090452261313	0.9013695386774884	90.98652464191342	9.317135888939088e-06
2412.0603015075376	0.9013043527621175	90.96217043551408	3.877228196695001e-08
2462.3115577889453	0.9012375023275356	90.94930840241204	9.03157157022398e-06
2512.5628140703516	0.9011701371290056	90.943534211084	5.38804886519647e-08
2562.814070351759	0.9011033095481996	90.93193503761931	8.742615773473991e-06
2613.065326633166	0.9010384604728018	90.9197984460081	7.078222028125097e-08
2663.316582914573	0.9009724426285158	90.90318113124552	8.435525623194748e-06
2713.56783919598	0.9009052005128736	90.90230060309048	8.15823129241999e-08
2763.8190954773872	0.9008379892351733	90.89605570181892	8.130102070155442e-06
2814.0703517587935	0.9007728782878198	90.87272966053311	8.87144948852349e-08
2864.321608040201	0.900707382025211	90.8621248572342	7.7945966983406e-06
2914.5728643216075	0.9006409421305857	90.85308377204926	9.272683216088837e-08
2964.8241206030157	0.9005734674040385	90.84325480060383	7.460312393741237e-06
3015.075376884422	0.9005077650400521	90.82800088490384	9.225979868890237e-08
3065.3266331658297	0.9004428218071183	90.81089263712809	7.100385553985719e-06
3115.577889447236	0.9003771857788588	90.81323034709246	9.208849905730699e-08
3165.829145728643	0.9003096238934767	90.80378956418517	6.747586298173553e-06
3216.0804020100504	0.9002435135897293	90.78379171460132	7.766068655944106e-08
3266.331658291458	0.9001784210661622	90.77397740028897	6.3646463419075605e-06
3316.5829145728644	0.9001134380975753	90.7635807546855	6.581640078677662e-08
3366.8341708542716	0.9000465978636325	90.75556774807681	5.979847384459624e-06
3417.0854271356784	0.8999799982951405	90.73591507659631	3.894404943858221e-08
3467.3366834170856	0.8999144832888922	90.72038860419812	5.570799878943027e-06
3517.587939698493	0.8998502577530606	90.72301917017619	1.92785739546294e-08
3567.839195979899	0.899784006829434	90.71064092576795	5.163086956020228e-06
3618.090452261307	0.8997172238007898	90.69497655532604	-2.1720641536921944e-08
3668.341708542713	0.8996513209032918	90.68423524788415	4.735012829699014e-06
3718.5929648241213	0.8995870771474299	90.67498837154277	-5.986924083826525e-08
3768.8442211055276	0.8995216570078555	90.66791157117284	4.2961391332757006e-06
3819.0954773869353	0.8994553344695991	90.64446948320042	-1.1682347059475112e-07
3869.3467336683416	0.899388786195585	90.63168157977569	3.8391958431468695e-06
3919.597989949749	0.8993243601979944	90.63158411170566	-1.6935978559990713e-07
3969.849246231156	0.8992598031392526	90.6179845168644	3.3744715164160745e-06
4020.1005025125637	0.899193936234523	90.6055975951651	-2.3969930885032853e-07
4070.35175879397	0.899127102072545	90.59282054962523	2.897627852120985e-06
4120.603015075377	0.8990622925895523	90.58701499920785	-3.1570209472961097e-07
4170.854271356784	0.8989978870170482	90.57946383351147	2.40672826507191e-06
4221.105527638191	0.8989328883871847	90.55423500067258	-4.068673909556726e-07
4271.3567839195985	0.8988663011459088	90.54404548027642	1.8977830035146262e-06
4321.608040201006	0.8988007806428261	90.53964292461734	-5.03323042704846e-07
4371.859296482413	0.8987364699298279	90.52684980869489	1.3797786807382575e-06
4422.11055276382	0.8986723692219739	90.51494352349643	-6.105128103772197e-07
4472.361809045227	0.8986060171449959	90.50044239226062	8.469993629259236e-07
4522.613065326634	0.8985401375503683	90.49915760715577	-7.310185123507645e-07
4572.864321608041	0.8984755117763447	90.48963491179929	3.075250190910685e-07
4623.115577889448	0.8984117473004275	90.46521741121089	-8.659474966427653e-07
4673.366834170855	0.8983463062911248	90.4565744511801	-2.5765907961475967e-07
4723.618090452263	0.8982803733153495	90.44828915176682	-1.0113550371771008e-06
4773.86934673367	0.8982150563220925	90.43737020648588	-8.262724247393889e-07
4824.120603015075	0.89815162790776	90.42285981724318	-1.1686666960795184e-06
4874.371859296482	0.8980870526905425	90.4083373997211	-1.4181818722206577e-06
4924.623115577889	0.8980211922138824	90.41065774192842	-1.3366793250027667e-06
4974.874371859296	0.8979555033721505	90.39826262872324	-2.008061488213083e-06
5025.125628140703	0.8978918231291398	90.3770347564811	-1.5274346127249213e-06
5075.37688442211	0.8978277654579813	90.36852995319941	-2.628425804722613e-06
5125.628140703518	0.8977627081377781	90.35829487553818	-1.7253595814447404e-06
5175.879396984925	0.8976967294087498	90.34891212449048	-3.2506569523361126e-06
5226.130653266332	0.897632465502525	90.33006023625234	-1.9452627135082646e-06
5276.381909547738	0.8975690190319857	90.31754008094997	-3.898524749715779e-06
5326.633165829146	0.8975046978379972	90.3207321291636	-2.1671086326354072e-06
5376.884422110553	0.8974386396048786	90.30585925847502	-4.545583668747499e-06
5427.13567839196	0.8973739560943004	90.28907218633333	-2.4217113972125906e-06
5477.386934673367	0.8973103711462815	90.27939862996247	-5.217161809491271e-06
5527.6381909547745	0.8972467472145474	90.26975923611062	-2.6803634615462817e-06
5577.889447236182	0.8971813691807393	90.26063571975317	-5.897931984429491e-06
5628.140703517589	0.8971161687383917	90.23776938244876	-2.9691730252069676e-06
5678.391959798995	0.8970522038750345	90.2282767489881	-6.5981523853462545e-06
5728.643216080402	0.8969893124499122	90.22912853113405	-3.2574389830641403e-06
5778.89447236181	0.8969245445910043	90.21348777462491	-7.3069373246019285e-06
5829.145728643217	0.8968591263204415	90.20050117697456	-3.5791376058751524e-06
5879.396984924624	0.8967947843097221	90.18898199308934	-8.029921052647209e-06
5929.648241206031	0.8967319030347709	90.1822498492304	-3.9103993504401965e-06
5979.899497487439	0.8966679466590186	90.17189932692555	-8.769686866771722e-06
6030.150753768846	0.8966029692675548	90.14696891361497	-4.271165202417916e-06
6080.402010050252	0.8965379765896273	90.13999830014846	-9.524239697318249e-06
6130.653266331659	0.8964749268667863	90.13650856994286	-4.639266053616012e-06
6180.904522613067	0.8964118810016789	90.1221403041539	-1.0292837383135594e-05
6231.155778894474	0.8963472918413182	90.11046997133246	-5.0329263574727345e-06
6281.407035175881	0.8962820197344344	90.09761616807677	-1.1073340733834406e-05
6331.658291457286	0.8962185862579702	90.09505027599054	-5.445840433806125e-06
6381.909547738694	0.8961556972935942	90.08230237086453	-1.1868460229501551e-05
6432.160804020101	0.8960920081234838	90.05790068714482	-5.885087676125066e-06
6482.412060301507	0.8960269404115986	90.05192406435599	-1.268289791031065e-05
6532.663316582914	0.8959627856141732	90.04417760840819	-6.3406278028549965e-06
6582.914572864322	0.895900044616577	90.03210861665055	-1.3507421912799888e-05
6633.165829145729	0.89583720497812	90.01861867027418	-6.817364421231912e-06
6683.417085427136	0.8957723837151853	90.00616303930063	-1.435124430323065e-05
6733.668341708543	0.895707852950137	90.0072588747041	-7.315532696911812e-06
6783.9195979899505	0.8956448058443601	89.9916683947945	-1.5200800175988452e-05
6834.170854271357	0.8955823435693089	89.97013369082667	-7.844294495425424e-06
6884.422110552764	0.8955183980323422	89.96350360591714	-1.607744998138112e-05
6934.673366834171	0.8954537840112172	89.95331131481483	-8.390005625158936e-06
6984.9246231155785	0.8953900651172486	89.94292310185953	-1.6959004474351494e-05
7035.175879396986	0.895327945698963	89.92551960521952	-8.96335886618072e-06
7085.427135678393	0.8952648956320202	89.91552051295436	-1.78659231943214e-05
7135.6783919598	0.8952003031254082	89.9179549698725	-9.550242640983327e-06
7185.929648241207	0.8951362154823783	89.90020046135903	-1.877540093272024e-05
7236.180904522614	0.8950738570146771	89.88287733759063	-1.0178117646078641e-05
7286.432160804021	0.895011321457132	89.87446671457579	-1.9711653634990722e-05
7336.683417085428	0.8949475406408721	89.86432501135086	-1.0818664528146795e-05
7386.934673366835	0.8948831338376338	89.8538616957545	-2.0656285944372283e-05
7437.185929648243	0.894820200648674	89.83250861230214	-1.1497224046771504e-05
7487.43718592965	0.8947583234697233	89.82600471073175	-2.162275135109373e-05
7537.688442211057	0.8946952189208106	89.82666173390372	-1.2182071349639609e-05
7587.939698492462	0.8946307364392745	89.80855585442099	-2.2599221511591037e-05
7638.190954773869	0.8945673808846124	89.79516946466396	-1.2912983864826855e-05
7688.442211055276	0.8945053744807117	89.78470719030109	-2.3593500660977912e-05
7738.693467336683	0.8944430079212204	89.77683459109087	-1.3657953260811345e-05
7788.94472361809	0.8943791601235069	89.76446352502201	-2.460559839024143e-05
7839.195979899498	0.8943152628014743	89.74092848576741	-1.4444233059725948e-05
7889.447236180905	0.894252912863923	89.73720395228088	-2.5632081675903153e-05
7939.698492462312	0.8941912695492443	89.73382609561692	-1.5240154751709544e-05
7989.949748743719	0.894128044191204	89.7175008712626	-2.667746209066436e-05
8040.201005025126	0.8940639017953764	89.70603522590548	-1.6076137127050342e-05
8090.452261306533	0.8940011754054523	89.69434217106298	-2.7734485123956932e-05
8140.70351758794	0.8939395668508601	89.69000216540816	-1.693520730088523e-05
8190.954773869347	0.8938771371893575	89.67460604622231	-2.881316106653868e-05
8241.206030150754	0.8938134216767223	89.65138754405264	-1.7831932994722044e-05
8291.457286432162	0.8937500378663323	89.64843712136378	-2.9906075237000096e-05
8341.708542713568	0.8936882826403861	89.64075847730744	-1.874835787976897e-05
8391.959798994976	0.8936267917278675	89.62734146761561	-3.101780902155743e-05
8442.211055276382	0.893563410251412	89.61488856263928	-1.9696282089608487e-05
8492.46231155779	0.8934997441411646	89.60383043927429	-3.214560149975938e-05
8542.713567839197	0.893437612462526	89.60281513834036	-2.0673745962549754e-05
8592.964824120603	0.8933762888130748	89.58430492848471	-3.3289282242217126e-05
8643.216080402011	0.8933138328729165	89.56359399635929	-2.168855746708693e-05
8693.467336683418	0.8932503272135647	89.55931120927004	-3.4455113913866954e-05
8743.718592964826	0.8931874673715219	89.54892536080584	-2.2728077164838385e-05
8793.969849246232	0.8931263290552087	89.53770919284175	-3.563331888728686e-05
8844.22110552764	0.8930646973349657	89.52202886802411	-2.3799803417423258e-05
8894.472361809047	0.8930014374467545	89.5137708629388	-3.683604316544153e-05
8944.723618090455	0.8929381958706561	89.51425685705232	-2.4896556351691953e-05
8994.974874371861	0.8928767547390328	89.49365490210768	-3.804880922906016e-05
9045.226130653267	0.8928155299677981	89.47669813408471	-2.6038693164505158e-05
9095.477386934675	0.8927531153935612	89.46984472290951	-3.92888941581083e-05
9145.728643216082	0.8926897658479302	89.45912747426163	-2.7202271746972375e-05
9195.97989949749	0.8926276678175921	89.44795578563551	-4.054012501357209e-05
9246.231155778896	0.8925668095980113	89.42869056699848	-2.8407577155029722e-05
9296.482412060304	0.892505295520938	89.42441449451312	-4.181672356988961e-05
9346.73366834171	0.8924419324309169	89.42364388065585	-2.9628087382972838e-05
9396.984924623117	0.8923794579102142	89.40294849923082	-4.31073580924896e-05
9447.236180904525	0.8923183747788562	89.38965657439898	-3.090212951079498e-05
9497.487437185931	0.8922573830503131	89.38020615613279	-4.4420681047651385e-05
9547.73869346734	0.8921948338784365	89.37119971922768	-3.219515851428155e-05
9597.989949748746	0.8921320104302666	89.35774157235684	-4.57533161575407e-05
9648.24120603015	0.8920703687518857	89.33641399204797	-3.353680450149984e-05
9698.492462311557	0.8920100566751773	89.33540613340752	-4.71038924382096e-05
9748.743718592965	0.8919481514469616	89.33111409608048	-3.4891278019212803e-05
9798.994974874371	0.8918852433029144	89.31260484192096	-4.84788564705555e-05
9849.246231155777	0.8918231873211142	89.30143239340477	-3.629718153624418e-05
9899.497487437186	0.891762757721674	89.29052395544366	-4.9868892464902555e-05
9949.748743718592	0.8917016134713017	89.28431452580378	-3.7728019595593e-05
10000.0	0.8916392991454624	89.26721957985087	-5.128677719779052e-05
