0.0	1.3991844076982662	40.684944738391415	0.0
50.25125628140704	1.3991337850670482	40.67929667471313	1.29143816618674e-05
100.50251256281408	1.3990833906068314	40.6771273095751	-1.7373826821139826e-08
150.7537688442211	1.3990351684257842	40.682810807013276	1.28893811152717e-05
201.00502512562815	1.3989880890971198	40.66896089191319	-2.816113309893845e-08
251.25628140703523	1.398938758828849	40.65809449992634	1.2846423967074676e-05
301.5075376884422	1.3988881989251059	40.66135491835053	-3.3016403979348614e-08
351.7587939698492	1.398838683374878	40.65747499893801	1.2805308176486665e-05
402.0100502512563	1.398791918643571	40.65354898157588	-2.968246316288284e-08
452.26130653266335	1.3987436776338666	40.644659041996356	1.2753051371475407e-05
502.51256281407035	1.398693163684423	40.646185174335756	-2.2203548897692422e-08
552.7638190954773	1.3986428610681032	40.65220809583367	1.2702258516933356e-05
603.0150753768844	1.3985954845487172	40.63706161541307	-6.669872496530125e-09
653.2663316582915	1.3985478685015587	40.62974751740912	1.2629542028483497e-05
703.5175879396986	1.398498420776701	40.62980546709986	1.2693169642075979e-08
753.7688442211057	1.398447571893112	40.626457077175004	1.2559189873904893e-05
804.0201005025126	1.3983990670542519	40.621608615562344	4.020863184332259e-08
854.2713567839196	1.398352053763385	40.60990644770641	1.2473121537314832e-05
904.5226130653267	1.3983037301236556	40.61562930629711	7.222734175911342e-08
954.7738693467338	1.3982525739841474	40.61949561618706	1.2394693859962498e-05
1005.0251256281409	1.398203264480215	40.605417508581446	1.0915190494932121e-07
1055.2763819095478	1.3981558254575104	40.600988850109836	1.2291722356466e-05
1105.527638190955	1.3981082663342919	40.598466913464186	1.5192262062418967e-07
1155.778894472362	1.398058094959655	40.597148873390225	1.2191188433270205e-05
1206.0301507537688	1.3980078735266863	40.58908694609039	1.9843589632750104e-07
1256.2814070351758	1.3979595469455013	40.57651238507546	1.2071383672844748e-05
1306.532663316583	1.3979129971471052	40.58489835051961	2.53453388691608e-07
1356.78391959799	1.3978635495036003	40.58506454898604	1.1960912700337565e-05
1407.0351758793972	1.3978128940548824	40.57418884406176	3.079527632378104e-07
1457.2864321608042	1.3977637669193248	40.57084855930658	1.1829053285763597e-05
1507.5376884422114	1.3977169547932402	40.56749678415948	3.7104904120924847e-07
1557.7889447236184	1.397668634317322	40.56861404554069	1.1696378390210923e-05
1608.0402010050252	1.3976185422921326	40.55645799135581	4.333252466919356e-07
1658.2914572864322	1.39756825063965	40.54520911843544	1.1544888972664656e-05
1708.5427135678392	1.3975209415237184	40.55342110925832	5.064015020188503e-07
1758.7939698492464	1.3974737127139456	40.5501897677638	1.1398757586269278e-05
1809.0452261306534	1.397424220739285	40.543212993035226	5.768403176879955e-07
1859.2964824120606	1.3973732987157137	40.53874156244153	1.123800028284371e-05
1909.5477386934676	1.3973252102023375	40.53694942127282	6.547033649813341e-07
1959.7989949748744	1.3972780306873196	40.53980542670118	1.107305434411435e-05
2010.0502512562814	1.397229655756454	40.52426056031974	7.309581501709496e-07
2060.3015075376884	1.397178994597019	40.51573488289631	1.0890497289089303e-05
2110.5527638190956	1.3971296239955373	40.52117622015373	8.155093878655935e-07
2160.804020100503	1.3970823303464843	40.51636934752659	1.0708935162877508e-05
2211.05527638191	1.3970352300376219	40.51190703433142	8.997784951610957e-07
2261.306532663317	1.396984746374766	40.50487987842323	1.0516406924587578e-05
2311.557788944724	1.3969346590553822	40.506814198897494	9.872678892690949e-07
2361.8090452261313	1.3968866789134866	40.5097775723969	1.0321333531085901e-05
2412.0603015075376	1.39683984358414	40.49274539859302	1.074183035538287e-06
2462.3115577889444	1.3967906389929525	40.487205999493774	1.0106685223840811e-05
2512.5628140703516	1.3967403306856352	40.488756632595674	1.1652715493356422e-06
2562.814070351759	1.396691073418219	40.48447581769534	9.892610227445155e-06
2613.065326633166	1.3966445678088717	40.47967034352275	1.2580485763889936e-06
2663.316582914573	1.3965964771985164	40.470370992770405	9.665245045144383e-06
2713.56783919598	1.3965461673980488	40.47682229433027	1.3522545463282096e-06
2763.8190954773872	1.3964961390994737	40.4779008312254	9.441516383406665e-06
2814.0703517587945	1.39644903627745	40.461896122740434	1.4438812198030849e-06
2864.321608040201	1.3964015775909682	40.45861090166671	9.194906407382197e-06
2914.5728643216084	1.3963523195329055	40.45689771794537	1.5386762535278723e-06
2964.8241206030157	1.3963017059495575	40.45438749381983	8.950303257879936e-06
3015.075376884423	1.3962534957710826	40.44646809050019	1.632397913564703e-06
3065.3266331658297	1.3962067173328516	40.43667735011104	8.688390925626482e-06
3115.577889447237	1.396158514751662	40.446343151943516	1.7306581471009444e-06
3165.829145728643	1.396107588710527	40.44422616289564	8.434515379995495e-06
3216.0804020100504	1.3960585558266154	40.43155170922746	1.8208087250101995e-06
3266.331658291457	1.3960113687487339	40.42905536374669	8.158566786228452e-06
3316.5829145728644	1.3959639890584943	40.42598925386147	1.915850185505862e-06
3366.8341708542716	1.3959140036500324	40.4252943230685	7.883303446713324e-06
3417.0854271356784	1.3958640228269412	40.41297794508324	2.0041365082132692e-06
3467.3366834170856	1.3958160028421498	40.404770292050166	7.590300023999574e-06
3517.587939698493	1.3957696087616447	40.41472514750933	2.1009403184354694e-06
3567.8391959799	1.3957203587881168	40.40966891118879	7.303646408033192e-06
3618.090452261307	1.3956699047253645	40.401331202967256	2.185585084369134e-06
3668.341708542714	1.3956211046727043	40.39790798012893	7.00107658196082e-06
3718.5929648241213	1.3955744946600714	40.39599463409375	2.2748948740237845e-06
3768.8442211055285	1.3955263541351972	40.39623447155339	6.695356415115991e-06
3819.0954773869353	1.3954764262923236	40.380127075326904	2.353938559814099e-06
3869.3467336683425	1.395426446149145	40.37466011622866	6.374352364261054e-06
3919.597989949749	1.3953793665023757	40.3818857353709	2.4410480246029504e-06
3969.849246231156	1.3953323852160688	40.375605584137084	6.054942425669977e-06
4020.100502512563	1.3952829772844069	40.370548268494105	2.517147924099893e-06
4070.35175879397	1.3952323738112027	40.36508954335767	5.725663510752766e-06
4120.603015075377	1.3951845129635538	40.366620604805085	2.5939039758795107e-06
4170.854271356784	1.3951375869767326	40.36638565189983	5.392111232682947e-06
4221.105527638191	1.3950893400827367	40.348487083128326	2.6602044864306455e-06
4271.3567839195985	1.3950389390194906	40.34561939907254	5.04376985910933e-06
4321.608040201006	1.394989789733995	40.348541734491064	2.730004178280025e-06
4371.859296482411	1.3949428304125537	40.34306667978742	4.695084402217949e-06
4422.11055276382	1.3948957918012905	40.338492539833304	2.792264093479609e-06
4472.3618090452255	1.394845574610635	40.331308602667775	4.337030215931949e-06
4522.613065326634	1.3947956833235935	40.337361792870965	2.85154297691697e-06
4572.864321608041	1.394748054059863	40.33515691985179	3.979055104172127e-06
4623.115577889446	1.3947013534850747	40.31806524054	2.899407243656799e-06
4673.366834170855	1.3946523683004113	40.31674299182536	3.603498966501281e-06
4723.618090452261	1.3946022103689537	40.315785613410384	2.947162222729394e-06
4773.86934673367	1.394553326586666	40.3121849557986	3.2293182457106244e-06
4824.120603015075	1.3945069646254766	40.30500954213227	2.9872583119943487e-06
4874.371859296482	1.3944591409972946	40.297802299810584	2.8421720939614755e-06
4924.6231155778905	1.394408912794219	40.30745862127648	3.0257340848677294e-06
4974.874371859296	1.3943592692175086	40.30238384402291	2.4607235640522665e-06
5025.125628140705	1.3943123343235386	40.28848003396996	3.0481254484146164e-06
5075.37688442211	1.3942651314748256	40.28729415668893	2.0602015107643913e-06
5125.628140703518	1.394215968066326	40.28438955464846	3.0703916682290217e-06
5175.879396984925	1.3941656911649423	40.282325443794406	1.6618012638261055e-06
5226.130653266332	1.3941176690224035	40.27081130873915	3.079964736831277e-06
5276.38190954774	1.3940712316962627	40.2656053633728	1.2487100204355538e-06
5326.633165829146	1.3940230304250412	40.27612866980062	3.0927613375085244e-06
5376.884422110553	1.3939724461929561	40.26857741713741	8.420893625753475e-07
5427.13567839196	1.3939235919282873	40.259115720693934	3.0841723117952768e-06
5477.386934673367	1.3938767558783498	40.25676046981396	4.2026322447918637e-07
5527.6381909547745	1.3938294575481887	40.2544535650006	3.075873721828429e-06
5577.88944723618	1.3937797448758298	40.252647702594345	-2.477667744060214e-09
5628.140703517589	1.393729908325033	40.23712001109047	3.049503047917842e-06
5678.391959798995	1.393682297730024	40.234942868125785	-4.374555376511347e-07
5728.643216080402	1.3936359581480577	40.24312129519702	3.0285807811368163e-06
5778.89447236181	1.3935870081096104	40.23480142249211	-8.701888073129966e-07
5829.145728643215	1.3935366544586703	40.229142822810665	2.985615264438528e-06
5879.396984924624	1.3934882728232605	40.224942586685394	-1.3115396105459235e-06
5929.6482412060295	1.3934417711879508	40.225545209313836	2.939970292460168e-06
5979.899497487439	1.393393896066569	40.22251047848242	-1.7571618289390166e-06
6030.150753768844	1.393344049321605	40.204916181504316	2.874416665468125e-06
6080.402010050252	1.3932944710366284	40.20526364569375	-2.212372545202554e-06
6130.6532663316575	1.3932475306690022	40.209098615730184	2.810994165078651e-06
6180.904522613067	1.3932008839244048	40.20204984132513	-2.66889603174283e-06
6231.155778894472	1.3931514635734386	40.1977097047269	2.7295619522642155e-06
6281.407035175881	1.3931012645319385	40.19217506031465	-3.1310615348881043e-06
6331.658291457286	1.3930535514895717	40.19694629126832	2.640805109046116e-06
6381.909547738694	1.3930069622129255	40.19151338719473	-3.596264656198392e-06
6432.160804020101	1.3929587642516488	40.17444259845334	2.531904643899246e-06
6482.412060301509	1.3929086955674443	40.17578592387582	-4.07221713123372e-06
6532.663316582914	1.392859686164061	40.17536506019523	2.419982230899829e-06
6582.914572864322	1.392813139685685	40.17061532857256	-4.548693439785195e-06
6633.165829145729	1.3927660869584455	40.164457201847654	2.292944235040797e-06
6683.417085427136	1.392716213673789	40.15931917760911	-5.033232763598872e-06
6733.668341708543	1.392666444978127	40.16775284875113	2.157705538761957e-06
6783.9195979899505	1.3926192352078675	40.15947878993668	-5.515910360037605e-06
6834.170854271357	1.3925725949418208	40.145269897252305	1.9993763975372473e-06
6884.422110552764	1.3925238946344207	40.14596001879487	-6.012240516736259e-06
6934.673366834171	1.3924738224165467	40.143095250676126	1.8359383298141633e-06
6984.9246231155785	1.3924253802271265	40.140027402100436	-6.50690529040323e-06
7035.175879396986	1.3923790995554446	40.129957441333346	1.6547172924972308e-06
7085.427135678391	1.3923316028142814	40.127273385082646	-7.01257868380168e-06
7135.6783919598	1.3922813908360656	40.13704323568603	1.4697786362716033e-06
7185.9296482412055	1.392232186521375	40.12660772846353	-7.513854111974155e-06
7236.180904522614	1.3921853615275732	40.11660807881563	1.2563744044220446e-06
7286.432160804021	1.392138476092302	40.11551736232701	-8.028097934062983e-06
7336.683417085426	1.3920893534891092	40.11270453862287	1.0383586575652678e-06
7386.934673366835	1.3920394636625144	40.10956240099733	-8.541936485446575e-06
7437.185929648241	1.3919915730503625	40.09554445828711	7.967298654619551e-07
7487.43718592965	1.391945522141491	40.0963540995398	-9.065541522262255e-06
7537.688442211055	1.391897279570875	40.104341621281534	5.561277971518643e-07
7587.939698492462	1.3918470823706104	40.09355649371023	-9.587762179675867e-06
7638.1909547738705	1.3917983632954767	40.08749418849742	2.84501103056316e-07
7688.442211055276	1.391751922128966	40.08435242042625	-1.0117841649258115e-05
7738.693467336685	1.3917046563305668	40.08380949942216	6.9159922856527414e-09
7788.94472361809	1.3916552561705755	40.07875861840816	-1.0651792673908136e-05
7839.195979899498	1.391605523599207	40.06255875896665	-2.977988830724329e-07
7889.447236180905	1.3915583581980029	40.06614868772899	-1.1191746843112393e-05
7939.698492462312	1.391512047089695	40.07009652473806	-6.020951752098435e-07
7989.949748743719	1.3914634249676026	40.061092335396474	-1.1735079665811249e-05
8040.201005025127	1.3914131408320354	40.05695241462231	-9.340869395692231e-07
8090.452261306533	1.3913651995162193	40.05258119739508	-1.2281986612547755e-05
8140.70351758794	1.3913187728283407	40.05557208120365	-1.2764298532723606e-06
8190.954773869347	1.3912711982710613	40.047493802255126	-1.28348901418441e-05
8241.206030150754	1.3912214084173842	40.031607660469874	-1.6460398941606742e-06
8291.457286432162	1.3911722536977704	40.03597439367148	-1.3392759098833876e-05
8341.708542713568	1.39112542958358	40.03561887666529	-2.0203446912996192e-06
8391.959798994976	1.3910791251069403	40.02952292728458	-1.3955059368909051e-05
8442.211055276382	1.3910296860197324	40.02439666788461	-2.417045323064986e-06
8492.462311557787	1.3909799010482942	40.02066073443071	-1.4521814285730966e-05
8542.713567839197	1.3909323221978163	40.02697797334573	-2.8269997171939213e-06
8592.964824120603	1.3908860876324776	40.01578396166685	-1.5092121961955877e-05
8643.216080402011	1.390837920157871	40.00240029925242	-3.2650806631986213e-06
8693.467336683418	1.390788193814567	40.00543728640371	-1.567027031649199e-05
8743.718592964822	1.3907393132787211	40.002374371973474	-3.7118317484222033e-06
8793.969849246232	1.3906931763422983	39.99848043793372	-1.6250393669128256e-05
8844.221105527637	1.3906461236780931	39.990126850259	-4.180125669774591e-06
8894.472361809047	1.3905965887902783	39.989189221333866	-1.6838614948897292e-05
8944.723618090451	1.390546945813433	39.99700829195836	-4.6588525588048935e-06
8994.974874371861	1.3905001467060478	39.98372302585428	-1.7427440469320862e-05
9045.226130653267	1.3904535598760526	39.97408863632922	-5.169796202261662e-06
9095.477386934672	1.3904051497799979	39.974556463033664	-1.802632528456755e-05
9145.728643216082	1.3903551708508255	39.97116277184352	-5.689608284898685e-06
9195.979899497486	1.3903071580793882	39.967315464732636	-1.8626409142023535e-05
9246.231155778896	1.3902609745351602	39.95537711991699	-6.235478947049024e-06
9296.4824120603	1.3902137754670754	39.95841825130021	-1.923526950712389e-05
9346.73366834171	1.3901636080637658	39.96497862938006	-6.785679543033626e-06
9396.984924623117	1.390114817849486	39.95160196061835	-1.9846334401410404e-05
9447.236180904521	1.3900681169516784	39.94562999163456	-7.3719004809475365e-06
9497.487437185931	1.390021540590054	39.94350177614147	-2.0465287310450006e-05
9547.738693467336	1.3899724732661431	39.94181889543721	-7.966761926727036e-06
9597.989949748746	1.389922948616883	39.93568639721519	-2.108906949713447e-05
9648.24120603015	1.3898752109126602	39.92168618660973	-8.592328574893232e-06
9698.49246231156	1.3898295022356804	39.9279931821283	-2.171810981481532e-05
9748.743718592965	1.3897812710284687	39.93102774986094	-9.219541204960807e-06
9798.994974874375	1.3897314234231462	39.91983918814002	-2.2354552490672535e-05
9849.246231155777	1.3896828733922384	39.91598673564746	-9.881209538572785e-06
9899.497487437186	1.3896367913028476	39.912402052110735	-2.2994893651784768e-05
9949.748743718596	1.3895895786793837	39.91351572506937	-1.0554471872541849e-05
10000.0	1.3895404652287733	39.903745124072564	-2.3644601168351163e-05
