0.0	1.9016483388584777	135.3716650337042	0.0
50.25125628140704	1.9013450070987474	135.36281661657898	1.2709418797191011e-05
100.50251256281408	1.901042039129559	135.35744144191787	-5.3070802177975415e-08
150.7537688442211	1.900742073474095	135.3599145435925	1.2647379762252987e-05
201.00502512562815	1.9004437147971807	135.34287307949103	-9.823548759083317e-08
251.25628140703523	1.9001423476372399	135.32879744156645	1.2575844513693581e-05
301.5075376884422	1.899839367480258	135.32885694834152	-1.40867601758786e-07
351.7587939698493	1.899537853579564	135.32177604507683	1.24987140678063e-05
402.0100502512563	1.8992401323562573	135.31463994905104	-1.7195848813768955e-07
452.26130653266335	1.8989404523733053	135.30254239503225	1.2413902183062177e-05
502.51256281407046	1.898637747252477	135.30085621811455	-2.0445683822968946e-07
552.7638190954775	1.898335373670893	135.30365931646122	1.2325869420653951e-05
603.0150753768844	1.8980370324139095	135.28531297351395	-2.2472172660752306e-07
653.2663316582915	1.897738408267351	135.27478967040273	1.221905800774704e-05
703.5175879396986	1.8974373621513305	135.27163439245527	-2.4718781290599717e-07
753.7688442211057	1.8971344565009018	135.26507594715702	1.2112598198286941e-05
804.0201005025126	1.8968347954506664	135.25700422090054	-2.58796598515789e-07
854.2713567839196	1.8965371960665705	135.2420864727719	1.1987953865241265e-05
904.5226130653267	1.8962378859984752	135.2445942387191	-2.7064009306013004e-07
954.7738693467338	1.8959347730552412	135.2452350290391	1.1869350966723965e-05
1005.0251256281409	1.8956342322760322	135.22794457361798	-2.771577378144442e-07
1055.2763819095478	1.895336262730086	135.22030333036304	1.1724585896285201e-05
1105.527638190955	1.8950381999717116	135.21455652924584	-2.8009463555261133e-07
1155.778894472362	1.8947366308491218	135.2100208017818	1.1582522164721452e-05
1206.0301507537688	1.8944350661134266	135.19872433742933	-2.825356218038267e-07
1256.2814070351758	1.8941361012371996	135.1829242939727	1.1417883751225145e-05
1306.532663316583	1.8938396161957025	135.1880922250758	-2.766701777573835e-07
1356.78391959799	1.8935392361467065	135.18503105393643	1.1258677497988737e-05
1407.0351758793972	1.8932372958344355	135.1709292143684	-2.766697093135063e-07
1457.2864321608042	1.892937454359925	135.16436892637014	1.1077540862408978e-05
1507.5376884422114	1.8926408240307704	135.15777946248056	-2.6662159048400663e-07
1557.7889447236184	1.8923421782742136	135.15567281267803	1.0891511696762432e-05
1608.0402010050252	1.8920412129887607	135.14027606624327	-2.642908275368735e-07
1658.2914572864322	1.8917400033929723	135.12579160898267	1.0688283045298803e-05
1708.5427135678392	1.8914429104190924	135.13077841383952	-2.5087555295714807e-07
1758.7939698492464	1.8911459493872236	135.12431868170856	1.048049752456662e-05
1809.0452261306534	1.890846007966146	135.1141028689613	-2.4589662447117513e-07
1859.2964824120606	1.8905441542721586	135.10640290957653	1.0261078106733433e-05
1909.5477386934676	1.890246217151776	135.10135947367363	-2.3469699415624084e-07
1959.7989949748744	1.8899495297289097	135.10098412974827	1.002787040989402e-05
2010.0502512562814	1.8896513104140171	135.08219686783318	-2.2887252880726853e-07
2060.3015075376884	1.889350018456627	135.07042859592755	9.782156502302644e-06
2110.5527638190956	1.8890505586216537	135.07263268724157	-2.20131793046982e-07
2160.804020100503	1.8887539237375102	135.06459367052227	9.52525452432915e-06
2211.05527638191	1.8884576378845481	135.05687995557207	-2.1285735577769663e-07
2261.306532663317	1.8881567948005744	135.04661747664736	9.259380135110756e-06
2311.557788944724	1.8878565777138825	135.04528936245623	-2.1004770331206087e-07
2361.8090452261313	1.8875592220629607	135.04501128108703	8.981242739044356e-06
2412.0603015075376	1.8872635040954282	135.02473485625706	-2.0652853978412329e-07
2462.3115577889444	1.8869645976052416	135.0159498906532	8.685436397569244e-06
2512.5628140703516	1.8866642936687328	135.01424919596914	-2.094366679222631e-07
2562.814070351759	1.8863654205771088	135.00672893281163	8.38223077362699e-06
2613.065326633166	1.8860703573176143	134.99865873359462	-2.0957609279426268e-07
2663.316582914573	1.8857731629350658	134.98611869819177	8.061790044005964e-06
2713.56783919598	1.8854730687131762	134.98930191730423	-2.1855756869732896e-07
2763.8190954773872	1.8851733628177847	134.9871281733701	7.739114526062636e-06
2814.0703517587945	1.884877702746153	134.96787278962526	-2.2930671454102734e-07
2864.321608040201	1.884581568613142	134.96134012500158	7.389353964855079e-06
2914.5728643216084	1.8842831050209308	134.95636231732163	-2.4614024613211194e-07
2964.8241206030157	1.8839828179910003	134.95060442102906	7.0382622314936516e-06
3015.075376884423	1.8836858736457267	134.93940643402271	-2.6717449801513054e-07
3065.3266331658297	1.8833908640460357	134.92636821613308	6.662044773318383e-06
3115.577889447237	1.883094034654434	134.93276507618822	-2.905684461820073e-07
3165.829145728643	1.8827935352507021	134.92738763961472	6.288630727335541e-06
3216.0804020100504	1.882495691598427	134.91145096023212	-3.270217359440707e-07
3266.331658291457	1.8822003377183252	134.9057026083984	5.887279311837437e-06
3316.5829145728644	1.881904827585796	134.8993592893665	-3.627892441064269e-07
3366.8341708542716	1.8816058051087994	134.89541037664594	5.481684398560339e-06
3417.0854271356784	1.881306894412153	134.8798044277355	-4.140722208713941e-07
3467.3366834170856	1.881010625109335	134.86833919372614	5.053341269719178e-06
3517.587939698493	1.8807166521211491	134.875024327883	-4.6080312773642104e-07
3567.8391959799	1.8804188291072577	134.8667032551526	4.621053590019031e-06
3618.090452261307	1.8801194918452622	134.85508953175568	-5.282942459720561e-07
3668.341708542714	1.8798223792371107	134.84840648756492	4.170421586307806e-06
3718.5929648241213	1.8795283240608982	134.84320260209324	-5.944766205077189e-07
3768.8442211055285	1.8792322032222755	134.84018351975138	3.7057044831370654e-06
3819.0954773869353	1.8789337853664332	134.82078164877518	-6.795081213103898e-07
3869.3467336683425	1.8786352921218927	134.81204548461702	3.225749622425322e-06
3919.597989949749	1.8783408133560584	134.81599579596983	-7.63692637779379e-07
3969.849246231156	1.8780464602711862	134.80644771074788	2.732300509149643e-06
4020.100502512563	1.877748952583509	134.79810116102453	-8.649067654840357e-07
4070.35175879397	1.877449829350706	134.78937444956844	2.228312305794125e-06
4120.603015075377	1.8771545082009018	134.7876014249229	-9.742254746531062e-07
4170.854271356784	1.876860436555313	134.78410070541682	1.7062887530226018e-06
4221.105527638191	1.876564700461437	134.76290781983698	-1.0972466862024114e-06
4271.3567839195985	1.8762660585959816	134.7567615468644	1.1692692483096702e-06
4321.608040201006	1.8759692139619857	134.75639741608504	-1.230333036020534e-06
4371.859296482413	1.8756753044749483	134.7476490822482	6.184093720896136e-07
4422.11055276382	1.8753814017622283	134.73977319913922	-1.3730128075093715e-06
4472.361809045227	1.8750832163024744	134.72931544404645	5.3212721914621175e-08
4522.613065326634	1.8747855839690715	134.73205411996	-1.5326439109027207e-06
4572.864321608041	1.8744909811815789	134.72657281532616	-5.225790917636484e-07
4623.115577889448	1.874197740947973	134.706186917444	-1.704123065120942e-06
4673.366834170855	1.873901419846838	134.70158036360468	-1.1220632695568804e-06
4723.618090452263	1.873603639171953	134.69732302248678	-1.8910123187636707e-06
4773.86934673367	1.8733075588943136	134.69044076820586	-1.7281523045275595e-06
4824.120603015075	1.873014981181233	134.67995051202655	-2.0890888486174627e-06
4874.371859296482	1.8727204283745038	134.66946510292135	-2.3580901596523872e-06
4924.623115577889	1.8724227632516972	134.67580262318	-2.3019737341801757e-06
4974.874371859296	1.8721258712204913	134.66743894650332	-2.9897940555779385e-06
5025.125628140703	1.8718327318316301	134.65023605896153	-2.535234957589529e-06
5075.37688442211	1.8715392201613559	134.64576131368858	-3.6510389972595912e-06
5125.628140703518	1.8712431936556428	134.63954402286006	-2.779489296567439e-06
5175.879396984925	1.8709456607321875	134.6341897699889	-4.316570678753283e-06
5226.130653266332	1.8706512702220868	134.61934769995412	-3.0459223268714777e-06
5276.381909547738	1.870358993016203	134.6108572154497	-5.008050781679847e-06
5326.633165829146	1.8700644659206547	134.61806239910013	-3.3184490792715504e-06
5376.884422110553	1.8697667302983083	134.6072118523727	-5.703136994639783e-06
5427.13567839196	1.8694714318555705	134.59444059271243	-3.6222540207995835e-06
5477.386934673367	1.8691788271641916	134.58878967028272	-6.422061054806265e-06
5527.6381909547745	1.8688857187404126	134.58315826786412	-3.932861118282474e-06
5577.889447236182	1.8685893612027225	134.57805616041887	-7.15317924609169e-06
5628.140703517589	1.868292954523711	134.55919077492555	-4.273928406062763e-06
5678.391959798995	1.8679995192309966	134.55371858968408	-7.902881646677099e-06
5728.643216080402	1.8677079028078512	134.55857931641833	-4.619196108842879e-06
5778.89447236181	1.8674127765054247	134.54695327579836	-8.666354966640543e-06
5829.145728643217	1.8671158858402823	134.53797224649313	-4.9968331375521964e-06
5879.396984924624	1.866821625600585	134.53046705905328	-9.443358089822544e-06
5929.648241206031	1.8665299986985184	134.52773286367437	-5.386974994112801e-06
5979.899497487439	1.8662365209537113	134.52139733428544	-1.0240996952910297e-05
6030.150753768846	1.8659405178863673	134.5004617305359	-5.80565571172682e-06
6080.402010050252	1.8656448640627208	134.4975012821913	-1.105191564989441e-05
6130.653266331659	1.8653528562603905	134.4980139982705	-6.237588638012602e-06
6180.904522613067	1.8650612311224977	134.48765327760387	-1.188185680645882e-05
6231.155778894474	1.8647660071516863	134.4799786111152	-6.693894763151056e-06
6281.407035175881	1.8644697320068102	134.47113032811927	-1.2723762899219504e-05
6331.658291457286	1.8641768967389087	134.47255228726547	-7.173550073106692e-06
6381.909547738694	1.8638855562710552	134.4638119501958	-1.3584145861050601e-05
6432.160804020101	1.8635921754243066	134.4434010893515	-7.676999398462081e-06
6482.412060301507	1.8632962845573802	134.44142495640634	-1.4463062442989022e-05
6532.663316582914	1.8630019223453103	134.43767198449842	-8.203236815347637e-06
6582.914572864322	1.862710846809584	134.4296023783894	-1.5355687835455623e-05
6633.165829145729	1.8624192041473604	134.42009860573077	-8.74972900284414e-06
6683.417085427136	1.8621237845671188	134.41164130346877	-1.6268918459697803e-05
6733.668341708543	1.8618286146712886	134.4167162797661	-9.322669022580162e-06
6783.9195979899505	1.8615368603218028	134.4051239276245	-1.7191188580633916e-05
6834.170854271357	1.8612459750169397	134.3875759269492	-9.923204838041153e-06
6884.422110552764	1.8609523327947692	134.3849379494686	-1.8141037673881557e-05
6934.673366834171	1.860656964959865	134.37872921814613	-1.0546356883916481e-05
6984.9246231155785	1.860363772479356	134.37233115516034	-1.9098240030679576e-05
7035.175879396986	1.8600735731029878	134.3589041419616	-1.1197117750630364e-05
7085.427135678393	1.8597817477014562	134.35289692112735	-2.0082673042651724e-05
7135.6783919598	1.8594864008860827	134.35930441733095	-1.1866703094569898e-05
7185.929648241207	1.8591923997999977	134.34553742082187	-2.107295887172788e-05
7236.180904522614	1.8589016788936517	134.33219463357557	-1.2575034185377074e-05
7286.432160804021	1.8586108782897204	134.32776807536177	-2.2091030403009587e-05
7336.683417085428	1.8583171929982398	134.32160042659552	-1.3300239228425646e-05
7386.934673366835	1.8580224867355521	134.31511829143258	-2.3120044776457474e-05
7437.185929648243	1.8577305492105736	134.29773195316938	-1.4064008857312639e-05
7487.43718592965	1.8574410703782656	134.29521255259687	-2.4172110415734666e-05
7537.688442211057	1.8571487658339543	134.29983847216562	-1.4839736754480398e-05
7587.939698492462	1.8568538598252313	134.28570998638884	-2.5238218288287976e-05
7638.190954773869	1.8565610230153142	134.27629516417505	-1.5660135068239148e-05
7688.442211055276	1.8562712316284546	134.2698079743108	-2.63228829180742e-05
7738.693467336683	1.855980435561674	134.26590038982044	-1.6498204531709593e-05
7788.94472361809	1.8556868027583469	134.25750299279667	-2.7428828625650746e-05
7839.195979899498	1.855392820961945	134.2379261379943	-1.7377379362778926e-05
7889.447236180905	1.855102272345629	134.23817678441247	-2.8549546181428807e-05
7939.698492462312	1.8548129538421914	134.23876346646674	-1.8272863247251893e-05
7989.949748743719	1.8545205680697812	134.22640661842473	-2.9693624551819755e-05
8040.201005025126	1.8542260578885155	134.21890291938692	-1.9207272217864126e-05
8090.452261306533	1.8539346840908655	134.21117514022964	-3.0850171305945995e-05
8140.70351758794	1.8536454160936604	134.2107908164971	-2.016912411523795e-05
8190.954773869347	1.8533546354049006	134.19936184331698	-3.203212586199708e-05
8241.206030150754	1.8530609902135744	134.18009527191333	-2.1166769369322395e-05
8291.457286432162	1.852768209828003	134.1811092953691	-3.3228989046378394e-05
8341.708542713568	1.8524786170046146	134.17738881517133	-2.219165452601204e-05
8391.959798994976	1.852189736259475	134.16793135634111	-3.444839745391083e-05
8442.211055276382	1.8518967643464275	134.1594312907695	-2.3247103958821792e-05
8492.46231155779	1.8516033551112767	134.1523292593611	-3.568570932652504e-05
8542.713567839197	1.851312962181309	134.15525998932307	-2.4337555430010136e-05
8592.964824120603	1.8510243828730055	134.14070960350045	-3.6941934501238034e-05
8643.216080402011	1.850733308790613	134.12394625111224	-2.5462442928742492e-05
8693.467336683418	1.8504401880642787	134.12361722089628	-3.822224960273247e-05
8743.718592964826	1.8501482683847579	134.11718107435928	-2.6619208713948492e-05
8793.969849246232	1.8498600271718393	134.10991472886252	-3.951742542715235e-05
8844.22110552764	1.8495706406581878	134.09817865968674	-2.7808054787007385e-05
8894.472361809047	1.8492779851262702	134.0938692553556	-4.0840088737157185e-05
8944.723618090455	1.8489852570284764	134.09829254035017	-2.9027936972222833e-05
8994.974874371861	1.8486963437604444	134.08164109484736	-4.21751029467597e-05
9045.226130653267	1.8484077807270933	134.06862745166882	-3.029064156008631e-05
9095.477386934675	1.8481168305482125	134.0657179387121	-4.3540271131743765e-05
9145.728643216082	1.847823861670945	134.05894121239135	-3.158045455560322e-05
9195.97989949749	1.8475335444835788	134.05170885748538	-4.491870273055454e-05
9246.231155778896	1.8472457210347542	134.03637908866662	-3.291280051503931e-05
9296.482412060304	1.8469565893558704	134.03604524255	-4.632559608653165e-05
9346.73366834171	1.8466635759621983	134.03920524966097	-3.426662236541307e-05
9396.984924623117	1.8463724356531648	134.02244960778242	-4.774908386884444e-05
9447.236180904525	1.8460841286269705	134.01309436397364	-3.567243776549889e-05
9497.487437185931	1.8457960328262124	134.007578198736	-4.9197867803497746e-05
9547.73869346734	1.8455046856363844	134.00250365414186	-3.7101690027392446e-05
9597.989949748746	1.8452127804151024	133.9929750566459	-5.066882406627197e-05
9648.24120603015	1.8449233009393966	133.97557368674305	-3.858024526970267e-05
9698.492462311557	1.8446365651615653	133.9785010532861	-5.21601713967005e-05
9748.743718592965	1.8443465325295387	133.97813468822235	-4.0078631435158695e-05
9798.994974874371	1.8440544092954785	133.96355434235642	-5.3679207458282784e-05
9849.246231155777	1.8437640562231317	133.9563100848893	-4.162753870002542e-05
9899.497487437186	1.8434770331980868	133.9493255501894	-5.521539057761394e-05
9949.748743718592	1.8431885559970302	133.94703983093768	-4.3205961772656745e-05
10000.0	1.842897616954396	133.93386665417842	-5.67829115925414e-05
