0.0	0.48660858518011657	100.9704879063368	-94.52046620861371
25125.628140703517	0.4821281478819083	100.18036554769682	-26.836900193630704
50251.25628140703	0.4790629456281969	99.35752910341418	-153.5761012328095
75376.88442211055	0.4770690260573896	98.40321386897443	-119.21488648819951
100502.51256281407	0.4739336956995353	97.58413997890753	70.77971087214009
125628.1407035176	0.471677114944001	96.63103388670717	52.08567849525622
150753.7688442211	0.46987338204722473	95.87985851238719	-177.5884262762905
175879.39698492462	0.4677338848665976	94.82773518336829	92.00496030772003
201005.02512562813	0.46562155195821503	94.00465007344403	141.81989259006934
226130.65326633168	0.4619500888075818	92.98977288773352	-32.96618177646488
251256.28140703513	0.4596377122082157	92.10374893317956	-82.12840227891016
276381.9095477387	0.45880820319316923	90.8958703638245	-22.152542465665267
301507.5376884422	0.45770575963809057	90.64949046979385	167.20084106041813
326633.1658291457	0.4554998270525493	89.33277652749987	161.8319429234586
351758.7939698493	0.4548702326867361	88.92462880451264	-26.92603280445414
376884.4221105527	0.45286726870184707	87.98022565864952	-84.26457453894893
402010.05025125627	0.45084540320635974	87.24505579347297	-13.844794716446716
427135.6783919598	0.45001675478066255	86.32170012139326	-141.65462833734966
452261.30653266335	0.44899367395268386	85.66003474351211	-101.73624986853488
477386.9346733669	0.4476288220700304	84.66593161351175	68.89584083716922
502512.56281407026	0.4462519956003659	83.78144392072755	-20.13782175821094
527638.1909547738	0.4450904380537125	82.91688171389428	24.203963613757296
552763.8190954772	0.444942010733235	81.98537280010599	-172.27489324289203
577889.4472361809	0.4461570239600771	81.04425843914059	117.70437904404432
603015.0753768843	0.44568100793523396	80.1512857185719	174.92323847057455
628140.703517588	0.4442421511961682	79.49711915985512	0.2906337013259353
653266.3316582914	0.44271532447226886	78.52373734570837	-43.84587261281445
678391.9597989948	0.44478053669358614	77.64436918829223	44.766007427532024
703517.5879396984	0.444769090978785	76.75464318105709	-90.74376541321662
728643.216080402	0.442555124581593	75.9375204851696	-87.9688263946311
753768.8442211054	0.44337497374166285	75.17835039185452	56.348124425609754
778894.4723618089	0.4433770502674818	74.2993173720289	-14.47619814507383
804020.1005025125	0.44495573591990206	73.396559138779	63.37090795211492
829145.728643216	0.4445318838003485	72.56817915532314	-66.51266977042076
854271.3567839196	0.4451341267489864	71.77525931835402	-40.149518022589206
879396.984924623	0.4448914212350262	71.01346228154294	146.4007470734361
904522.6130653265	0.44675912393091705	70.11651868003517	137.47022639183186
929648.2412060301	0.4470649526169174	69.51590130796522	-62.305026813512384
954773.8693467336	0.4485245046467086	68.54544154065543	-88.83996038601408
979899.4974874371	0.4488329971142297	67.9687897425259	62.60943534207254
1005025.1256281405	0.44839672838081457	67.06017300294663	36.753473706527636
1030150.7537688442	0.45066140078968564	66.23934036734116	-161.70529768593968
1055276.3819095476	0.4509812927976044	65.50128822585586	-167.94102581731582
1080402.0100502511	0.45383096593055616	64.74821980447419	22.56517000093772
1105527.638190955	0.4545396164197379	64.04450274126904	54.99328869775026
1130653.2663316582	0.4538375070215263	63.3317153158042	-65.95997858450266
1155778.8944723618	0.45764759292240187	62.57737205351965	24.516866239855442
1180904.5226130656	0.45775995714848666	61.97896622182114	-28.722001185654225
1206030.150753769	0.46017971839323496	61.19062943113696	139.26319794217792
1231155.7788944724	0.4597577789574842	60.495667459602814	173.077666874724
1256281.407035176	0.46099624902651193	59.85291235054157	77.55957622484436
1281407.0351758793	0.46355507875076557	59.123424170310855	-142.84011200387388
1306532.6633165828	0.46504436161209467	58.51730193105652	-123.02347488395169
1331658.2914572866	0.4669909883739854	57.98689307116806	141.03677915056124
1356783.91959799	0.47007569158251017	57.171995005456225	-65.93806605702417
1381909.5477386934	0.471122563008614	56.549451196684885	-19.47498219951067
1407035.1758793972	0.47276752460020216	55.95206008355427	-75.32478302871235
1432160.8040201007	0.47484277958194787	55.26297209029116	130.90886811602792
1457286.432160804	0.47558269454273727	54.86978360101643	-116.7555513092215
1482412.0603015076	0.47717284052741943	54.1541056980594	-94.01770740245797
1507537.688442211	0.4797035615440415	53.46745715173415	-157.48239457053805
1532663.3165829144	0.4819113605852426	53.013042684419055	57.5134790274687
1557788.9447236182	0.485101335769531	52.31730893247026	-165.84631347462204
1582914.5728643218	0.4847520769721663	51.790876634089905	-103.60094918939711
1608040.201005025	0.48701946266039065	51.33569102378877	-112.29554274122314
1633165.8291457286	0.4905364608974009	50.63903076218507	171.43182903379085
1658291.4572864324	0.4925110146936642	50.101933985434876	31.044823364901873
1683417.0854271357	0.4940727919487565	49.59887058309432	-169.87845397723123
1708542.7135678392	0.4955703746593906	49.126679667201564	-68.67467660638107
1733668.3417085425	0.49890657953742723	48.5205712905307	-21.62989189558069
1758793.969849246	0.5025844532895599	48.07946774697374	-11.27221724425686
1783919.5979899499	0.5042250392215027	47.5489370259111	-39.26572558667865
1809045.2261306534	0.5074947070102988	47.06992342608697	-112.98198354068484
1834170.8542713567	0.5071042403458609	46.62730683951032	130.33737194697423
1859296.4824120603	0.5092064720306977	46.12929470113261	-26.97989197711667
1884422.110552764	0.5122006377306568	45.74574493645957	137.54489433509625
1909547.7386934676	0.5162870141739816	45.16224380097327	-93.2657578903374
1934673.3668341709	0.5163087279373865	44.760568715424895	2.671469784856278
1959798.9949748742	0.5188895289507454	44.35253288634596	67.40992127963489
1984924.6231155777	0.5218581237096823	43.869325959312185	103.37384327772737
2010050.2512562815	0.5249115588321184	43.41694365685526	112.60875155812914
2035175.879396985	0.5266223528322835	43.05832217752187	96.96536154679713
2060301.5075376884	0.5277905723308536	42.55132920505265	58.67152493152364
2085427.135678392	0.5305668953625045	42.18057399150796	-0.49430023090694597
2110552.763819095	0.5340775090088755	41.73765975154956	-79.3394200110121
2135678.391959799	0.5358577855876688	41.39704183957441	-175.27291547866022
2160804.0201005023	0.538973645055804	40.87554849135058	72.6877933865877
2185929.648241206	0.5414670253633603	40.48577778920548	-53.5247780922363
2211055.27638191	0.5444562085013139	40.13902879839057	167.57639440706615
2236180.9045226136	0.5449827272913136	39.88824465665562	17.066653122999572
2261306.5326633165	0.5488898361353678	39.41388037085203	-143.3400529610667
2286432.16080402	0.5507806210899023	39.00932300180865	47.65404589941161
2311557.7889447236	0.5533235819086427	38.697242540375896	-128.6381379055341
2336683.4170854273	0.555519211711312	38.29857310697026	48.88573043017507
2361809.045226131	0.5567244169040336	37.93659456122722	-138.7790437911295
2386934.6733668344	0.5607226175536905	37.63824356248753	29.821045400383838
2412060.301507538	0.5632384988927354	37.192388004368965	-164.43194362442588
2437185.929648241	0.5642319578228722	36.93932395978933	-0.6698502523073483
2462311.557788945	0.5685970528530618	36.544667220256784	162.336608884024
2487437.185929648	0.5696778510242393	36.24923496147661	-34.44767817080025
2512562.814070352	0.5735227825961137	35.86558555589959	129.5918174239974
2537688.4422110557	0.5738119267334024	35.660101076522245	-64.40371835702962
2562814.0703517585	0.5780301534072108	35.24920734220462	103.99443284525088
2587939.6984924623	0.5799478162331932	34.99221933910695	-84.22026381758096
2613065.3266331656	0.5807395952801045	34.703655153275214	91.90478343246507
2638190.9547738694	0.5839929251344553	34.389996249618335	-87.36432777108253
2663316.582914573	0.5869535731014955	34.10753035002804	98.89012157389396
2688442.211055277	0.5881761065096021	33.85133375455606	-68.86338508474235
2713567.83919598	0.5901222231059196	33.49165726249071	130.09925942496187
2738693.467336684	0.5953550029699979	33.188466444965805	-23.733809068172704
2763819.095477387	0.597416474632125	32.87519014990038	-169.83791579962985
2788944.7236180906	0.5998424016787428	32.61006565500133	52.39151090009197
2814070.3517587944	0.5998908617929214	32.44634004828307	-76.56289515236391
2839195.9798994977	0.6045589428728695	32.05814959749517	163.71717472221846
2864321.6080402015	0.6046095162114332	31.88051473836204	53.66122975821165
2889447.2361809043	0.6068040810587091	31.58849196395238	-46.27318865867303
2914572.864321608	0.6112619797892268	31.27453116265106	-135.7147804641143
2939698.4924623114	0.6145008178959769	30.99818447360024	145.54418291478538
2964824.120603015	0.6146265808357501	30.862632082632015	78.06793331598854
2989949.748743719	0.6160814220447004	30.566726380218874	22.12143193603016
3015075.376884422	0.6190473424519534	30.385434050050563	-22.17703452996214
3040201.0050251256	0.6210292749555524	30.076177756199257	-54.10748511425035
3065326.633165829	0.6262551708236904	29.78076756332086	-73.7395512313542
3090452.2613065327	0.6285388619560576	29.583968685435035	-80.84574833967567
3115577.8894472364	0.6273356248346496	29.37654584029592	-74.97564545120224
3140703.51758794	0.6325378402054737	29.141198435217554	-55.90384348923824
3165829.1457286435	0.6331105585947006	28.97131182577918	-23.61468632907837
3190954.7738693473	0.6347559494817163	28.754187270602696	22.156310130991255
3216080.40201005	0.638788669340572	28.466512480761835	81.47036329657955
3241206.030150754	0.6422671366878504	28.191536526695387	154.94420820923665
3266331.658291457	0.6417411374811616	28.060044416326175	-117.62407089213309
3291457.286432161	0.6435026750920321	27.822993048566836	-16.026130721657797
3316582.914572865	0.6454616319897766	27.671660094981267	99.80466360740174
3341708.5427135676	0.6501162738741091	27.407955745774082	-129.82756396118853
3366834.1708542714	0.6533126865975709	27.182978623200633	14.923850551596567
3391959.7989949747	0.6555723453102988	26.96517821438448	174.5327025495166
3417085.4271356785	0.656289525138231	26.809115679087956	-11.108534144540673
3442211.0552763822	0.6587809853397878	26.596559744202498	177.79315294981637
3467336.683417085	0.6603459944812088	26.387405793814747	21.89647469238552
3492462.3115577884	0.664271964247208	26.17753017024913	-119.08023982630459
3517587.939698492	0.6654501016627238	25.986606006843765	114.8568649008613
3542713.567839196	0.6686286125144629	25.804984343175644	4.056021397101792
3567839.1959798997	0.6710277334099307	25.6099710631698	-91.65150545723547
3592964.824120603	0.669407666274623	25.49890806899584	-171.98686853580585
3618090.452261307	0.672001253723061	25.28594376554884	122.56884098621106
3643216.0804020106	0.6748535924175243	25.08608982162296	72.92279091654112
3668341.7085427134	0.677107978330884	24.92801135847339	38.186239561545946
3693467.336683417	0.6774157570171976	24.79202964644274	19.21434918914972
3718592.9648241205	0.6816557122852669	24.589323725292108	15.419756112773577
3743718.5929648243	0.6829027616570406	24.45545126446672	27.019785823131315
3768844.221105528	0.6855321792522887	24.25381997323982	54.00599804628639
3793969.849246231	0.6859137849560373	24.12267048450342	96.09776057077417
3819095.477386934	0.6910781203810799	23.894778703885265	153.72387627040618
3844221.105527638	0.6896423224371016	23.80836744853102	-133.18848175674344
3869346.7336683418	0.6944422161643985	23.59283169137391	-44.71131919041174
3894472.3618090455	0.6949378744854452	23.43927150545921	58.839477939525814
3919597.9899497484	0.695761663450144	23.27513928424883	177.86191606127872
3944723.6180904517	0.7018542760877188	23.085314530651974	-48.06757223275362
3969849.2462311555	0.6998728212016893	22.98710125759392	101.3537419232003
3994974.8743718592	0.7039825080596847	22.7842967933155	-94.08999199063318
4020100.502512563	0.7077114948061416	22.614048224371253	85.7846331813797
4045226.1306532663	0.7088621710275645	22.49444026114304	-79.33784385903132
4070351.75879397	0.7099382974966899	22.34619721354028	130.64077116465015
4095477.386934674	0.7096590793846076	22.22717465033868	-4.200547969553697
4120603.0150753767	0.7152640895214307	22.036914914661867	-124.13678764820723
4145728.64321608	0.7125267931402585	21.944406425994927	130.8437424993571
4170854.271356784	0.7188896461080814	21.749060478330684	40.7151935880098
4195979.899497488	0.7166875035334933	21.703274239749582	-34.474603491866354
4221105.52763819	0.7231718399308523	21.475461752616333	-94.98221336553233
4246231.155778894	0.72149102049441	21.385469853351896	-140.57523757217325
4271356.783919598	0.726588012575573	21.19844903334343	-171.80291856684573
4296482.412060302	0.7248404008349948	21.126549908353393	171.94078731211312
4321608.040201005	0.7302966115598832	20.93662358442222	169.99362124494883
4346733.668341708	0.7281553248227821	20.841702773610585	-177.46869988207703
4371859.296482412	0.7292521098943491	20.73835578472556	-150.374194244595
4396984.924623116	0.7314580977421273	20.6335850019328	-108.72556662670974
4422110.55276382	0.7328192993821093	20.50174008178353	-53.05171661261939
4447236.1809045235	0.7356913288264693	20.35950290719206	16.88423638905383
4472361.809045227	0.7396574877586385	20.19875670463066	101.35430885318
4497487.437185929	0.7386792022493917	20.094197009170752	-160.36618901770427
4522613.065326633	0.739504972319864	20.02684226392733	-47.89837437383888
4547738.693467336	0.7420544667822447	19.874170851922802	78.4720608795759
4572864.32160804	0.7442662372466244	19.74296152133337	-141.25605732507654
4597989.949748743	0.7498522000372865	19.58265156384091	12.853311227005458
4623115.577889447	0.7478148080090891	19.52057625940372	-179.2493100005971
4648241.206030151	0.7483955242573199	19.391861078582078	2.5697735455847575
4673366.834170855	0.7498532932401228	19.266773538766053	-162.30975135265143
4698492.462311558	0.7542261593834424	19.13334114002735	46.457088098333344
4723618.090452262	0.7531286386625295	19.07746480117261	-90.9937575068259
4748743.718592966	0.7599164566360442	18.8854312200326	144.7341343046005
4773869.346733669	0.7598667470790458	18.822417200149395	33.87692874570292
4798994.974874373	0.7595525597467448	18.722632685289415	-63.75024210088095
4824120.603015076	0.764496333244572	18.564754840893265	-148.28257156784375
4849246.231155778	0.7611309441731662	18.52808833403899	140.5827932454117
4874371.859296482	0.7628057091715363	18.428418174003152	82.23711164816837
4899497.487437186	0.7651160597532429	18.290026751143785	37.13611410699723
4924623.11557789	0.7679172925995458	18.1894746620722	4.545123327669478
4949748.743718593	0.7732443226726177	18.043949068378836	-14.744314431812436
4974874.371859296	0.7701806179527875	17.978959435287127	-21.58890196884323
5000000.0	0.773739602972539	17.877461623200237	-15.290735653037261
