0.0	1.4333647997202668	100.51070625850842	-131.70112904435572
25125.628140703517	1.426728975322213	99.84077601629633	-12.645525558452155
50251.25628140703	1.4198245708887347	99.77174255972447	77.27197632016262
75376.88442211055	1.4143504619686749	99.55533396609229	160.9859815943756
100502.51256281407	1.407052266882845	99.0899182352453	-150.36470807697788
125628.14070351757	1.4012050628324653	98.90795133526376	-123.25780587132542
150753.7688442211	1.3951683866556497	98.58275868949501	-104.56474650514748
175879.39698492462	1.3884367741032069	98.13928177352547	-121.07063716918408
201005.02512562813	1.3831007069694867	97.86960755925129	-169.51750750445174
226130.65326633162	1.3772316687885247	97.74981144335814	132.81282513359736
251256.28140703513	1.3708644573094066	97.27794376114599	59.78347516243431
276381.90954773873	1.3648855273114073	96.75840779820045	-49.4721725094751
301507.5376884423	1.3596361007364601	96.51303264921386	160.84114988757378
326633.1658291457	1.3542945707194263	96.088567321868	-9.57715145059782
351758.7939698493	1.3478776897422364	96.18576454975673	168.2238057525554
376884.4221105527	1.341920920871352	95.73184111601836	-27.150615527689247
402010.05025125627	1.3372293669715414	95.41356105599698	107.55195261957435
427135.6783919598	1.3315398846175772	95.00559736016233	-153.18237587052087
452261.30653266335	1.3262063116637213	94.41552329604822	-99.1463023268649
477386.9346733669	1.3210797472794862	93.83712597154297	-90.1698372335795
502512.56281407026	1.3165451276846358	93.49138174087071	-124.0508482330797
527638.1909547738	1.3100932208447782	93.14975785279604	156.2825015798473
552763.8190954772	1.3053039006567422	92.2226407304065	35.64289139202774
577889.4472361809	1.3014796565699158	92.02806417980977	-111.8155318908126
603015.0753768843	1.296155159635697	90.94807017285403	17.158681929405912
628140.703517588	1.291694490573715	91.25271834645154	117.7522315047968
653266.3316582914	1.2853624142748583	90.7778922056597	-132.9613771706566
678391.9597989948	1.2810882585533405	89.25701492396358	-131.7759210989149
703517.5879396984	1.2780239944239198	88.74970897951711	123.16762906089949
728643.216080402	1.2734405826991333	89.36460483396077	40.46012020246184
753768.8442211054	1.268357495939824	89.3197073015877	-10.354349195047327
778894.4723618089	1.2641781077484826	88.34238950905703	-107.00894261631697
804020.1005025125	1.2602735483481176	88.38949067581085	86.3382341068937
829145.728643216	1.2557924279891646	88.90822962629329	-20.872571895656343
854271.3567839196	1.2505670965976496	88.26650281387205	-146.4159822659993
879396.984924623	1.246371896309234	89.10959957416415	78.21055462690049
904522.6130653265	1.2430116948223475	90.35070785818255	57.417695300621766
929648.2412060301	1.2386752928369127	91.55213271930505	155.6199123037555
954773.8693467336	1.2327496183553175	91.16906512596975	-57.80599172045058
979899.4974874371	1.2297052441899943	91.16460867942813	44.80714485124981
1005025.1256281405	1.2238355221757258	91.88361632279141	-152.38302889996467
1030150.7537688442	1.220155982819979	91.05628865278719	-9.432191775704144
1055276.3819095476	1.2146835786631052	91.62265546774121	114.49062033359805
1080402.0100502511	1.2095281179899733	91.2218692698704	-85.77168112259525
1105527.6381909545	1.20599525054056	90.21858115138188	-19.80322758029507
1130653.2663316582	1.201995605958673	89.62025126758284	-22.478663928531414
1155778.8944723618	1.1968792569685722	88.64084185823923	-97.99779461511365
1180904.522613065	1.1943786914269794	88.36676396801703	99.6575251892209
1206030.150753769	1.1891079700307452	88.95641059550094	-14.281183025783765
1231155.7788944724	1.1846905564018402	88.15211298410335	-151.9392805852031
1256281.407035176	1.1807748996132612	88.87323920495196	51.85357907805548
1281407.0351758793	1.1785681434682886	89.09150637512288	-29.132652743078317
1306532.6633165828	1.1722815901321588	88.49710330562681	-140.37757727365948
1331658.291457286	1.1703567465684073	89.09038096432671	88.66888241272594
1356783.91959799	1.16625813510953	90.29164597817666	72.06759399655711
1381909.5477386934	1.1614723004244807	91.34343499675242	178.08679926683538
1407035.1758793967	1.1583727898090534	90.62956429081086	-59.12266422480986
1432160.8040201007	1.1538013156337865	90.14461036336574	-12.292002206865375
1457286.432160804	1.1497928690207424	90.06246565948115	10.09196780452409
1482412.0603015076	1.1433951541056409	90.64062617346977	53.29166128833244
1507537.688442211	1.139882041067967	91.39322632767343	171.85951709788606
1532663.3165829144	1.1351273690828065	90.45881183551616	-73.33336679765537
1557788.9447236178	1.1302273458612002	89.2875450536385	-78.18345965629425
1582914.5728643218	1.1299288027569514	88.30941418354375	158.41860075832162
1608040.201005025	1.1255319789591116	89.08239688115405	41.354449591228565
1633165.8291457286	1.1207938599850509	89.10298703200768	-23.28820569929952
1658291.457286432	1.1168472911237424	88.14650873577578	-141.85373554163368
1683417.0854271357	1.1132820633396223	88.6634981226049	56.78129227630318
1708542.7135678392	1.1106264135752504	88.60630715633428	-44.99273606408592
1733668.3417085425	1.103044358431776	88.13202178302039	154.62076138241923
1758793.969849246	1.1006505623129639	88.90119755439754	16.86734529140118
1783919.5979899494	1.0993547564813981	88.31008226918561	-92.15447344740895
1809045.2261306534	1.094209053422649	88.30949139775026	97.55906759907255
1834170.8542713567	1.092749776226269	88.87202449048077	-4.066432986599425
1859296.4824120603	1.0864338277701096	88.25971526119517	-109.33162619834009
1884422.1105527636	1.0849094196986238	88.31616339258882	87.51686455627797
1909547.7386934676	1.0799625368520962	88.96792604798524	-0.5003522848630949
1934673.3668341709	1.0760460886679577	88.3194167926988	-90.04016596572845
1959798.9949748742	1.0736175604579028	88.06013116008066	106.9353605059502
1984924.6231155777	1.0709785752376753	88.58317221486422	1.7506482258272544
2010050.251256281	1.0657682129384263	87.8864567522273	-107.9237113201011
2035175.879396985	1.0583609371889546	88.0693336940868	75.91332622781832
2060301.5075376884	1.0590192737540964	87.7873036479673	-53.027294443162184
2085427.135678392	1.054678980957428	87.16409940778547	113.57079688572219
2110552.763819095	1.0534112857459925	86.99733355012825	-64.85113254113712
2135678.391959799	1.0485835289777368	86.61546342720104	61.35312564033787
2160804.0201005023	1.0429621413442416	85.95495378656186	-177.67668657464347
2185929.648241206	1.0380245972266755	85.67611765588204	-88.03849244258541
2211055.276381909	1.0430817671390114	84.90421906285844	-28.549755065398628
2236180.9045226136	1.0401623506849669	84.36824936769432	20.790893446998115
2261306.5326633165	1.027938749887381	84.21430073261112	83.5630448545703
2286432.1608040207	1.033099110348434	83.14276842062404	-154.75654646755743
2311557.7889447236	1.0181148366491342	84.24693532641055	54.22081941264846
2336683.4170854264	1.0260947015920518	84.30996577312891	138.6251541539269
2361809.045226131	1.016657389303827	84.247406145234	-145.97640056821444
2386934.6733668335	1.0006562211724694	84.46199969611692	130.77579604393208
2412060.301507538	0.9995749515402154	83.93859602759193	-95.45931949249622
2437185.929648241	0.9716214922989563	84.95512803749665	-114.77892744955152
2462311.557788945	0.9926691031424595	83.20748979887021	67.62540524267665
2487437.1859296476	0.9961872626368341	82.47707631864127	77.90205038146942
2512562.814070352	0.9812022056477642	82.68444237312015	-32.42435488391486
2537688.4422110547	1.0039297537443261	81.29488270639628	116.8992316643724
2562814.0703517585	1.0013054195886981	80.99643220061937	159.9525175901156
2587939.6984924623	1.0227907525448205	79.1681051583742	54.354702095915165
2613065.3266331656	1.031339445481178	78.39185485143429	-111.56674314192055
2638190.9547738694	0.9912963989726828	78.84685409905956	-177.0975848988292
2663316.582914572	0.9947152631098548	78.78921102162887	-10.060041624743535
2688442.211055277	0.9733417393183141	79.12917020944121	56.51692012409587
2713567.8391959793	0.9853083339996248	78.17634515839184	38.64446568913797
2738693.467336684	0.9705836332601903	78.40337289872686	-52.604321371894066
2763819.095477387	0.9692688545618566	77.89940212154741	111.30681386325786
2788944.7236180897	1.0080944959195222	75.60136212691361	-170.0424832993473
2814070.3517587944	1.0086267449995825	75.13145600435377	-175.55184619787642
2839195.979899497	1.0337319359815496	73.75814125247082	89.64426059761834
2864321.6080402015	1.0041279913908572	74.54680493649437	-85.93464984050487
2889447.2361809043	1.0270315708087907	73.24126530706079	12.882001080601393
2914572.864321608	1.0145835159547314	73.30464077052426	27.886863932558963
2939698.4924623114	1.0025272107733352	73.40695250660617	-36.69236029823787
2964824.120603015	1.0046429527443064	72.8111243343549	176.74496927482812
2989949.748743718	1.0147422186828479	72.05021781222705	-48.204862362571504
3015075.376884422	1.0035185828892774	72.1524701102011	5.495911746660806
3040201.005025126	1.0233002741218036	70.904247089826	-18.51946867770703
3065326.633165829	0.9782162014155094	72.31517309372468	-118.5519215420173
3090452.2613065327	1.0161794667811015	70.39545222664164	61.664547052816246
3115577.8894472355	0.9998676023817079	70.62309539335975	166.40121283012593
3140703.51758794	0.967323778406624	71.55555919082158	-173.6558046262505
3165829.1457286426	1.0164480168590966	69.23600359615313	130.78553044485375
3190954.7738693473	0.9934978488333686	69.78705789290626	0.7617263765832144
3216080.40201005	0.997435091979798	69.19935600846885	156.83992385931785
3241206.030150753	1.0300522423490488	67.57493706708642	-119.8914535211611
3266331.658291457	0.9999432012780692	68.39085948218296	-108.59533198597525
3291457.28643216	1.0002170615778447	67.98357914379896	-169.7433296934488
3316582.914572865	1.0340497263774329	66.39464831065128	57.98650256585832
3341708.5427135676	0.9862643691075651	67.84702748956373	-144.8794676388279
3366834.1708542714	0.9859800493821506	67.5020618132093	-58.39499908869402
3391959.7989949747	1.025905173892459	65.65947702157148	-41.75921324273058
3417085.4271356785	1.0349042507974475	64.95445174367244	-94.73810487782359
3442211.0552763813	0.9652521649176063	67.17884118353278	143.36320410536118
3467336.683417085	0.9724363237844618	66.65457222484375	-45.885503198974206
3492462.3115577893	0.9942691559773518	65.43178880562812	55.66751673812288
3517587.939698492	0.995768344713668	65.04862021225166	90.83910149721869
3542713.567839196	1.02232093076804	63.760989641303674	58.18812202399845
3567839.195979899	1.018048706725665	63.601411232378965	-40.28833252951795
3592964.824120603	0.9881803214295705	64.27788257526251	155.73517368671781
3618090.452261306	0.9807814327601989	64.25850972392688	-75.26823547765262
3643216.0804020106	1.036217964950451	62.04373676614491	-10.428041747997208
3668341.7085427134	0.9745420754867603	63.83670312738584	-10.195857128912472
3693467.3366834163	1.0050860324580084	62.41684536175866	-75.08701420168865
3718592.9648241205	1.0221008266903922	61.551239290739616	155.63693975434984
3743718.5929648234	0.9868795558911824	62.42823061446306	-35.68809219491384
3768844.221105528	0.9724777808103152	62.66644225589421	68.9849057745715
3793969.849246231	0.9894813604454634	61.700941821026944	110.76515115967464
3819095.477386935	1.036054345093958	59.83726509851871	90.07654664766008
3844221.105527638	0.9739645589022707	61.63290774985041	8.069853505225064
3869346.7336683418	0.9649619541222774	61.60973614774022	-136.4725322511691
3894472.3618090446	0.9920140210454008	60.44818826328991	18.55220674009564
3919597.9899497484	0.9938238572348337	60.03708814855996	111.98838986769782
3944723.6180904526	0.9925214364003011	59.77008104819751	145.3103274774959
3969849.2462311555	0.999719684916972	59.25472351344555	118.78149385993358
3994974.8743718592	0.9899378766262849	59.32230463428856	32.52431672135966
4020100.502512562	1.017494687804227	58.15708164947235	-113.28897192450474
4045226.1306532663	1.016376342347891	57.87561959697813	41.65040517678783
4070351.758793969	0.9995140778822342	58.10776052437287	137.60284294619527
4095477.386934674	1.0348688756613005	56.72564364229711	175.32134113594987
4120603.0150753767	1.0150577223668462	57.10358403366955	155.09508623832465
4145728.64321608	0.9740361276035919	58.092920737275506	77.19862622537089
4170854.271356784	0.9909035151925332	57.325411257285175	-57.27118488970582
4195979.899497488	0.9963097407134618	56.85143252011783	110.46358562725021
4221105.52763819	0.9684749064128765	57.471213497877045	-138.1639267535891
4246231.155778894	1.007482428726193	55.96302011575536	-83.438628003457
4271356.783919598	0.9912492343648615	56.19063237005997	-84.5475274622595
4296482.412060302	1.030281492537976	54.74765335628404	-141.39310988322345
4321608.040201005	0.9817149749152702	55.930770745106464	105.61926307913208
4346733.668341708	0.9729554384145835	56.00014523281852	-60.88632385611931
4371859.296482412	1.006564390131283	54.6810625713141	76.46120419027663
4396984.924623116	1.0363030640481818	53.553387946066216	160.10805464977022
4422110.55276382	1.0034176931829188	54.246803699783214	-170.400622593316
4447236.1809045235	0.9654855760798718	55.17083172189604	165.2045970274285
4472361.809045227	1.0284530474502696	53.057681056879616	86.79173859548989
4497487.437185929	0.9707940490294092	54.468629586885896	-44.27733019369885
4522613.065326633	1.0309377640019448	52.52210531089912	132.2902980770324
4547738.693467336	1.0268608162748163	52.37420151612457	-104.88694815645191
4572864.32160804	1.0315074518344503	51.993941116827514	-33.69376667205667
4597989.949748743	1.009028165812238	52.38533233456033	-14.204911335187305
4623115.577889447	0.9945399539807259	52.530872422560776	-46.773639875267165
4648241.206030151	0.9653193585032249	53.16339127364079	-130.7491275621667
4673366.834170855	0.981212567192112	52.4284373410143	94.31484420294862
4698492.462311558	1.0257780280753424	50.95029587855173	-91.58951453545141
4723618.090452262	1.0302923839380136	50.641546259396875	31.3992790887537
4748743.718592966	1.0192996391391016	50.69857100722099	105.17856095852667
4773869.346733669	1.0042298275089936	50.83147851037749	128.20569617069032
4798994.974874373	1.018357992914056	50.25410870007624	101.64294175529591
4824120.603015076	0.9740239068852629	51.21603156994603	25.889648939481308
4849246.231155778	0.9679044451378145	51.1372913625911	-98.80880202066135
4874371.859296482	1.0360179966747773	49.11304997506128	87.67891654864913
4899497.487437186	1.0247876509685192	49.185764260190936	-134.19040098881996
4924623.11557789	1.0063205052255257	49.44975187755113	-45.09710592838297
4949748.743718593	1.0328656681247081	48.57544016449033	-3.3284938251333047
4974874.371859296	1.0324730363243475	48.318412862485815	-10.040478232027297
5000000.0	0.9657191158899412	49.88968773844756	-63.60385305375185
