0.0	1.5398663557012366	136.3193589662535	-98.90562914134784
25125.628140703517	1.5262259880411322	136.0644489698841	-159.33524753753227
50251.25628140703	1.513023368167768	135.77767436572577	153.28590637271228
75376.88442211055	1.4999698030328235	135.46863428943018	118.52385211838357
100502.51256281407	1.4866376692950247	135.16744651105827	96.214777078126
125628.14070351757	1.4738107205831186	134.89553338855674	86.03547977648985
150753.7688442211	1.4609727103186865	134.58087487187302	87.67879292098571
175879.39698492462	1.4481676887306651	134.27747228301251	100.79217413461254
201005.02512562813	1.4353993234318965	134.00069696078802	125.1709366644996
226130.65326633168	1.4233791901027748	133.6954127901656	160.25880193091652
251256.28140703513	1.410718252792464	133.39579675081603	-154.12224460211795
276381.9095477387	1.3984655987847538	133.06760810801453	-98.46559791928505
301507.5376884422	1.3862571147905152	132.7457821750458	-33.15018311279138
326633.1658291457	1.3744160499593838	132.4024429732116	41.439745334735534
351758.7939698492	1.3624343711462619	132.12561180021103	124.94639250789542
376884.4221105527	1.3504016435997095	131.78196470787145	-143.1276773077211
402010.05025125627	1.3387327439252839	131.44547999468543	-43.283947913470335
427135.6783919598	1.3269910173637984	131.13660651036082	64.03208070520428
452261.30653266323	1.3157689215463557	130.8077473288833	178.4232805609822
477386.9346733669	1.304614471842091	130.44557718756394	-60.67902386209003
502512.5628140704	1.2934942781951544	130.12228550718228	66.0606525603062
527638.1909547738	1.2823282571424002	129.7839606056529	-161.6193101762875
552763.8190954775	1.2708953740751436	129.42611589346882	-24.530388964528036
577889.4472361809	1.260295770286958	129.07279530192605	116.87545011659184
603015.0753768845	1.2492511557633068	128.7494347455432	-98.0222666913002
628140.703517588	1.238938647736636	128.35220700511772	50.11553790141636
653266.3316582914	1.2280927942614193	128.05394987159627	-159.26780675960143
678391.959798995	1.2180677939209672	127.62953556694593	-6.861076992004559
703517.5879396984	1.2081560903385964	127.31254573360991	146.57782335847986
728643.216080402	1.1974990638251621	126.9029963795455	-59.474134564863775
753768.8442211054	1.1879298987054985	126.562845863869	94.007706569748
778894.4723618091	1.1777382775508358	126.17287441928998	-113.42644159997067
804020.1005025125	1.1673947353425334	125.79303251990122	37.29000283923857
829145.7286432162	1.1579767367518314	125.41862841636652	-174.5811182510513
854271.3567839196	1.1478839359636224	125.04450228528995	-29.785898611378617
879396.984924623	1.1391194842099477	124.62668878391997	110.66094087552598
904522.6130653267	1.1288339027398566	124.29924009723935	-113.6893354810543
929648.2412060301	1.1200704305772156	123.85033805152989	15.919310300612905
954773.8693467338	1.1113507672158722	123.48498598566638	138.92524231760754
979899.4974874371	1.1014638818398752	123.12016543969722	-105.62922477166315
1005025.1256281408	1.0928312038464711	122.63864821833275	1.3095141778541588
1030150.7537688442	1.084331209737768	122.21076296117725	99.11249034451353
1055276.3819095476	1.0749922663255782	121.87756648248218	-173.1393788959213
1080402.0100502511	1.0664938955012098	121.44026825488871	-96.02101033199862
1105527.638190955	1.0593393467592738	120.93425545688314	-29.990197243155443
1130653.2663316582	1.0506698179832317	120.51726507445896	24.725229007436596
1155778.8944723618	1.0420145437583526	120.15251312393207	69.21334676620457
1180904.5226130656	1.0340196938008965	119.64874386942046	105.47124230381252
1206030.150753769	1.0269480913757596	119.12162412895294	141.832962393243
1231155.7788944724	1.0155324038452813	119.05758981749004	-157.73611584295432
1256281.407035176	1.0125137705120157	118.09654689523258	54.91063746344226
1281407.0351758793	0.9819290162989754	119.87223740908291	-107.18631547156039
1306532.6633165828	0.9773022202612921	119.14254284341487	-174.446250984143
1331658.2914572866	0.9695181160615342	118.6225332786726	39.02151075013015
1356783.91959799	0.9593261732925001	118.48124218302561	-153.3976621820667
1381909.5477386934	0.9536894157115573	117.77159177256799	-21.142147702291997
1407035.1758793972	0.9465523070331203	117.3338399963216	78.80185442738339
1432160.8040201007	0.9383538496670402	116.98842915694526	148.01826183120346
1457286.432160804	0.9314472228053288	116.47331547047298	-173.3468823946171
1482412.0603015076	0.924555133287195	115.92431025388468	-165.871829289816
1507537.688442211	0.9166904840171683	115.56185626999319	169.409682754004
1532663.3165829144	0.9107703219906458	114.95395425528642	111.62064933320661
1557788.9447236182	0.9023360704548253	114.58834208590481	19.54930156422577
1582914.5728643218	0.8960405785678804	114.07298478429794	-108.38355333655934
1608040.201005025	0.8889061170957265	113.61051068895136	86.69844103312562
1633165.8291457286	0.8838318683829591	113.0459782866848	-116.56269616229463
1658291.4572864324	0.8763849882332044	112.60784006920997	0.09665818164651455
1683417.0854271357	0.8713872818906538	112.00081174000373	75.19612393690443
1708542.7135678392	0.8644637758313836	111.6200471529276	107.4350459939119
1733668.3417085425	0.8574856979251494	111.08580929598224	94.92541081738487
1758793.969849246	0.8523055382651011	110.49072980693386	36.302461032640025
1783919.5979899499	0.8463093113233228	109.99664109222837	-70.03532575828211
1809045.2261306534	0.8406229550087775	109.47725670654187	134.01493705168812
1834170.8542713567	0.8345558563821418	108.98077306856047	-72.71610191055554
1859296.4824120603	0.8299459626576142	108.42615408846295	27.466976519004948
1884422.110552764	0.8237670910380859	107.90153284083864	73.51850551545178
1909547.7386934676	0.817890918896911	107.40072199155595	63.46784518405327
1934673.3668341709	0.8141205271184675	106.7598139343193	-4.09305753749822
1959798.9949748742	0.8077759270511579	106.3337521925513	-131.03528094831861
1984924.6231155777	0.802231516177629	105.77405535959507	40.802917222774724
2010050.2512562815	0.7982581579916959	105.19813805705088	150.06486344689228
2035175.879396985	0.7939624516063153	104.60799874614824	-164.73946100753452
2060301.5075376884	0.788563075072483	104.2100790300301	174.28492769053958
2085427.135678392	0.7845016069688437	103.52048138198853	85.62392621529153
2110552.763819095	0.7789979507218536	102.98817526285679	-71.87035417840399
2135678.391959799	0.7745368927347948	102.42101888981644	59.42170400266112
2160804.0201005023	0.7701576227803402	101.8944182636572	118.46728043670623
2185929.648241206	0.7663655368531798	101.3272046924989	103.50362904693164
2211055.27638191	0.7623246388858399	100.68939073469899	13.13310268170811
2236180.9045226136	0.7576954938229125	100.21229339924672	-154.19675714186056
2261306.5326633165	0.753095082772037	99.61833734367339	-40.25697046876385
2286432.16080402	0.7505553923193238	98.99866545497558	-6.4339659699823954
2311557.7889447236	0.7462538079837172	98.43430653873115	-53.91599140669396
2336683.4170854273	0.7429310889289332	97.90321167382916	175.28016659835106
2361809.045226131	0.7382338719613839	97.29420865555444	-39.351409174950774
2386934.6733668344	0.7354260332593119	96.69661655514831	19.699658396935153
2412060.301507538	0.7323542212111293	96.07087985773033	-7.834437157245197
2437185.929648241	0.7283719426566043	95.62057368988876	-123.53352635257795
2462311.557788945	0.7252457536867117	94.92807265980363	29.500050781413098
2487437.185929648	0.7219170737300767	94.41279193708473	91.60338983756925
2512562.814070352	0.7181754258020558	93.84699821424861	61.23366586477911
2537688.4422110557	0.7148502181827602	93.23626192519151	-60.5777581468931
2562814.0703517585	0.7133662615827603	92.62515252659773	73.67496265027222
2587939.6984924623	0.7101982576328516	92.16418526031178	112.30952334707914
2613065.3266331656	0.706403289716405	91.28300534624432	45.46708100819865
2638190.9547738694	0.7039304550515604	90.77688514365083	-95.45858139460817
2663316.582914573	0.7020211787137692	89.13863608562013	-92.31113431641452
2688442.211055277	0.6997119655253513	88.58204648062815	50.13400963676722
2713567.83919598	0.6983895567272393	87.7176682133255	121.48076481100765
2738693.467336684	0.6950014862366612	87.33972105990222	91.45899225655438
2763819.095477387	0.6928930943469455	87.00555718041315	-20.621669701775097
2788944.7236180906	0.6914838737821061	86.44300264145926	148.30793481879263
2814070.3517587944	0.6886389411372998	86.20262225074299	-105.84517078269032
2839195.9798994977	0.6872717341774998	85.72493675699079	-76.4008828038399
2864321.6080402015	0.6851360075373072	84.90312202879932	-147.03788538900184
2889447.2361809043	0.6840422445113039	84.24513332916172	12.29279413886998
2914572.864321608	0.6804663218142503	83.77491623030829	53.98830421312438
2939698.4924623114	0.6791754788864831	83.33101084393404	17.95607916021708
2964824.120603015	0.6782875895709947	82.59149950153824	-127.9309232293201
2989949.748743719	0.676783985659681	82.08440196732884	-18.47564675244524
3015075.376884422	0.6752773921973254	81.53427238541693	-8.827362681702562
3040201.0050251256	0.6737120847948599	80.86363689370835	-98.95051177733669
3065326.633165829	0.6721013783455577	80.43558124540287	64.80565165421874
3090452.2613065327	0.6717485774284628	79.67948133887353	129.01158189893894
3115577.8894472364	0.6709970047522233	79.1339622957096	92.95658830143779
3140703.51758794	0.6682805295890333	78.65482101197526	-43.63059965623942
3165829.1457286435	0.6681449045434691	78.04656442935432	79.37265520644272
3190954.7738693473	0.666241988982576	77.50860906242126	102.8664688213608
3216080.40201005	0.6672777313727123	76.93936342587124	26.338313106894557
3241206.030150754	0.6657709996484595	76.33238299710936	-148.34806507293024
3266331.658291457	0.6634765495531509	75.87025710938333	-61.372302415950465
3291457.286432161	0.6629263912568856	75.3218766406266	-71.78949753821009
3316582.914572865	0.66211722132461	74.73899522774948	-179.09159209554574
3341708.5427135676	0.6620311178013021	74.30638544400502	-22.266850203800843
3366834.1708542714	0.6616158370548384	73.72241146795709	39.07501754531913
3391959.7989949747	0.6607783580690061	73.16267530908266	5.962837720591887
3417085.4271356785	0.6622542882687282	72.51491270496874	-120.78355642324772
3442211.0552763822	0.6599403882825587	72.13314076539496	19.653623221483382
3467336.683417085	0.6612634073017016	71.50398241401713	68.01373593404743
3492462.3115577884	0.6611028371994809	71.00181173967594	25.716387381414403
3517587.939698492	0.6593535948727782	70.55596057753739	-106.66761778756603
3542713.567839196	0.6591061939888768	69.96980480507254	31.894533452027694
3567839.1959798997	0.6588825026103402	69.44142802992071	82.44853540854066
3592964.824120603	0.6600218284427871	68.92271153332247	46.11089229960509
3618090.452261307	0.6594523264457676	68.49855325980359	-75.99570383999504
3643216.0804020106	0.6587668951687433	67.94848960448834	76.84163465311909
3668341.7085427134	0.6605185535992031	67.3720418807633	146.22592115279605
3693467.336683417	0.6602577816294845	66.85652533969747	133.0500203804431
3718592.9648241205	0.6579543991448776	66.4619601411535	38.52993965694234
3743718.5929648243	0.6586408145083638	66.00036172060716	-136.250815071573
3768844.221105528	0.6611112316080872	65.39130596296431	-30.091206049716163
3793969.849246231	0.659797858373293	64.95217412665053	-1.9008718349054878
3819095.477386934	0.6611938180713192	64.42928100833136	-50.15889077336589
3844221.105527638	0.6618465927461838	63.9550638043464	-174.10014231668222
3869346.7336683418	0.6600959266301003	63.58205502666307	-12.158613843948013
3894472.3618090455	0.6611049972482637	63.039278284590694	76.58684459155103
3919597.9899497484	0.6629307570373161	62.56823000379332	93.72245356390704
3944723.6180904517	0.663195806677852	62.10562615359155	40.049214896784676
3969849.2462311555	0.6630947386190283	61.618539089586434	-82.7006838974938
3994974.8743718592	0.6619471242764295	61.2648241649073	86.10929022037064
4020100.502512563	0.664789746678007	60.68668303871771	-171.7531512295495
4045226.1306532663	0.6627813840047201	60.31836275545797	-135.4323243475949
4070351.75879397	0.6645822586122974	59.87724704962586	-163.37883510368064
4095477.386934674	0.6652397199772895	59.415945716736374	105.05130693937726
4120603.0150753767	0.6654017272243603	59.10509949339463	-48.12151421008925
4145728.64321608	0.6683448786832983	58.48103040241606	97.63851112923643
4170854.271356784	0.6664117744218218	58.110246345304134	-176.8952511007479
4195979.899497488	0.6698196352492339	57.621416074368256	-149.64378870687338
4221105.52763819	0.668017274931577	57.375539261399126	-179.29063909196665
4246231.155778894	0.6689319199170399	56.87894075096284	95.20469244950507
4271356.783919598	0.6705705387332076	56.504666563895206	-44.50013706824908
4296482.412060302	0.672363242093381	55.9647028499964	122.03316174283324
4321608.040201005	0.6732443730674128	55.57464682235655	-123.6194158367135
4346733.668341708	0.6740243174100214	55.168071844392564	-60.44240981517535
4371859.296482412	0.674150324602786	54.87899847164514	-47.30915691955974
4396984.924623116	0.6742861118921204	54.47590177221115	-82.9725385288074
4422110.55276382	0.6768029511433226	53.981337308376105	-166.60635481310186
4447236.1809045235	0.6780001715845629	53.606210088947	63.124398316809646
4472361.809045227	0.6772067790733706	53.34220985757586	-112.81349774998553
4497487.437185929	0.6773899717696922	52.9232866562541	26.58841154164474
4522613.065326633	0.6808967646895053	52.48541596714894	122.36720765880223
4547738.693467336	0.6798599705703197	52.15937008224815	175.9114398655945
4572864.32160804	0.6818284015113025	51.713494888941845	-172.26695217484888
4597989.949748743	0.6827338212745209	51.379309631164524	158.8353663099526
4623115.577889447	0.6859787194046321	50.95925439509219	90.77579800234948
4648241.206030151	0.6837248570795821	50.68033812361169	-15.913994046413988
4673366.834170855	0.6879637668189912	50.244501414083345	-160.23120694734902
4698492.462311558	0.6862771661433487	50.05614258854945	18.769523656098112
4723618.090452262	0.6890098573726174	49.56201583955231	162.0366336403911
4748743.718592966	0.6882847780076071	49.32067574274317	-89.30631503356985
4773869.346733669	0.6915308071339921	48.91857281880044	-14.887736048552167
4798994.974874373	0.6914644902983833	48.584084860138276	26.911241005926602
4824120.603015076	0.6922913451870225	48.22265198839188	36.270489511944625
4849246.231155778	0.6937607348020929	47.96734456994519	14.409437555888006
4874371.859296482	0.69697680142419	47.52031341421501	-38.0085114344388
4899497.487437186	0.6959183666615615	47.231204701552535	-119.83344746714981
4924623.11557789	0.697672825565617	46.89622156422888	129.31020669546592
4949748.743718593	0.699127410100274	46.56897528359841	-9.557375157079582
4974874.371859296	0.7013768211552929	46.215967306505476	-175.89045962095858
5000000.0	0.7002598729207782	46.03991098438328	-8.550712539839411
