0.0	1.5337394690057258	49.58062158338633	172.4351053980956
25125.628140703517	1.5305157185440557	49.4700866824952	-160.6850864823469
50251.25628140703	1.527213736448941	49.34580901434365	-145.79745719070763
75376.88442211055	1.5242163296533136	49.252408229098755	-142.93212714853925
100502.51256281407	1.521062299690632	49.17186957727598	-151.99371137115202
125628.14070351757	1.5174702693214905	49.04260377983139	-173.1491207921744
150753.7688442211	1.5148201203179217	48.95859499162086	153.76484011582068
175879.39698492462	1.510185888765497	48.87167659888992	108.60526104726324
201005.02512562813	1.507390350411742	48.80260042345674	51.51528292007246
226130.65326633168	1.504321984537052	48.705446085604606	-17.701162896535795
251256.28140703513	1.5011032248614737	48.56539801806511	-98.87372315136832
276381.90954773873	1.499540159749416	48.407508461557036	167.81257690065664
301507.53768844216	1.4966557552040063	48.33308992739614	62.438658995416716
326633.1658291457	1.492466996001201	48.2589807281237	-54.89366445816972
351758.7939698492	1.4909950969410444	48.087709556262304	175.63908535749238
376884.4221105527	1.4864982119666699	48.057117478966774	34.0371707973346
402010.05025125627	1.485455782220897	47.89098609158985	-119.51550879532608
427135.6783919598	1.4809954043988063	47.847397989688574	74.71518130402717
452261.30653266323	1.4786745051378316	47.709261101677384	-103.00506490817658
477386.9346733669	1.4749699354164363	47.629385940876936	67.0673464740142
502512.5628140704	1.4724410249553506	47.51015694822529	-134.80683792857153
527638.1909547738	1.4697973387458059	47.415336174069026	11.108521040257239
552763.8190954775	1.4672783200316473	47.28190768517471	144.87013279110906
577889.4472361809	1.4653646558741444	47.1787557653696	-93.34734089302417
603015.0753768845	1.4625395508715822	47.07497759792444	16.204807742603926
628140.703517588	1.4595916392775903	46.9680474414071	113.76368143602693
653266.3316582914	1.4575459179176202	46.85602879273958	-160.8244913541036
678391.959798995	1.453264249490295	46.78231521887864	-87.54591865204019
703517.5879396984	1.4495055138060997	46.703539890928525	-26.388408869447478
728643.216080402	1.4472686721262864	46.60115009173806	22.608250539666205
753768.8442211054	1.4442097754367273	46.49037802208447	59.5311040872852
778894.4723618091	1.4430325792953587	46.3455189791185	84.34133114556676
804020.1005025125	1.4401416041138015	46.228511798064346	97.02413411286118
829145.7286432162	1.4377616453839988	46.14533660743832	97.51586003684598
854271.3567839196	1.4356553357849213	46.03023002956388	86.03968017655126
879396.984924623	1.431519089717489	45.953268627829715	62.285258864722586
904522.6130653267	1.428339751255429	45.866968224789574	26.543406003919376
929648.2412060301	1.427081430265931	45.737217011076815	-21.362378396449802
954773.8693467338	1.4253605297761387	45.58557645183461	-81.385420505149
979899.4974874371	1.42309840464779	45.4826871961188	-153.5331062159731
1005025.1256281408	1.4185452801478349	45.416282396358696	122.13263625891497
1030150.7537688442	1.4159154671809777	45.32163569297617	25.828598119449957
1055276.3819095476	1.4136000691113937	45.19573972256015	-82.57625204640647
1080402.0100502511	1.4128047519660802	45.05206564220727	156.7015245800721
1105527.638190955	1.4079327813850875	45.023116074683216	24.075508883616216
1130653.2663316582	1.4068052984245298	44.87247641804474	-120.63849757904862
1155778.8944723618	1.4031100846544118	44.79450801521053	82.37208542699155
1180904.5226130656	1.4029486594037364	44.63988485664439	-86.46566492758858
1206030.150753769	1.3980664726590457	44.590660744694866	92.41057618058834
1231155.7788944724	1.3964766158884452	44.47653221867454	-100.64732941831015
1256281.407035176	1.39510823179573	44.345290003465514	54.10329517273045
1281407.0351758793	1.3920779657751194	44.24235505272073	-163.04591261661142
1306532.6633165828	1.3892557714072398	44.1652909347311	-32.38202176248772
1331658.2914572866	1.386803951450596	44.06972316488605	86.2680972880374
1356783.91959799	1.3842678990380035	43.94275895445336	-167.18172861883113
1381909.5477386934	1.3824724984429873	43.85376307981141	-72.62259239670229
1407035.1758793972	1.3808563218083738	43.73262787223479	9.881042121144471
1432160.8040201007	1.3773415157927502	43.63394343763037	80.40358570512139
1457286.432160804	1.374381531475598	43.527755374048084	138.84073739589292
1482412.0603015076	1.3746541484695407	43.3673921205284	-174.6353522952924
1507537.688442211	1.372100277465592	43.28640311673921	-140.16792792345123
1532663.3165829144	1.3677634667384881	43.23347323789431	-117.6582691429582
1557788.9447236182	1.3654966524317123	43.108880901832485	-107.11106841515034
1582914.5728643218	1.363732868177302	43.00008485518022	-108.52610601802907
1608040.201005025	1.3635084772707415	42.88518755462182	-122.02659013619312
1633165.8291457286	1.36115338662097	42.74925999238175	-147.36009955350332
1658291.4572864324	1.3576955543405833	42.68498165600368	175.26307964287793
1683417.0854271357	1.3548478696896404	42.578257559213604	126.00933073105112
1708542.7135678392	1.3536916250833786	42.5086240641437	64.96724745898705
1733668.3417085425	1.3498350222611395	42.429091700155375	-8.16080501952171
1758793.969849246	1.3475148199735278	42.29182251237686	-93.00556548978898
1783919.5979899499	1.347667042497753	42.124831392183886	170.08144622197767
1809045.2261306534	1.3428688153169848	42.10126085640665	61.37958434528927
1834170.8542713567	1.3413476518083922	41.98049705256848	-59.13465666126955
1859296.4824120603	1.3401181134450084	41.836158158821476	168.45594532337083
1884422.110552764	1.3385995685415801	41.753924548434185	24.322397341750097
1909547.7386934676	1.3345919947587033	41.66410633227035	-131.67952119299449
1934673.3668341709	1.3340511617305426	41.57769051012291	60.397782927358236
1959798.9949748742	1.3313829237487442	41.44752055303764	-119.16734754162893
1984924.6231155777	1.329190436827865	41.36831485065851	49.41094725251482
2010050.2512562815	1.3293379041249203	41.22373317404085	-153.59972120088628
2035175.879396985	1.324788006448843	41.16291641063426	-8.43965179574851
2060301.5075376884	1.3246124217317445	41.0158892072768	124.88567325906908
2085427.135678392	1.3231322613372976	40.90573378392762	-113.31153420312029
2110552.763819095	1.3179564295610835	40.874362891558356	-3.325985838341837
2135678.391959799	1.3162142054480277	40.756179482294634	95.03537090446935
2160804.0201005023	1.314507906808026	40.64613285722824	-178.21465237204012
2185929.648241206	1.313705672906934	40.530557633640804	-103.16317651096563
2211055.27638191	1.3135481562131908	40.422454303717004	-39.66727854200137
2236180.9045226136	1.3088790827679637	40.362071995523415	12.125096713421417
2261306.5326633165	1.3094713927950163	40.222374230700886	52.463570131665776
2286432.16080402	1.3055856453599501	40.11243183041682	81.09255676753246
2311557.7889447236	1.3055941027984472	39.971762743384886	98.37316285703739
2336683.4170854273	1.3001442209286236	39.94242729719253	104.00039665236724
2361809.045226131	1.2983631265876396	39.84139582130973	98.173041727444
2386934.6733668344	1.2977351613805945	39.71393995708099	80.82301369481596
2412060.301507538	1.2952679803861045	39.64924958777699	52.16848331915911
2437185.929648241	1.2962895144051494	39.47830569652391	11.892001435342902
2462311.557788945	1.2947369611449688	39.396935405366044	-39.62921166107587
2487437.185929648	1.2928564016249935	39.276120290125505	-102.68244598157764
2512562.814070352	1.2878627241078233	39.19859848414764	-177.0164395959218
2537688.4422110557	1.2852874029108021	39.1299656956038	97.17254118382628
2562814.0703517585	1.2867857160443248	39.014365527929975	0.22257033226025755
2587939.6984924623	1.281351217097025	38.93426731036772	-108.19323812810029
2613065.3266331656	1.2823710305122	38.79351853170136	132.17088916016303
2638190.9547738694	1.278878403258537	38.731988440277284	1.2134231015908143
2663316.582914573	1.2763839557873617	38.6256583151192	-140.85042347339834
2688442.211055277	1.2781455547923948	38.464788795299	65.76365949631315
2713567.83919598	1.2736106945298837	38.40738134217743	-98.76373019856314
2738693.467336684	1.2741666703073553	38.28425606194022	85.56343443436211
2763819.095477387	1.272780682892232	38.16136498449197	-101.23600454661938
2788944.7236180906	1.2680599286611292	38.119825358233	60.82739078300888
2814070.3517587944	1.2699097474990628	37.97311320406595	-148.15249658172704
2839195.9798994977	1.2638942883276947	37.93936605028199	-8.233048083983325
2864321.6080402015	1.2648941614443068	37.784256617491515	120.69262950718043
2889447.2361809043	1.2616560954695555	37.712900690921934	-121.47914564524807
2914572.864321608	1.2591668848067965	37.629577937657025	-14.475859386407913
2939698.4924623114	1.2611199427233517	37.45124311566007	81.34746445805007
2964824.120603015	1.2567795545068035	37.3927974286656	166.4226384694911
2989949.748743719	1.2554341023673383	37.30799778770973	-119.27190807857883
3015075.376884422	1.2547963748797517	37.21303759944997	-55.990660430315316
3040201.0050251256	1.2552487916338604	37.08136479147038	-3.612135815324219
3065326.633165829	1.252348715881889	37.00628352753728	38.09563329416475
3090452.2613065327	1.2497690340906875	36.895670403800366	68.892666134875
3115577.8894472364	1.2478614380295416	36.797916119313406	88.86914435604866
3140703.51758794	1.2471041294365068	36.689285339079746	98.36819461770844
3165829.1457286435	1.2463198251447842	36.59004655864108	97.08423032225403
3190954.7738693473	1.244885155589142	36.463207995604215	85.1121320667527
3216080.40201005	1.2403842135815006	36.44718218725566	62.44331032180226
3241206.030150754	1.2391403183038832	36.32868178589452	29.341584073286302
3266331.658291457	1.236613664755494	36.25654753192785	-14.495243843245898
3291457.286432161	1.2388789468711783	36.07678135798201	-68.71501624677356
3316582.914572865	1.233984040480542	36.03246593010573	-133.5042050611989
3341708.5427135676	1.2361559943644258	35.89177175972023	151.11187893583755
3366834.1708542714	1.2319701876124831	35.83468378499761	65.44749805976781
3391959.7989949747	1.233453744405671	35.68766519544414	-30.68744345590222
3417085.4271356785	1.2303217323482707	35.596472518811666	-137.28919980172392
3442211.0552763822	1.230580046545004	35.46886725176929	105.90485883398384
3467336.683417085	1.2248270719431242	35.46229657843488	-21.193903550520268
3492462.3115577884	1.2239308030384293	35.32881244685466	-158.59463853396872
3517587.939698492	1.2209054656450296	35.28075953081232	53.640125469176574
3542713.567839196	1.219975385043554	35.16655986978043	-104.15485046000165
3567839.1959798997	1.2190601616968288	35.06050104550805	87.62768662601626
3592964.824120603	1.2204474706658228	34.91821265242344	-90.53261494859734
3618090.452261307	1.2151201127002158	34.889512591303784	81.19955924637091
3643216.0804020106	1.218211673191575	34.7196038279849	-117.04244302494017
3668341.7085427134	1.21222452013774	34.704015180764756	34.44478891923354
3693467.336683417	1.216585137669524	34.49371505130762	176.09205974943072
3718592.9648241205	1.2102950233248544	34.4999360737972	-52.22219028646586
3743718.5929648243	1.2134506074998406	34.31985624804659	69.43270937729393
3768844.221105528	1.2098159182814001	34.24379940879156	-178.79130358541065
3793969.849246231	1.211369396136128	34.16035823280461	-76.7378248618691
3819095.477386934	1.2046039943203395	34.11901166343888	15.475799056200406
3844221.105527638	1.202570688931982	34.02579562355151	97.80229778891146
3869346.7336683418	1.2070310005423488	33.8230915580081	170.4541616382675
3894472.3618090455	1.2017000501245179	33.79670304298711	-126.42327174527547
3919597.9899497484	1.20225007220878	33.67951060076459	-73.08378132301159
3944723.6180904517	1.20042581809971	33.605213042884735	-29.468351137275175
3969849.2462311555	1.2021389074700537	33.47824068421222	4.550058358312642
3994974.8743718592	1.200501644225143	33.400710545345056	29.15912903267136
4020100.502512563	1.1988998261976858	33.305763288183954	44.25707955888451
4045226.1306532663	1.193987731079157	33.24491022235495	49.743605487622595
4070351.75879397	1.1907545408806168	33.192196158043295	46.00125239822719
4095477.386934674	1.1957500048183256	33.00864722354686	32.772869388951385
4120603.0150753767	1.1934758588925416	32.92076183013235	10.168601261579994
4145728.64321608	1.1906047152982868	32.86353993032806	-21.62878565415173
4170854.271356784	1.1873050312826205	32.78168712987226	-62.60230921047484
4195979.899497488	1.1902489674883288	32.62175417002749	-112.86522801630392
4221105.52763819	1.1867883694266486	32.5620905006619	-172.5642565384809
4246231.155778894	1.188127551967288	32.41872264481704	118.81881026776458
4271356.783919598	1.185010061705071	32.38379518049187	41.29581431073931
4296482.412060302	1.1831845505867773	32.31801161807303	-45.45031159872084
4321608.040201005	1.1792583691913991	32.23984275354871	-141.38429206991324
4346733.668341708	1.1835426380452734	32.07440845555249	113.96105058984493
4371859.296482412	1.181157116181655	32.00196034943265	0.3671327777805859
4396984.924623116	1.17437123882323	31.970797317348772	-122.17719779292477
4422110.55276382	1.1782389185956699	31.82920533534547	106.36336698731978
4447236.1809045235	1.17391961191542	31.794025014575393	-33.73232404164439
4472361.809045227	1.1743066801235067	31.650385838495932	177.40883736617502
4497487.437185929	1.1715198804805824	31.58868490482424	19.851169971315972
4522613.065326633	1.1751019236286064	31.400603318470466	-146.18746314297195
4547738.693467336	1.1695107298275185	31.41230901029639	38.8167117920171
4572864.32160804	1.1735289004388334	31.230557476219847	-144.35153637060017
4597989.949748743	1.171724666472448	31.15106185174602	23.565608091952512
4623115.577889447	1.1696348890059618	31.081545342941688	-176.73976641744605
4648241.206030151	1.1628663971632547	31.07200164685513	-25.42450300639162
4673366.834170855	1.1633145358208052	30.950933712249256	117.35604644007792
4698492.462311558	1.1668794793765398	30.78045786135252	-108.05456292686382
4723618.090452262	1.1646878742194047	30.74666556340422	18.223637282350186
4748743.718592966	1.1642260914682763	30.608833627813404	136.37831663878075
4773869.346733669	1.1577780439103291	30.599794059379715	-113.82750013590422
4798994.974874373	1.1599801973150072	30.479717071503018	-12.135009642317192
4824120.603015076	1.1571872524073767	30.410335673219524	81.64733157774143
4849246.231155778	1.1621032674287208	30.24532055298174	167.19077096719323
4874371.859296482	1.153961406464649	30.231900157901784	-115.02205860891164
4899497.487437186	1.1570564632780522	30.095268322940257	-45.28425583137962
4924623.11557789	1.1576452048796748	29.989281925677226	16.47261195569258
4949748.743718593	1.156102448736713	29.91149017650698	70.26543257434133
4974874.371859296	1.157060500430562	29.77975665024894	116.57952193429986
5000000.0	1.1497754327316903	29.77419142209992	155.1970264481572
