0.0	0.017731848572619446	139.60405068620142	-22.68792033099111
25125.628140703517	0.020480262317413407	107.50447146723542	128.87825255990148
50251.25628140703	0.0023949495402815174	87.51123185491667	-59.55629592703453
75376.88442211055	0.0276076484735506	73.17129729377915	106.56775695187132
100502.51256281407	0.018467517412315865	38.97726289919572	-12.285629532278017
125628.1407035176	0.034036397724408377	51.191204654510855	140.2652830854659
150753.7688442211	0.036829220605491465	37.25531689254357	105.6301491205151
175879.39698492462	0.04326521993220851	34.81793886193359	102.87667146504077
201005.02512562813	0.047885368144769	29.30942107536971	-121.7706887039
226130.65326633168	0.05571059181345539	28.564928041858085	119.02913002444608
251256.28140703513	0.06106628453698097	24.02523481854564	-38.23624615956228
276381.9095477387	0.06781595783874644	21.08150617829271	-78.17224977039288
301507.5376884422	0.07502256285804529	20.546574206034688	54.49910720355062
326633.1658291457	0.08098710285776847	18.803193602353975	-111.40009231597568
351758.7939698493	0.08742097154745004	17.27772345896885	151.2570372503566
376884.4221105527	0.09319427049783967	15.495403941870634	-108.15972472676756
402010.05025125627	0.09971923486882443	15.085628701892675	59.36220613226064
427135.6783919598	0.1046159755292313	14.265294700956705	-141.98257499046514
452261.30653266335	0.11233941036384407	13.26626437841028	4.3603418718884255
477386.9346733669	0.11760171566508446	12.4438952684108	-176.3503181972231
502512.56281407026	0.12445170338362053	11.647215816133478	119.54028988472002
527638.1909547738	0.12972946679381678	11.232363005364823	-67.47706509209566
552763.8190954772	0.13521143029635585	10.729315969048544	139.9763761824257
577889.4472361809	0.1429168467369849	10.043721110410782	-171.70946170144413
603015.0753768843	0.1485234665289824	9.627273208639105	-77.13455070274455
628140.703517588	0.1543342144133103	9.392846510588164	-86.72120264787664
653266.3316582914	0.16003691957257304	8.968648640699193	32.193257316627864
678391.9597989948	0.16684006276404534	8.609866575865592	168.17717575130933
703517.5879396984	0.17180344771479641	8.333604275302289	-147.11741318837542
728643.216080402	0.1771307619565534	7.903971114382891	76.43177438684785
753768.8442211054	0.184441538265564	7.69919670629366	34.369623762153054
778894.4723618089	0.1896730917982298	7.507582443687633	10.931173990144858
804020.1005025125	0.1953455536428234	7.182060300874123	-64.52942740142105
829145.728643216	0.20151062112830384	6.909042660490814	107.22788559308505
854271.3567839196	0.20627036951955052	6.732033449445384	107.64257640425134
879396.984924623	0.21251340768265495	6.59851495444976	-116.69936697749736
904522.6130653265	0.21664241510334478	6.387878172603766	106.6529196275666
929648.2412060301	0.22324778381074295	6.213870419479395	14.544960699423639
954773.8693467336	0.228873348496183	5.997111223868608	-74.98796850977882
979899.4974874371	0.23355942795679624	5.8241414286136335	160.50622051275462
1005025.1256281405	0.23857019863793225	5.738351048403618	-34.57165103281235
1030150.7537688442	0.24417531175615487	5.554990067333309	28.479181270819144
1055276.3819095476	0.24928457295960083	5.40220283173639	-40.24125006312115
1080402.0100502511	0.2565720512369268	5.261611692031675	89.89049316757611
1105527.638190955	0.2617632828108043	5.186329605091393	34.105218753717224
1130653.2663316582	0.26511919678697016	5.028985237109035	127.30469432092339
1155778.8944723618	0.2722753102829934	4.955420398096683	-12.686511145734993
1180904.5226130656	0.27607329608299586	4.853319208505396	-47.33656708055533
1206030.150753769	0.28249694806674785	4.711387363063697	3.9498270102885384
1231155.7788944724	0.28734248927900685	4.636442479106308	121.85794291340811
1256281.407035176	0.2912037219873532	4.558341559839107	-71.12073213930302
1281407.0351758793	0.2962835159930328	4.417296624762064	128.73380553833925
1306532.6633165828	0.3029332442237083	4.357505834123259	-14.24090387775411
1331658.2914572866	0.3057877675765209	4.2564669848156145	-154.49665455523362
1356783.91959799	0.310917943006769	4.201984440405187	54.078856637498454
1381909.5477386934	0.3156706311530951	4.130402895441831	-121.45305884463015
1407035.1758793972	0.3213358663761636	4.023209304703996	26.370746344405887
1432160.8040201007	0.3253473729026237	3.9553292455484628	125.53539888193392
1457286.432160804	0.3316718121156719	3.891452688713564	165.41733293667755
1482412.0603015076	0.33629745484028045	3.8236528688897002	135.32905438521396
1507537.688442211	0.33998835316110093	3.770457540971519	25.025670531393548
1532663.3165829144	0.3464095863050751	3.6827645059287586	-174.5374911542234
1557788.9447236182	0.34975184745144366	3.6300347602356084	-112.48795168994687
1582914.5728643218	0.35444424651662004	3.5673870750089747	-157.28175465260426
1608040.201005025	0.3591563557841632	3.5125211618366436	42.55026813407414
1633165.8291457286	0.36334377771482257	3.463891534565802	119.15083237114573
1658291.4572864324	0.36939227657211154	3.3990976929870347	65.27791343642814
1683417.0854271357	0.37374536606103653	3.3480417010224137	-125.7077138493338
1708542.7135678392	0.37836581172778116	3.2736093418550642	-101.30071339072897
1733668.3417085425	0.38044141337579734	3.2535844506071325	132.19523936407606
1758793.969849246	0.3872597943990883	3.1838984085560305	-151.12966001189014
1783919.5979899499	0.390974995217015	3.153020061664589	122.45589490156902
1809045.2261306534	0.39355850374594853	3.098095730237312	-132.33349519369446
1834170.8542713567	0.39839393969223263	3.075980011969709	158.43664608996545
1859296.4824120603	0.4044928574768203	3.0081935029081013	-89.70366235394883
1884422.110552764	0.40732541201563705	2.972663764150813	-162.66298697707313
1909547.7386934676	0.4124457408008587	2.9395312212617006	-64.31316269772155
1934673.3668341709	0.416220595476483	2.882306641068909	-159.74865383049539
1959798.9949748742	0.421351850651369	2.8589210406272167	-93.57356036568277
1984924.6231155777	0.42298616792869254	2.825502936449671	130.45995227641325
2010050.2512562815	0.42786987065520604	2.774309682965555	147.60609710653043
2035175.879396985	0.4335307772564005	2.7387661098055407	-45.50152353259169
2060301.5075376884	0.43615322749419133	2.711976801827912	-92.92423448634601
2085427.135678392	0.44111663348304275	2.6797884480177596	1.6987863444514508
2110552.763819095	0.44432359127690024	2.6510573202024474	-125.35510690243166
2135678.391959799	0.4489149599594101	2.608408563972274	-117.12610619230712
2160804.0201005023	0.452924418295891	2.577796985947679	22.493871011538218
2185929.648241206	0.4569591754472226	2.549976484752258	-68.4139751469399
2211055.27638191	0.4601412942631957	2.5215770402137876	-34.20863886741379
2236180.9045226136	0.46264187400946305	2.48371372393267	122.29601197707093
2261306.5326633165	0.4685970597731846	2.459643591117539	39.06191203665242
2286432.16080402	0.4713016718338134	2.4326628233646836	72.42622094057755
2311557.7889447236	0.4739237970320348	2.410885931645077	-139.47812633755183
2336683.4170854273	0.47994809325216914	2.3692502113972544	120.30148849128436
2361809.045226131	0.4839183039039975	2.3476902273171856	129.4747112939033
2386934.6733668344	0.48530005393138265	2.3216162895220815	-114.70691291907796
2412060.301507538	0.4890191574680869	2.3025413891108975	105.38346070023091
2437185.929648241	0.49240496605330936	2.2733247693792595	68.40013185145273
2462311.557788945	0.4960342549752229	2.251200901540595	131.34266608013988
2487437.185929648	0.49950025369192697	2.184047164721545	-68.42762223836979
2512562.814070352	0.5055446538438101	2.154059852121732	-172.86147034153197
2537688.4422110557	0.5075642448519511	2.1419077618456512	176.17501584925265
2562814.0703517585	0.5100283268810296	2.1110208775821433	-102.13235785883312
2587939.6984924623	0.5154889867773309	2.0937712189401805	68.8439616985264
2613065.3266331656	0.5192380746457125	2.0759431518347427	-31.28388059879077
2638190.9547738694	0.5229893519618275	2.0550618199219732	-44.973996543405114
2663316.582914573	0.5261976389989256	2.0281454053072068	25.53438741568418
2688442.211055277	0.5298913186996911	2.0104597910464324	179.4740914688807
2713567.83919598	0.5315614358678242	2.0031383860837213	54.87122583453936
2738693.467336684	0.5338908024194992	1.978111958813946	10.277681975229148
2763819.095477387	0.5399085317750589	1.9555179200413546	43.70771840201959
2788944.7236180906	0.5403603380038586	1.9281329346228608	154.0770026774566
2814070.3517587944	0.5435837464926527	1.9194104770663472	-20.43210314646841
2839195.9798994977	0.549755027228339	1.8892502261008	-120.53642023591665
2864321.6080402015	0.5500094352954976	1.8796403114844178	-148.28287402339603
2889447.2361809043	0.5556085207305971	1.860162086614255	-104.83714340475454
2914572.864321608	0.5584591595813291	1.849916040404772	8.691630838447406
2939698.4924623114	0.5618049667878336	1.8129753866688685	-169.4707523826993
2964824.120603015	0.5642454632246685	1.8058682012215772	79.75812788472548
2989949.748743719	0.568550503306071	1.7990001218775353	35.551146290899645
3015075.376884422	0.5718840487579879	1.7823870040917045	56.08194999148564
3040201.0050251256	0.5735962801966003	1.7617954150676034	140.68953300323076
3065326.633165829	0.5773846304214677	1.7423492825744378	-71.6488644092899
3090452.2613065327	0.5778701479394244	1.7272623486137517	136.770235262546
3115577.8894472364	0.5822185836245112	1.721001567750412	46.165638431241334
3140703.51758794	0.5873864454708999	1.7073262265336728	15.436989603577189
3165829.1457286435	0.5875047375927457	1.694463151355049	43.001311589617345
3190954.7738693473	0.5926703053819543	1.6744214248553049	128.47663874510067
3216080.40201005	0.5927936616066048	1.657515757079802	-89.59299100683951
3241206.030150754	0.5955341102228049	1.6479035062748142	107.50533675926762
3266331.658291457	0.6009234587496425	1.6410069147751203	-0.1819940301047675
3291457.286432161	0.6014865769344382	1.6257335100035906	-53.87678079307886
3316582.914572865	0.6050378631312328	1.6195427223680354	-54.70329404708649
3341708.5427135676	0.6070542708593137	1.5966618442516876	-3.8986029273819764
3366834.1708542714	0.6115542087160496	1.5847981429754991	98.3721217272527
3391959.7989949747	0.6141946657378968	1.5641315295085476	-108.27353762434225
3417085.4271356785	0.6155247294057865	1.556362948935853	93.68315979038026
3442211.0552763822	0.6185975397087787	1.5507154741621256	-14.380237342137125
3467336.683417085	0.6208458711508377	1.544163169948916	-74.87660473213015
3492462.3115577884	0.6249612660836834	1.5194509298102987	-88.18866184070441
3517587.939698492	0.6264550438982489	1.5116457914417158	-54.70305085668721
3542713.567839196	0.6309311348793987	1.5016462049406836	24.774536121047348
3567839.1959798997	0.6332232567449265	1.4809835307510757	149.27034603283283
3592964.824120603	0.634067733882355	1.479809172473026	-41.20185940318666
3618090.452261307	0.6366266081836197	1.456735345388509	171.4408888033066
3643216.0804020106	0.6417722660900049	1.4522668364057187	67.2348449126568
3668341.7085427134	0.6454279102451527	1.4378202519427703	6.294303145429876
3693467.336683417	0.6479327331726095	1.434399076707819	-12.718766145903723
3718592.9648241205	0.6476785835993041	1.4233117589327715	9.09990082091977
3743718.5929648243	0.6527295642613491	1.4108408973205504	71.65914596303298
3768844.221105528	0.6554580663208088	1.3893625401513763	174.66093101841923
3793969.849246231	0.6537538139946335	1.4047064579342474	-42.72293679299531
3819095.477386934	0.6586519589811973	1.3770533694143545	138.7494444758827
3844221.105527638	0.6614306410763104	1.3727152975319041	-1.4290750333961408
3869346.7336683418	0.6629439201811773	1.3555932218433437	-103.41406922929511
3894472.3618090455	0.6650261439357674	1.348571099443139	-168.58840777224287
3919597.9899497484	0.6694734640028677	1.328032915562506	162.89283840497455
3944723.6180904517	0.669304129907411	1.3209468484723512	171.61287535789947
3969849.2462311555	0.6729293530432564	1.3157675773950537	-144.5026780096317
3994974.8743718592	0.6749330999694688	1.314275954002863	-64.88419759483537
4020100.502512563	0.6796582343377076	1.3024208598390719	48.72024642395909
4045226.1306532663	0.680101329283505	1.2927214555832267	-162.6903923968656
4070351.75879397	0.6796174183320022	1.3040547181845925	20.099728142012836
4095477.386934674	0.68581112481089	1.275196930809547	-123.80604682750857
4120603.0150753767	0.6871273420226162	1.2641188999404689	124.51890922049549
4145728.64321608	0.6909292690087941	1.2638807842181048	46.11279260069452
4170854.271356784	0.6885615458073868	1.2551539518626917	-0.463454061663771
4195979.899497488	0.6937316750319056	1.2379794235985428	-14.573951805221238
4221105.52763819	0.6967656625128466	1.2450210841565992	1.6813848585962714
4246231.155778894	0.6952381013174415	1.2317831553656657	49.1020597852671
4271356.783919598	0.6989307620565889	1.2173535131026032	127.08033725806251
4296482.412060302	0.702058905611543	1.2018784494256152	-124.11756943349445
4321608.040201005	0.7064021918064416	1.197662042281642	12.550166854736226
4346733.668341708	0.7041002223459298	1.1910049934986213	179.80266994830302
4371859.296482412	0.7099372629207313	1.1922766705312824	16.124580702648334
4396984.924623116	0.7127104705255719	1.1737476736899148	-118.94193374489505
4422110.55276382	0.7112932932427979	1.172415488739513	133.18438641064148
4447236.1809045235	0.7168869736207532	1.1680610198430905	53.74952695826445
4472361.809045227	0.7151679247663328	1.1579635950453995	2.5292014183161746
4497487.437185929	0.7160098375603594	1.1552360829234245	-21.426682088572868
4522613.065326633	0.722942793809319	1.145073720667796	-19.122489554854123
4547738.693467336	0.7249745835694076	1.134153389963089	9.648516723609816
4572864.32160804	0.7228407532162127	1.1404710647221634	64.97650030862795
4597989.949748743	0.7241151939316413	1.1090893636183656	145.76231918815031
4623115.577889447	0.7255107242545911	1.1138911526445174	-107.11007244917137
4648241.206030151	0.7312796510025243	1.1111969099364256	24.4591952203202
4673366.834170855	0.7335733858546157	1.0907436956152265	-178.11344769664703
4698492.462311558	0.7338750168542663	1.0921472820900546	3.485705966547718
4723618.090452262	0.7366214896452763	1.0739175025141976	-150.67285620128996
4748743.718592966	0.7350749497423398	1.0806164411455643	79.36288279511717
4773869.346733669	0.7419268314997425	1.079450130109769	-26.103204822874396
4798994.974874373	0.7426910720992131	1.0632661561186951	-108.37173266525225
4824120.603015076	0.7454113255797459	1.0509167636942998	-167.3206483364575
4849246.231155778	0.7448901190389516	1.0556950952866608	156.14235568769436
4874371.859296482	0.7497759732688137	1.0396069314909464	142.74246422854822
4899497.487437186	0.7458095296114363	1.0390925064243504	151.99823916460784
4924623.11557789	0.7491535361247941	1.0270457393787071	-176.2131440405743
4949748.743718593	0.7520276686928267	1.0236593745903124	-122.06592728010706
4974874.371859296	0.7566615946079266	1.0300654791773185	-47.290406231608166
5000000.0	0.7562556789908519	1.0206621268659903	49.46383512588446
