0.0	0.5137384637564495	110.64141820110446	-133.94859628660714
25125.628140703517	0.5083144292774059	109.85571633366028	137.7384157997464
50251.25628140703	0.5044050524170033	109.00423671146656	-90.30338372431315
75376.88442211055	0.5008154471874199	108.06554384851202	-104.55021134271747
100502.51256281407	0.4949836257351534	107.40195519936096	104.95442717973825
125628.1407035176	0.4907837439736396	106.56742064633896	157.00095933426257
150753.7688442211	0.4871985446640477	105.65737924597744	43.571458424317996
175879.39698492462	0.4843904834552184	104.72531680955889	118.28092036195106
201005.02512562813	0.4804187587448634	103.86425930752662	15.152193958328949
226130.65326633168	0.4761952314926942	103.06443007929798	88.0601133922654
251256.28140703513	0.4744282895842703	102.09190457074403	-28.682662856463843
276381.9095477387	0.4698507770664793	101.26902427805065	18.621142989059315
301507.5376884422	0.46802656733474257	100.29391489601866	-135.27780652126216
326633.1658291457	0.4635769650989107	99.53450907386059	-136.19760831855945
351758.7939698493	0.4614417371636532	98.52388275545394	10.616157525309173
376884.4221105527	0.4585375557098699	97.69294085241243	-59.29162187227881
402010.05025125627	0.4557125058468431	96.7308527780271	8.126217704533317
427135.6783919598	0.45426130008240767	95.89359403884194	-150.9414375646511
452261.30653266335	0.4519762071939804	94.92442664977848	178.25303150769398
477386.9346733669	0.4492648558895638	93.93198972620772	-87.95365703525947
502512.56281407026	0.44682078890515287	93.0654162407936	120.96693594602125
527638.1909547738	0.44587561383606394	92.05602872117701	80.96134090915774
552763.8190954772	0.44441756148034256	91.32086304994154	145.9981536888805
577889.4472361809	0.44261796215212107	89.4571952305481	-87.53366370722806
603015.0753768843	0.43972914193798024	88.5358256909399	-34.514401252827255
628140.703517588	0.438872914007364	87.411291572814	132.057680401544
653266.3316582914	0.4372961460344363	86.74200206059184	77.57691770973027
678391.9597989948	0.4363714979840095	85.99133753008287	-167.1592435511442
703517.5879396984	0.43651609199120806	85.14259244288246	101.05743625198053
728643.216080402	0.43410885922560566	84.08246503483777	88.49780930776525
753768.8442211054	0.43380302568922374	83.23748441032842	179.00127517050615
778894.4723618089	0.4338835285786582	82.33794417210737	21.395789740805153
804020.1005025125	0.43272687319461206	81.39044969127923	-22.578071012182985
829145.728643216	0.4318413626552858	80.54780191057219	44.10147941077268
854271.3567839196	0.4310703053747373	79.62057705089337	-133.9424670582993
879396.984924623	0.4316869786495557	78.77576929630396	164.52078024433496
904522.6130653265	0.43233746427200687	77.84080699384441	-137.71857438316735
929648.2412060301	0.4324672693838813	76.91820298877332	42.030206255297394
954773.8693467336	0.43157385363414763	76.14169060766434	-12.506690185108194
979899.4974874371	0.4324324619372066	75.35009174247045	61.63691533784063
1005025.1256281405	0.4319328219175457	74.43530732184982	-91.49633334878462
1030150.7537688442	0.43195946709214716	73.4682037086049	-108.46719653743008
1055276.3819095476	0.4336085833147136	72.76286795960407	15.231094788447308
1080402.0100502511	0.4332536055024045	71.77425106912006	-76.11426538822691
1105527.638190955	0.4341580689601552	71.030454056656	-17.982262311477342
1130653.2663316582	0.43420493831628676	70.14343557432986	-165.9036550556806
1155778.8944723618	0.4367796556461957	69.28357085906214	-155.07686239393573
1180904.5226130656	0.4365817987690264	68.58367540716199	19.685884517763995
1206030.150753769	0.4373061259956587	67.87634286551979	3.2722722126185446
1231155.7788944724	0.4385755174980279	66.87876533773009	160.69074917009803
1256281.407035176	0.4393913269587926	66.3124073016476	137.3127686568201
1281407.0351758793	0.4413009082890582	65.33711719767828	-61.667908840633125
1306532.6633165828	0.4424047823635899	64.65225509734314	-71.0920425914455
1331658.2914572866	0.4424056360533034	63.92392503443553	114.43656057324033
1356783.91959799	0.4430919092656312	63.13653467751493	140.0577087616865
1381909.5477386934	0.4445144244686037	62.38170619556821	11.214792568128221
1407035.1758793972	0.4469863690239193	61.614976363999816	93.07038586107136
1432160.8040201007	0.4478640349615768	60.940698712991455	30.85865335775829
1457286.432160804	0.4496414776203045	60.31945657578165	-169.90757576047022
1482412.0603015076	0.45265614752255473	59.511194356425705	-144.48625594312193
1507537.688442211	0.454122241937552	58.81407162323279	112.34929178839218
1532663.3165829144	0.45442682568621867	58.307701443745664	-114.39077749519222
1557788.9447236182	0.4569135280722321	57.45062890136286	-99.60914400061178
1582914.5728643218	0.4585066799437619	56.84412209191912	161.3731771141043
1608040.201005025	0.46057538097044987	56.191344906308586	-46.83280538537772
1633165.8291457286	0.4617694428773049	55.54819193866724	0.7389656666466632
1658291.4572864324	0.4644881418875819	54.90432345727798	-51.455214057332476
1683417.0854271357	0.46525573783657215	54.38966711129609	161.16189920657527
1708542.7135678392	0.4673901650006071	53.73700714679498	-77.39295600052981
1733668.3417085425	0.4695022152789438	53.26596572766684	-42.38375712083902
1758793.969849246	0.4711775008479795	52.52004810366016	-89.94927291893723
1783919.5979899499	0.47273237337583046	51.90752689790701	143.94059852944963
1809045.2261306534	0.47589360323459967	51.48167349889845	-56.667939968763214
1834170.8542713567	0.4789353043485785	50.744619980961986	32.13461428274253
1859296.4824120603	0.4798284638302984	50.34821237852832	53.82807821183217
1884422.110552764	0.48170656719683846	49.69783939217378	11.885458289936178
1909547.7386934676	0.4846001388676427	49.11512716420802	-89.86816478366227
1934673.3668341709	0.4875302688958863	48.633749525419	111.75144790713021
1959798.9949748742	0.48842136212656473	48.18073140173676	-99.7555512828132
1984924.6231155777	0.4909452319044081	47.675276423771514	-1.5852865323050906
2010050.2512562815	0.49339425201223297	47.15904604620185	49.544357244030444
2035175.879396985	0.49586616683948115	46.62921581822313	56.55940293729444
2060301.5075376884	0.49779811222551285	46.06966014280581	21.82057723090951
2085427.135678392	0.5011371007054439	45.59105731936441	-35.21536582448459
2110552.763819095	0.5041670351598283	45.22311596159524	-119.34000621915233
2135678.391959799	0.5070091945438636	44.610894376472174	123.11696723712515
2160804.0201005023	0.5101969918989194	44.171534719665615	-25.844202385749018
2185929.648241206	0.5106600886786209	43.71816322727724	156.28599933629278
2211055.27638191	0.5143524255228227	43.25949683358611	-48.29345682339583
2236180.9045226136	0.5167196809996008	42.87974349637133	82.32191245642363
2261306.5326633165	0.5171855656755843	42.4344634818551	-169.43022158411785
2286432.16080402	0.5199575484438966	42.06548068841876	-81.74252510221412
2311557.7889447236	0.5229168977036874	41.691687167446	-12.913607229292856
2336683.4170854273	0.5258859605044081	41.249403367463465	39.183283829955975
2361809.045226131	0.5274783459425337	40.76529787545847	76.43523398364412
2386934.6733668344	0.5312149860321562	40.32822475115011	99.95578943660736
2412060.301507538	0.5346910720135675	39.939677528281855	111.75280702454388
2437185.929648241	0.5348608614152311	39.684276323064104	113.13178240156562
2462311.557788945	0.5371795897298701	39.224585897903324	105.87605000525404
2487437.185929648	0.5420005171116551	38.77649639632081	91.03529932598464
2512562.814070352	0.5423624569005709	38.53607166455527	70.08767359040496
2537688.4422110557	0.5453788693143817	38.107914027133646	44.31247590693255
2562814.0703517585	0.5492530467686823	37.68506610735417	14.914162155201607
2587939.6984924623	0.5503083335852995	37.34672971332687	-17.061625851552783
2613065.3266331656	0.5522572062623512	37.07680995259842	-50.09275276541465
2638190.9547738694	0.5569574812961614	36.63541641535312	-83.78220226748773
2663316.582914573	0.5569139779748679	36.42595523911991	-116.55886651573091
2688442.211055277	0.5621390824761291	35.965395237707384	-147.8157712216719
2713567.83919598	0.5620605222649452	35.76118185567498	-176.46846406794157
2738693.467336684	0.564760123945404	35.34145202927811	158.37706083095907
2763819.095477387	0.5672509042438194	35.110784859975965	137.5384978950958
2788944.7236180906	0.5711850172349794	34.712060745289016	121.55752483757728
2814070.3517587944	0.5732251487592769	34.358814361143764	111.44318232111709
2839195.9798994977	0.5741799098795003	34.20274255078061	108.04934657720405
2864321.6080402015	0.5786894499547758	33.75678683424729	111.68394483606423
2889447.2361809043	0.5817238540841605	33.45896340876583	123.09987642203421
2914572.864321608	0.5842587423513641	33.17040536788339	143.05337765707804
2939698.4924623114	0.5849195893894236	32.94519558371729	171.77483661655762
2964824.120603015	0.5877536113775832	32.63884716234215	-149.5041690907629
2989949.748743719	0.591227297167594	32.345201132843656	-101.20702334782125
3015075.376884422	0.5937858850678949	32.066964240760484	-42.16308643543539
3040201.0050251256	0.5939127284912261	31.894270569882273	27.89131340717368
3065326.633165829	0.5970250061451944	31.60364404486496	109.55464406833237
3090452.2613065327	0.5991735428186481	31.302416567304544	-157.1939471602858
3115577.8894472364	0.6040283865105059	30.984174524753428	-51.63337096825195
3140703.51758794	0.604250464478846	30.812490649158853	66.42346567439142
3165829.1457286435	0.6067416804930864	30.471962529263852	-162.4617962192556
3190954.7738693473	0.6078315094323761	30.30983542587631	-17.944293316656093
3216080.40201005	0.6107707090657215	30.0255068766491	139.89518973335626
3241206.030150754	0.6138916417503408	29.801671687389437	-48.474034309347466
3266331.658291457	0.6182868649096331	29.484290860323778	137.4583879586071
3291457.286432161	0.6170563710618566	29.292959214022392	-22.284914334607944
3316582.914572865	0.6210303028746664	29.017865155821337	-167.59282776207232
3341708.5427135676	0.6251232316392438	28.799130778467294	62.08428540819777
3366834.1708542714	0.6277892682650141	28.56172506577305	-53.355040028867094
3391959.7989949747	0.630098993259768	28.327139573414897	-153.67970662066935
3417085.4271356785	0.6297438278367035	28.132338152618896	121.49619883166775
3442211.0552763822	0.6313207417892286	28.003647638532165	51.883088853668234
3467336.683417085	0.6362786909994939	27.69945925053054	-1.8190736955560989
3492462.3115577884	0.6358796412053443	27.56720511721749	-39.82486586266129
3517587.939698492	0.6398688488647797	27.27761457303683	-61.91298890232839
3542713.567839196	0.6411237358978018	27.099773854166834	-68.17494427260893
3567839.1959798997	0.6432471140857571	26.891777419562334	-57.90970226545551
3592964.824120603	0.6461258377186091	26.691845362512208	-31.878810899308416
3618090.452261307	0.6482277977998271	26.454079396465392	10.654763452388297
3643216.0804020106	0.6491113418939535	26.283426478678592	69.4070700956313
3668341.7085427134	0.6551374349769221	26.03094863375002	144.6247562623743
3693467.336683417	0.6561787790190241	25.848418017670067	-123.54734429801678
3718592.9648241205	0.6556758318540128	25.741080404376465	-15.566883820103637
3743718.5929648243	0.657992353209707	25.50603890948886	109.2285738892365
3768844.221105528	0.6630938189779343	25.283265303905136	-109.51625365683138
3793969.849246231	0.6654144474740942	25.113880472937026	48.39282183618381
3819095.477386934	0.6680450188496334	24.923892319326363	-136.91768733901375
3844221.105527638	0.6702621300227969	24.732822029692855	54.20036865097852
3869346.7336683418	0.6723973706400675	24.54661435810291	-97.73124383443438
3894472.3618090455	0.6747798341642522	24.37688733604273	126.83137949352952
3919597.9899497484	0.6743023317479736	24.25296025956928	8.333393250722699
3944723.6180904517	0.6750592001830003	24.134832485248566	-93.73689654942469
3969849.2462311555	0.6810436625419345	23.85801495421685	-179.18825866964588
3994974.8743718592	0.6790351000495716	23.7503146455786	112.10118158652878
4020100.502512563	0.6816241808452027	23.599680301556713	60.158818271247775
4045226.1306532663	0.6846364026720316	23.433800608671845	24.63002318980263
4070351.75879397	0.6874517982113597	23.284767868185323	5.557447757987969
4095477.386934674	0.6888916675992471	23.08643607885429	3.295305357221614
4120603.0150753767	0.6895317396564135	22.97119423109242	17.326944400145788
4145728.64321608	0.6922688462011382	22.80240308299239	47.72843048885201
4170854.271356784	0.6937008974073771	22.65675655274544	94.67245060885772
4195979.899497488	0.6976939680510242	22.464834772721435	157.99583806349708
4221105.52763819	0.6984824445149977	22.31341045208343	-122.3633095997332
4246231.155778894	0.7033217539655078	22.15198303195115	-26.434847401102473
4271356.783919598	0.7055452189900554	22.00065684101704	85.59641716193335
4296482.412060302	0.7038028077888242	21.9140097518835	-146.092491151201
4321608.040201005	0.7064640499368943	21.75955345250655	-1.9596979578225713
4346733.668341708	0.7068058565172084	21.63497228517689	158.3703877009906
4371859.296482412	0.7111436400392105	21.466287849995087	-25.164249607328458
4396984.924623116	0.7106345764636697	21.339941208621237	166.85875297406363
4422110.55276382	0.7170023847728688	21.159836616194966	14.791405574357444
4447236.1809045235	0.71854731731728	21.010275101842176	-121.49113110077734
4472361.809045227	0.7212031941941734	20.873325245296872	117.91611602513038
4497487.437185929	0.720753289234233	20.778607278571673	12.906604890462859
4522613.065326633	0.7225399378046142	20.660598368533954	-76.51966938193358
4547738.693467336	0.7217766402801451	20.575824102333865	-150.41843601061595
4572864.32160804	0.7234858438719896	20.405338179111457	150.94982433026533
4597989.949748743	0.7265588999807195	20.266882147706486	107.8600529696863
4623115.577889447	0.7271022040281166	20.157586333322968	79.68163078830804
4648241.206030151	0.7291234403021873	20.06881768674396	66.87130932203836
4673366.834170855	0.736023429962194	19.853768956850566	69.13775547522741
4698492.462311558	0.7332204077347094	19.77498879820065	86.46351164690184
4723618.090452262	0.7376296355853091	19.645410148212946	118.68497856163404
4748743.718592966	0.7413417839769609	19.481718089754963	165.68907975232472
4773869.346733669	0.7388303411181392	19.428088561583202	-132.46410147583856
4798994.974874373	0.7414195863693733	19.28410151836403	-56.10004707453615
4824120.603015076	0.7417968064457395	19.190225658629277	35.02391717958103
4849246.231155778	0.7433260440211803	19.104179417148604	140.70927855671397
4874371.859296482	0.7489673213527709	18.929692527292953	-99.06047253050247
4899497.487437186	0.7503974749138405	18.825319556663125	35.19445585885776
4924623.11557789	0.7529182381514433	18.687934075133306	-175.91728998065278
4949748.743718593	0.7496018805415763	18.6515512209285	-13.016808967414738
4974874.371859296	0.751621301560775	18.502125529363685	163.88263682841153
5000000.0	0.7567850885570232	18.378347753887393	-5.075349618530363
