0.0	0.8145418043264077	117.70795204063174	-76.80735369080428
25125.628140703517	0.8080185008948177	117.17662936711305	171.95875146262023
50251.25628140703	0.8011642996389701	116.63630402884282	24.212155243446404
75376.88442211055	0.7944320829618677	116.12617555885714	-162.505491749002
100502.51256281407	0.7887357346415882	115.48989469391478	-30.11628098570184
125628.1407035176	0.7819317103186689	115.01709965036336	59.11386732849018
150753.7688442211	0.7762008253710436	114.43422256690167	102.9672051115791
175879.39698492462	0.7694345573461658	113.92344647084927	99.24269689625861
201005.02512562813	0.7628337004084256	113.38200248686232	45.77551011559457
226130.65326633168	0.7571735389546741	112.79769174120744	-59.89308937840662
251256.28140703513	0.7518491660491744	112.20085811317077	139.72926417063564
276381.9095477387	0.7455441433428837	111.67086788645825	-77.27630609591293
301507.5376884422	0.7397382889339028	111.08648409824855	6.323865704042581
326633.1658291457	0.7348416742571658	110.47225248015071	28.35290452093578
351758.7939698493	0.7292648415910526	109.8821608993308	-13.696225031511801
376884.4221105527	0.7248241864786583	109.25059732615667	-122.11039490619949
402010.05025125627	0.7183738116597504	108.73459504855184	60.35512620207546
427135.6783919598	0.7138645495520577	108.1315837190239	171.7137265684637
452261.30653266335	0.708402882574977	107.56210677008265	-150.82104274823632
477386.9346733669	0.7038958329000452	106.92929114929639	170.39338311594736
502512.56281407026	0.6996405743580855	106.3372289647813	52.955097592803575
527638.1909547738	0.6941419735103838	105.72482609151028	-145.42198154876795
552763.8190954772	0.6905907440247684	105.01771963290413	-67.43618491407099
577889.4472361809	0.686541627459226	104.37632802485933	-75.25717997902137
603015.0753768843	0.6818595123104833	103.77382381764214	-171.53850893423296
628140.703517588	0.676755718690054	103.18044142159155	1.5134925265225796
653266.3316582914	0.672577653477363	102.57079216526063	81.53801420894543
678391.9597989948	0.6685803971318941	101.93690601375258	66.39349593195531
703517.5879396984	0.6649924803772229	101.24240867101558	-46.155380029896754
728643.216080402	0.6607839197668836	100.6537771100016	100.8592913856089
753768.8442211054	0.6576356008546619	100.00255476695472	145.94498536294265
778894.4723618089	0.6537545944984956	99.34441602514825	86.25846507136532
804020.1005025125	0.6513187272364982	98.59805877960923	-79.36808873574437
829145.728643216	0.6474349959612674	97.9507413414997	5.354805466157469
854271.3567839196	0.643822074601347	97.3812972202028	-20.54321432123434
879396.984924623	0.6410624857489455	96.79749397183974	-159.7753509618584
904522.6130653265	0.6384390443701533	95.9521914603829	-54.79468249508459
929648.2412060301	0.6348641740780174	95.38810445723591	-67.9582280081496
954773.8693467336	0.6316091037644295	94.81198647265929	156.59665826924277
979899.4974874371	0.629174768557569	93.99295498625818	-102.00255804169778
1005025.1256281405	0.6253583604827941	93.34729642039736	-132.19995154516639
1030150.7537688442	0.6227159133553068	92.45820214692677	56.79791949075086
1055276.3819095476	0.621620179587886	91.72335274627045	101.46089970806307
1080402.0100502511	0.6196312209275298	90.45712220821656	-11.58261230044254
1105527.638190955	0.6169892679995943	89.97823648081291	32.830147755900626
1130653.2663316582	0.6141636588131947	89.59583887755925	8.728732814021525
1155778.8944723618	0.6121090086257732	88.23587054274337	-174.4770327506549
1180904.5226130656	0.6104219800819735	87.70247187356587	-171.09589045720935
1206030.150753769	0.6081513743282213	87.37855307708752	78.32932729978778
1231155.7788944724	0.6068090775356777	87.11568911617314	-96.40508943087329
1256281.407035176	0.6059470447579302	86.89153176742826	38.77835948047984
1281407.0351758793	0.6041064211101587	86.57307247794515	143.1562860791884
1306532.6633165828	0.600584248273572	86.22394258685989	-169.46868256709934
1331658.2914572866	0.5999812888793951	85.53992026716735	122.84605602757401
1356783.91959799	0.597777951997648	84.48009155334746	-124.2551963131122
1381909.5477386934	0.5958117385230391	83.814379264631	164.4899102443611
1407035.1758793972	0.5965109556686002	83.38447898413843	-2.667545247746395
1432160.8040201007	0.5939018649704978	82.601914878522	47.26702423996069
1457286.432160804	0.5939831945196604	81.96463323870273	-33.858303088526675
1482412.0603015076	0.5920895738617186	81.34746354218976	106.85712640293451
1507537.688442211	0.5918542622577604	80.5752081987655	120.82326677236735
1532663.3165829144	0.5890606921287789	80.03527378011891	2.044827748381201
1557788.9447236182	0.5889521904999399	79.41336926243102	110.74847097102402
1582914.5728643218	0.5877350574449296	78.69417969885146	88.85744052011087
1608040.201005025	0.5876719100781694	78.04366282334087	-61.985023413194966
1633165.8291457286	0.5857174903825592	77.4497369819755	17.92812591051352
1658291.4572864324	0.5862909013978419	76.77784815457649	-30.520866615969272
1683417.0854271357	0.5868213540421887	76.0985275777844	153.83583210523963
1708542.7135678392	0.5859237860233237	75.49793226255007	-147.4848438468362
1733668.3417085425	0.5850625237082419	74.86716193122275	146.14756138246284
1758793.969849246	0.5847947271935765	74.28703906329469	-43.81034876205317
1783919.5979899499	0.5843302880247279	73.63106596152168	3.7752849688768833
1809045.2261306534	0.5836468552826071	73.12857111114567	-69.633063357269
1834170.8542713567	0.5844331615821524	72.37714487191577	97.07541383322899
1859296.4824120603	0.5827078704278882	71.81660189462876	145.72734727967102
1884422.110552764	0.5835969543134839	71.18803958398979	77.7115388246473
1909547.7386934676	0.582785112647118	70.62234361256694	-105.41802498788878
1934673.3668341709	0.5834876816368576	70.02146528187694	-42.081289397248725
1959798.9949748742	0.5846181425297136	69.38902089159627	-90.70859940901882
1984924.6231155777	0.5845958199919462	68.84690076727625	110.45235894802994
2010050.2512562815	0.585085881217742	68.29913486411128	-156.7483837883179
2035175.879396985	0.5837252276631437	67.67395392123886	-170.58317828482177
2060301.5075376884	0.5852791463786708	67.08132950927015	70.56775175012744
2085427.135678392	0.5857201019177355	66.61101163660632	-151.41871339174492
2110552.763819095	0.5861139096609269	65.93781813801826	-114.50624031711737
2135678.391959799	0.5864012575957566	65.48256329029421	-177.21953437402092
2160804.0201005023	0.5876270297837115	64.81526418808538	22.617055743159657
2185929.648241206	0.5875808193143285	64.27160006588511	126.69207629916582
2211055.27638191	0.5881564815184609	63.863799701260994	137.216461852949
2236180.9045226136	0.5887911645006572	63.21054823045286	55.59451055270127
2261306.5326633165	0.5901038762433861	62.730881775896236	-115.80364461833227
2286432.16080402	0.5910064122604434	62.227291119810694	-15.199459246638076
2311557.7889447236	0.5909968581370763	61.736803065735494	-0.812373402541638
2336683.4170854273	0.5932234949298834	61.11821095146236	-70.691815857612
2361809.045226131	0.5928408171551156	60.61763953863625	136.89284746578267
2386934.6733668344	0.5948164067431733	60.03899924768154	-95.60245504185062
2412060.301507538	0.5954620059412067	59.53476921992575	-46.90070895283901
2437185.929648241	0.5965795692251821	59.06082389588667	-74.8827687800379
2462311.557788945	0.5966796089504928	58.608188014298975	-177.6654678793338
2487437.185929648	0.59808946481439	58.15394122590833	6.6799801394352425
2512562.814070352	0.5995920103954819	57.62610467175203	119.90814222118522
2537688.4422110557	0.6005973155829742	57.09797821149402	163.5535699407683
2562814.0703517585	0.6029197542791308	56.56915985150235	139.9113561287538
2587939.6984924623	0.6015313192214061	56.19389591247008	50.48332647311522
2613065.3266331656	0.6023108433269978	55.71278041007097	-103.03228594421479
2638190.9547738694	0.6058341516605859	55.20649896575171	41.197184588258466
2663316.582914573	0.6062949781193425	54.72826047203057	124.72395907224542
2688442.211055277	0.606809336937665	54.44591158643939	149.65618427865982
2713567.83919598	0.609678725610323	53.839193387720826	117.1893143110457
2738693.467336684	0.6105918206816031	53.4707016650733	29.206517348271667
2763819.095477387	0.6122771850858864	52.937675079819364	-112.61534866412926
2788944.7236180906	0.6134274050846251	52.51887143764345	52.95315833900112
2814070.3517587944	0.6157560042416336	52.07526331754146	167.85208802565236
2839195.9798994977	0.6144087295679495	51.695963879811856	-126.43085783699884
2864321.6080402015	0.6180467631734788	51.25683937951317	-108.66804435943237
2889447.2361809043	0.6175229911144318	50.95859531246602	-137.1368743626663
2914572.864321608	0.6202705767953131	50.49506678473637	149.4645417871746
2939698.4924623114	0.6215001158846658	50.02863183092757	32.49671402836731
2964824.120603015	0.6226765012596641	49.713787024858014	-126.16366428059436
2989949.748743719	0.6257990309995148	49.22398751600645	34.16002140120994
3015075.376884422	0.6267747253185506	48.808153400856376	155.22619272332315
3040201.0050251256	0.6263650453718836	48.533468088079424	-121.76470972168504
3065326.633165829	0.6285145521825787	48.15637837027796	-75.25409007375757
3090452.2613065327	0.6292593172066496	47.75890581676998	-64.5031451148474
3115577.8894472364	0.6329611827422091	47.31801604985442	-88.10444050001217
3140703.51758794	0.6344937402754995	46.89750907796758	-144.75151989686205
3165829.1457286435	0.6345532707928576	46.6700317831193	126.53310756102269
3190954.7738693473	0.6367690355677426	46.23282019792303	7.346368877576851
3216080.40201005	0.6371531089375368	45.888616362540695	-141.68833021064475
3241206.030150754	0.6384644395462277	45.523253088705815	40.459991692655954
3266331.658291457	0.6404722102631931	45.25585404599171	-164.6706422177899
3291457.286432161	0.6414246566706369	44.83295825887547	-36.43152567725303
3316582.914572865	0.6436948969974162	44.468289108407944	66.42090346492498
3341708.5427135676	0.6456813224607596	44.200054071126836	144.60177369009924
3366834.1708542714	0.6496599777407742	43.7285897047938	-160.6787819326354
3391959.7989949747	0.6511016924806934	43.395870001985415	-128.54988678453927
3417085.4271356785	0.6502509069324984	43.11826974196998	-118.29816904306774
3442211.0552763822	0.6523421701791424	42.87277077816817	-128.6257879723316
3467336.683417085	0.6566396987062567	42.42410296432915	-159.20498959337672
3492462.3115577884	0.65671370284005	42.15508888855553	151.34051359789936
3517587.939698492	0.6594064023949835	41.78972208114599	83.25102358368035
3542713.567839196	0.6606120400362729	41.506413027231716	-2.1609534997246618
3567839.1959798997	0.6620099654026109	41.2133065915398	-104.3550316134937
3592964.824120603	0.6619607073124616	40.93774442352035	137.45871893460264
3618090.452261307	0.6655213844885473	40.59304730915833	4.049540428980947
3643216.0804020106	0.6654062053387252	40.3318232787737	-144.00029009825366
3668341.7085427134	0.6672990927889298	40.046214439632195	54.04162227611671
3693467.336683417	0.6688772138626962	39.791778926188776	-120.66298107911946
3718592.9648241205	0.670146744278349	39.45923041085557	51.74863542147296
3743718.5929648243	0.6724994357668734	39.18852684210532	-147.8102520563835
3768844.221105528	0.6760945092555725	38.845783216983634	1.7036763163176116
3793969.849246231	0.6774396373736165	38.56383360785168	140.13427904777657
3819095.477386934	0.6772165267316899	38.33132481011094	-91.22710911702109
3844221.105527638	0.6789887284374357	38.139099662769574	27.766275105278055
3869346.7336683418	0.6815982349576895	37.785200541370486	137.65068881391593
3894472.3618090455	0.6857120386893654	37.469124006743925	-120.65109308638216
3919597.9899497484	0.6834505653813225	37.28712274518078	-27.06427875757455
3944723.6180904517	0.6859741700179272	37.00061443956301	59.08123862191991
3969849.2462311555	0.6871077303747424	36.80016461859026	138.22939665386548
3994974.8743718592	0.6920017174035245	36.43207630537461	-149.280281808527
4020100.502512563	0.6932880593707704	36.20042869364254	-82.7195724060388
4045226.1306532663	0.6927266690051312	36.046771512950414	-21.546780383535516
4070351.75879397	0.6937793091573835	35.83496897314214	34.10451185740199
4095477.386934674	0.6954434572895966	35.57363009849369	85.1604207238748
4120603.0150753767	0.6981446564786883	35.27677734895482	131.9512891655989
4145728.64321608	0.701321440629199	34.9616967696936	174.63013274988003
4170854.271356784	0.7025654159729255	34.73646784872941	-146.29844845468858
4195979.899497488	0.7021132587034076	34.55620756800612	-110.52984886673977
4221105.52763819	0.7037893887474133	34.309043961317315	-77.5438706243673
4246231.155778894	0.7089574071442357	34.02312465228294	-47.23679699963735
4271356.783919598	0.7101353558396356	33.84088100600303	-18.900524868184423
4296482.412060302	0.7087282032290798	33.7182129801225	7.313065469467801
4321608.040201005	0.7144345694499872	33.33776904133138	31.966550636052784
4346733.668341708	0.7154457351351367	33.16052155284247	55.43865288656826
4371859.296482412	0.7146578207152995	32.952844994808245	77.97868628159806
4396984.924623116	0.7154533302958508	32.75439831678267	99.57252875027767
4422110.55276382	0.720792145503406	32.47206944693744	120.94281906965487
4447236.1809045235	0.7184851064809438	32.371659424654325	142.1665240386261
4472361.809045227	0.7199461421749233	32.14052854872162	163.38827249103926
4497487.437185929	0.7235665577224393	31.872620532283243	-175.04379724911036
4522613.065326633	0.7279120200998987	31.628103655196583	-153.00047058207912
4547738.693467336	0.7290385704905228	31.430634112704226	-130.1693545071373
4572864.32160804	0.7280537082635884	31.298913415671375	-106.02741800438645
4597989.949748743	0.7283587426375606	31.12470190133762	-80.9470269498335
4623115.577889447	0.729472293159663	30.913726475717585	-54.451952852021215
4648241.206030151	0.734712557231149	30.66075471963339	-26.35204235968107
4673366.834170855	0.7340555152544195	30.505549092105237	3.622619658345031
4698492.462311558	0.735630438504486	30.356156522412906	35.86934689803932
4723618.090452262	0.7405003862940873	30.078660799020497	70.12342410815761
4748743.718592966	0.7410271832340511	29.89452932149557	106.77878346888362
4773869.346733669	0.7437858888051143	29.692901669691867	145.77406422247665
4798994.974874373	0.741335566268553	29.59364936230405	-172.30864411736425
4824120.603015076	0.7422563889591143	29.409440049431954	-127.54735063594241
4849246.231155778	0.7487860018368756	29.139786984898503	-79.82078113227041
4874371.859296482	0.745962040535279	29.027412244934098	-28.86873467819255
4899497.487437186	0.7507279606792066	28.817562497291085	25.148135329433565
4924623.11557789	0.7508764383792373	28.655364209925516	82.72056011169012
4949748.743718593	0.7499088227151965	28.497686672435822	144.035401318333
4974874.371859296	0.7550179275071122	28.272851259859536	-151.08316954528243
5000000.0	0.7539448979524743	28.15001848523751	-82.3752564450645
